# solution 1
# n=21 sym=dia1 status=verified source=flammenkamp_cache/n21_dia1
# code=/5C9F4G8B2504FGAI3J1A793I0CHJEK1626DK7B8DEH
0 5
0 12
1 9
1 15
2 4
2 16
3 8
3 11
4 2
4 5
5 0
5 4
6 15
6 16
7 10
7 18
8 3
8 19
9 1
9 10
10 7
10 9
11 3
11 18
12 0
12 12
13 17
13 19
14 14
14 20
15 1
15 6
16 2
16 6
17 13
17 20
18 7
18 11
19 8
19 13
20 14
20 17

# solution 2
# n=21 sym=dia1 status=verified source=flammenkamp_cache/n21_dia1
# code=/0E7E4BHK26DG461AIKAD792IFJ5901CJ5H3G8BCF38
0 0
0 14
1 7
1 14
2 4
2 11
3 17
3 20
4 2
4 6
5 13
5 16
6 4
6 6
7 1
7 10
8 18
8 20
9 10
9 13
10 7
10 9
11 2
11 18
12 15
12 19
13 5
13 9
14 0
14 1
15 12
15 19
16 5
16 17
17 3
17 16
18 8
18 11
19 12
19 15
20 3
20 8

# solution 3
# n=21 sym=dia1 status=verified source=flammenkamp_cache/n21_dia1
# code=/8F1G4ADH26894KEI055A29HICF3J7J0C1K3B7BDE6G
0 8
0 15
1 1
1 16
2 4
2 10
3 13
3 17
4 2
4 6
5 8
5 9
6 4
6 20
7 14
7 18
8 0
8 5
9 5
9 10
10 2
10 9
11 17
11 18
12 12
12 15
13 3
13 19
14 7
14 19
15 0
15 12
16 1
16 20
17 3
17 11
18 7
18 11
19 13
19 14
20 6
20 16

# solution 4
# n=21 sym=dia1 status=verified source=flammenkamp_cache/n21_dia1
# code=/4G9ACK9H054JBDGKAD13186I2E68CHFJ073EBI5F27
0 4
0 16
1 9
1 10
2 12
2 20
3 9
3 17
4 0
4 5
5 4
5 19
6 11
6 13
7 16
7 20
8 10
8 13
9 1
9 3
10 1
10 8
11 6
11 18
12 2
12 14
13 6
13 8
14 12
14 17
15 15
15 19
16 0
16 7
17 3
17 14
18 11
18 18
19 5
19 15
20 2
20 7

# solution 5
# n=21 sym=dia1 status=verified source=flammenkamp_cache/n21_dia1
# code=/6G8F5HEI9KFJ2H179A460CCG3J1DBK4I5B380E7D2A
0 6
0 16
1 8
1 15
2 5
2 17
3 14
3 18
4 9
4 20
5 15
5 19
6 2
6 17
7 1
7 7
8 9
8 10
9 4
9 6
10 0
10 12
11 12
11 16
12 3
12 19
13 1
13 13
14 11
14 20
15 4
15 18
16 5
16 11
17 3
17 8
18 0
18 14
19 7
19 13
20 2
20 10

# solution 6
# n=21 sym=dia1 status=verified source=flammenkamp_cache/n21_dia1
# code=/6E9BBIEJ454A0KCI8K1F5D127JAG039HDHFG273C68
0 6
0 14
1 9
1 11
2 11
2 18
3 14
3 19
4 4
4 5
5 4
5 10
6 0
6 20
7 12
7 18
8 8
8 20
9 1
9 15
10 5
10 13
11 1
11 2
12 7
12 19
13 10
13 16
14 0
14 3
15 9
15 17
16 13
16 17
17 15
17 16
18 2
18 7
19 3
19 12
20 6
20 8

# solution 7
# n=21 sym=dia1 status=verified source=flammenkamp_cache/n21_dia1
# code=/9FACIJEG46794I5K8K051DFJ1DAC3H0B3HEG262B78
0 9
0 15
1 10
1 12
2 18
2 19
3 14
3 16
4 4
4 6
5 7
5 9
6 4
6 18
7 5
7 20
8 8
8 20
9 0
9 5
10 1
10 13
11 15
11 19
12 1
12 13
13 10
13 12
14 3
14 17
15 0
15 11
16 3
16 17
17 14
17 16
18 2
18 6
19 2
19 11
20 7
20 8

# solution 8
# n=21 sym=dia1 status=verified source=flammenkamp_cache/n21_dia1
# code=/8B6DBHFI584A1AFH04GJ5602EI1GCK379D273C9KEJ
0 8
0 11
1 6
1 13
2 11
2 17
3 15
3 18
4 5
4 8
5 4
5 10
6 1
6 10
7 15
7 17
8 0
8 4
9 16
9 19
10 5
10 6
11 0
11 2
12 14
12 18
13 1
13 16
14 12
14 20
15 3
15 7
16 9
16 13
17 2
17 7
18 3
18 12
19 9
19 20
20 14
20 19

# solution 9
# n=21 sym=dia1 status=verified source=flammenkamp_cache/n21_dia1
# code=/3D588C0D4F165HJK129CFJHK2903GI4AEI6BEG7A7B
0 3
0 13
1 5
1 8
2 8
2 12
3 0
3 13
4 4
4 15
5 1
5 6
6 5
6 17
7 19
7 20
8 1
8 2
9 9
9 12
10 15
10 19
11 17
11 20
12 2
12 9
13 0
13 3
14 16
14 18
15 4
15 10
16 14
16 18
17 6
17 11
18 14
18 16
19 7
19 10
20 7
20 11

# solution 10
# n=21 sym=dia1 status=verified source=flammenkamp_cache/n21_dia1
# code=/8KAD5H9I562A4DEJ0139FJBH8K124GGI6E0B7F7C3C
0 8
0 20
1 10
1 13
2 5
2 17
3 9
3 18
4 5
4 6
5 2
5 10
6 4
6 13
7 14
7 19
8 0
8 1
9 3
9 9
10 15
10 19
11 11
11 17
12 8
12 20
13 1
13 2
14 4
14 16
15 16
15 18
16 6
16 14
17 0
17 11
18 7
18 15
19 7
19 12
20 3
20 12

# solution 11
# n=21 sym=dia1 status=verified source=flammenkamp_cache/n21_dia1
# code=/35CE4AFH8AFH3J179J01GI0C7G8D242K6IEK56BD9B
0 3
0 5
1 12
1 14
2 4
2 10
3 15
3 17
4 8
4 10
5 15
5 17
6 3
6 19
7 1
7 7
8 9
8 19
9 0
9 1
10 16
10 18
11 0
11 12
12 7
12 16
13 8
13 13
14 2
14 4
15 2
15 20
16 6
16 18
17 14
17 20
18 5
18 6
19 11
19 13
20 9
20 11

# solution 12
# n=21 sym=dia1 status=verified source=flammenkamp_cache/n21_dia1
# code=/4IBE8K8BDG170J4G79HJ033CHICF2516DK9A265FAE
0 4
0 18
1 11
1 14
2 8
2 20
3 8
3 11
4 13
4 16
5 1
5 7
6 0
6 19
7 4
7 16
8 7
8 9
9 17
9 19
10 0
10 3
11 3
11 12
12 17
12 18
13 12
13 15
14 2
14 5
15 1
15 6
16 13
16 20
17 9
17 10
18 2
18 6
19 5
19 15
20 10
20 14

# solution 13
# n=21 sym=dia1 status=verified source=flammenkamp_cache/n21_dia1
# code=/9D4FAI9E23FJDHEK28560IHK7C580B7B1J1GCG346A
0 9
0 13
1 4
1 15
2 10
2 18
3 9
3 14
4 2
4 3
5 15
5 19
6 13
6 17
7 14
7 20
8 2
8 8
9 5
9 6
10 0
10 18
11 17
11 20
12 7
12 12
13 5
13 8
14 0
14 11
15 7
15 11
16 1
16 19
17 1
17 16
18 12
18 16
19 3
19 4
20 6
20 10

