# solution 1
# n=22 sym=rot4 status=verified source=flammenkamp_cache/n22_rot4
# code=oDF89FH792G4702GI0KIKABAB131L35JLEH5JCE46CD68
0 13
0 15
1 8
1 9
2 15
2 17
3 7
3 9
4 2
4 16
5 4
5 7
6 0
6 2
7 16
7 18
8 0
8 20
9 18
9 20
10 10
10 11
11 10
11 11
12 1
12 3
13 1
13 21
14 3
14 5
15 19
15 21
16 14
16 17
17 5
17 19
18 12
18 14
19 4
19 6
20 12
20 13
21 6
21 8

# solution 2
# n=22 sym=rot4 status=verified source=flammenkamp_cache/n22_rot4
# code=o5D89FH3I2E6L2G4A0KAKCE791B1LBH5J0F7J3I46CD8G
0 5
0 13
1 8
1 9
2 15
2 17
3 3
3 18
4 2
4 14
5 6
5 21
6 2
6 16
7 4
7 10
8 0
8 20
9 10
9 20
10 12
10 14
11 7
11 9
12 1
12 11
13 1
13 21
14 11
14 17
15 5
15 19
16 0
16 15
17 7
17 19
18 3
18 18
19 4
19 6
20 12
20 13
21 8
21 16

# solution 3
# n=22 sym=rot4 status=verified source=flammenkamp_cache/n22_rot4
# code=o8B695F3IDEEJ2K454LAK0C9L1B0HGH1J27783I6GCFAD
0 8
0 11
1 6
1 9
2 5
2 15
3 3
3 18
4 13
4 14
5 14
5 19
6 2
6 20
7 4
7 5
8 4
8 21
9 10
9 20
10 0
10 12
11 9
11 21
12 1
12 11
13 0
13 17
14 16
14 17
15 1
15 19
16 2
16 7
17 7
17 8
18 3
18 18
19 6
19 16
20 12
20 15
21 10
21 13

# solution 4
# n=22 sym=rot4 status=verified source=flammenkamp_cache/n22_rot4
# code=o9G6CDI25BE0IEK462A1L4D8H0KBJFH173L7AGJ389F5C
0 9
0 16
1 6
1 12
2 13
2 18
3 2
3 5
4 11
4 14
5 0
5 18
6 14
6 20
7 4
7 6
8 2
8 10
9 1
9 21
10 4
10 13
11 8
11 17
12 0
12 20
13 11
13 19
14 15
14 17
15 1
15 7
16 3
16 21
17 7
17 10
18 16
18 19
19 3
19 8
20 9
20 15
21 5
21 12

# solution 5
# n=22 sym=rot4 status=verified source=flammenkamp_cache/n22_rot4
# code=o8JAD0646EI9BIJ491LEG5K1G570KCH23AC37FHFL8B2D
0 8
0 19
1 10
1 13
2 0
2 6
3 4
3 6
4 14
4 18
5 9
5 11
6 18
6 19
7 4
7 9
8 1
8 21
9 14
9 16
10 5
10 20
11 1
11 16
12 5
12 7
13 0
13 20
14 12
14 17
15 2
15 3
16 10
16 12
17 3
17 7
18 15
18 17
19 15
19 21
20 8
20 11
21 2
21 13

# solution 6
# n=22 sym=rot4 status=verified source=flammenkamp_cache/n22_rot4
# code=o8G8B5F7CBF0J249IKL3E14HK7I013CHJ2L6A9E6GAD5D
0 8
0 16
1 8
1 11
2 5
2 15
3 7
3 12
4 11
4 15
5 0
5 19
6 2
6 4
7 9
7 18
8 20
8 21
9 3
9 14
10 1
10 4
11 17
11 20
12 7
12 18
13 0
13 1
14 3
14 12
15 17
15 19
16 2
16 21
17 6
17 10
18 9
18 14
19 6
19 16
20 10
20 13
21 5
21 13

# solution 7
# n=22 sym=rot4 status=verified source=flammenkamp_cache/n22_rot4
# code=o8B595F3IAEJK2849FLEK0H4L1706CHDJ127B3I6GCGAD
0 8
0 11
1 5
1 9
2 5
2 15
3 3
3 18
4 10
4 14
5 19
5 20
6 2
6 8
7 4
7 9
8 15
8 21
9 14
9 20
10 0
10 17
11 4
11 21
12 1
12 7
13 0
13 6
14 12
14 17
15 13
15 19
16 1
16 2
17 7
17 11
18 3
18 18
19 6
19 16
20 12
20 16
21 10
21 13

# solution 8
# n=22 sym=rot4 status=verified source=flammenkamp_cache/n22_rot4
# code=oFG8B45BE8J0J0939HKEF13IK6714CICL2L2D7AGHAD56
0 15
0 16
1 8
1 11
2 4
2 5
3 11
3 14
4 8
4 19
5 0
5 19
6 0
6 9
7 3
7 9
8 17
8 20
9 14
9 15
10 1
10 3
11 18
11 20
12 6
12 7
13 1
13 4
14 12
14 18
15 12
15 21
16 2
16 21
17 2
17 13
18 7
18 10
19 16
19 17
20 10
20 13
21 5
21 6

