# solution 1
# n=22 sym=dia1 status=verified source=flammenkamp_cache/n22_dia1
# code=/9CBHFJ8A3K26CJ1316FLAKBI7L0I09DG4525EH4GDE78
0 9
0 12
1 11
1 17
2 15
2 19
3 8
3 10
4 3
4 20
5 2
5 6
6 12
6 19
7 1
7 3
8 1
8 6
9 15
9 21
10 10
10 20
11 11
11 18
12 7
12 21
13 0
13 18
14 0
14 9
15 13
15 16
16 4
16 5
17 2
17 5
18 14
18 17
19 4
19 16
20 13
20 14
21 7
21 8

# solution 2
# n=22 sym=dia1 status=verified source=flammenkamp_cache/n22_dia1
# code=/CEBH67EGAK2I47IL024LAKBH5839FJ0J59CF18DG136D
0 12
0 14
1 11
1 17
2 6
2 7
3 14
3 16
4 10
4 20
5 2
5 18
6 4
6 7
7 18
7 21
8 0
8 2
9 4
9 21
10 10
10 20
11 11
11 17
12 5
12 8
13 3
13 9
14 15
14 19
15 0
15 19
16 5
16 9
17 12
17 15
18 1
18 8
19 13
19 16
20 1
20 3
21 6
21 13

# solution 3
# n=22 sym=dia1 status=verified source=flammenkamp_cache/n22_dia1
# code=/35DE890IGI0D6BKL2G2A9J6CBL151KFH48FJ34AH7E7C
0 3
0 5
1 13
1 14
2 8
2 9
3 0
3 18
4 16
4 18
5 0
5 13
6 6
6 11
7 20
7 21
8 2
8 16
9 2
9 10
10 9
10 19
11 6
11 12
12 11
12 21
13 1
13 5
14 1
14 20
15 15
15 17
16 4
16 8
17 15
17 19
18 3
18 4
19 10
19 17
20 7
20 14
21 7
21 12

# solution 4
# n=22 sym=dia1 status=verified source=flammenkamp_cache/n22_dia1
# code=/BG7G4D46237J3F15EIJLAF0CBH2K8L6A01CK8I59DH9E
0 11
0 16
1 7
1 16
2 4
2 13
3 4
3 6
4 2
4 3
5 7
5 19
6 3
6 15
7 1
7 5
8 14
8 18
9 19
9 21
10 10
10 15
11 0
11 12
12 11
12 17
13 2
13 20
14 8
14 21
15 6
15 10
16 0
16 1
17 12
17 20
18 8
18 18
19 5
19 9
20 13
20 17
21 9
21 14

# solution 5
# n=22 sym=dia1 status=verified source=flammenkamp_cache/n22_dia1
# code=/7KCL8G3538FJFG1A16AK67CE02HJBLBD0I24HI49DE59
0 7
0 20
1 12
1 21
2 8
2 16
3 3
3 5
4 3
4 8
5 15
5 19
6 15
6 16
7 1
7 10
8 1
8 6
9 10
9 20
10 6
10 7
11 12
11 14
12 0
12 2
13 17
13 19
14 11
14 21
15 11
15 13
16 0
16 18
17 2
17 4
18 17
18 18
19 4
19 9
20 13
20 14
21 5
21 9

# solution 6
# n=22 sym=dia1 status=verified source=flammenkamp_cache/n22_dia1
# code=/EH6B693EAL1D4FIL1G4A0KCH9J0525JK78CF2I37DG8B
0 14
0 17
1 6
1 11
2 6
2 9
3 3
3 14
4 10
4 21
5 1
5 13
6 4
6 15
7 18
7 21
8 1
8 16
9 4
9 10
10 0
10 20
11 12
11 17
12 9
12 19
13 0
13 5
14 2
14 5
15 19
15 20
16 7
16 8
17 12
17 15
18 2
18 18
19 3
19 7
20 13
20 16
21 8
21 11

# solution 7
# n=22 sym=dia1 status=verified source=flammenkamp_cache/n22_dia1
# code=/8E4A473IBF9FGH3L127A2HCK0G0LCJ5616JKEIBD5D89
0 8
0 14
1 4
1 10
2 4
2 7
3 3
3 18
4 11
4 15
5 9
5 15
6 16
6 17
7 3
7 21
8 1
8 2
9 7
9 10
10 2
10 17
11 12
11 20
12 0
12 16
13 0
13 21
14 12
14 19
15 5
15 6
16 1
16 6
17 19
17 20
18 14
18 18
19 11
19 13
20 5
20 13
21 8
21 9

# solution 8
# n=22 sym=dia1 status=verified source=flammenkamp_cache/n22_dia1
# code=/4JFG78BK04AG7C262HKL5A3D6FBLHI1C158EEJ0I399D
0 4
0 19
1 15
1 16
2 7
2 8
3 11
3 20
4 0
4 4
5 10
5 16
6 7
6 12
7 2
7 6
8 2
8 17
9 20
9 21
10 5
10 10
11 3
11 13
12 6
12 15
13 11
13 21
14 17
14 18
15 1
15 12
16 1
16 5
17 8
17 14
18 14
18 19
19 0
19 18
20 3
20 9
21 9
21 13

# solution 9
# n=22 sym=dia1 status=verified source=flammenkamp_cache/n22_dia1
# code=/8C595JEFAF127L6G0L1G4ADK0IBK3I3479HJCE2HBD68
0 8
0 12
1 5
1 9
2 5
2 19
3 14
3 15
4 10
4 15
5 1
5 2
6 7
6 21
7 6
7 16
8 0
8 21
9 1
9 16
10 4
10 10
11 13
11 20
12 0
12 18
13 11
13 20
14 3
14 18
15 3
15 4
16 7
16 9
17 17
17 19
18 12
18 14
19 2
19 17
20 11
20 13
21 6
21 8

# solution 10
# n=22 sym=dia1 status=verified source=flammenkamp_cache/n22_dia1
# code=/672C17BGDG6H0502HI9KDE3L1J4AAEJL34588KCF9IBF
0 6
0 7
1 2
1 12
2 1
2 7
3 11
3 16
4 13
4 16
5 6
5 17
6 0
6 5
7 0
7 2
8 17
8 18
9 9
9 20
10 13
10 14
11 3
11 21
12 1
12 19
13 4
13 10
14 10
14 14
15 19
15 21
16 3
16 4
17 5
17 8
18 8
18 20
19 12
19 15
20 9
20 18
21 11
21 15

# solution 11
# n=22 sym=dia1 status=verified source=flammenkamp_cache/n22_dia1
# code=/8A5DFH463C1G3IDG0AIK08FL4J17EL2B572H69CK9JBE
0 8
0 10
1 5
1 13
2 15
2 17
3 4
3 6
4 3
4 12
5 1
5 16
6 3
6 18
7 13
7 16
8 0
8 10
9 18
9 20
10 0
10 8
11 15
11 21
12 4
12 19
13 1
13 7
14 14
14 21
15 2
15 11
16 5
16 7
17 2
17 17
18 6
18 9
19 12
19 20
20 9
20 19
21 11
21 14

# solution 12
# n=22 sym=dia1 status=verified source=flammenkamp_cache/n22_dia1
# code=/CH6A4H19JL4G3A0E391L06FKDI2758BK27GJDF58CIBE
0 12
0 17
1 6
1 10
2 4
2 17
3 1
3 9
4 19
4 21
5 4
5 16
6 3
6 10
7 0
7 14
8 3
8 9
9 1
9 21
10 0
10 6
11 15
11 20
12 13
12 18
13 2
13 7
14 5
14 8
15 11
15 20
16 2
16 7
17 16
17 19
18 13
18 15
19 5
19 8
20 12
20 18
21 11
21 14

# solution 13
# n=22 sym=dia1 status=verified source=flammenkamp_cache/n22_dia1
# code=/088G3B2KAF7BIK5I01DL4A25HL9EDH4J1JCE67FG369C
0 0
0 8
1 8
1 16
2 3
2 11
3 2
3 20
4 10
4 15
5 7
5 11
6 18
6 20
7 5
7 18
8 0
8 1
9 13
9 21
10 4
10 10
11 2
11 5
12 17
12 21
13 9
13 14
14 13
14 17
15 4
15 19
16 1
16 19
17 12
17 14
18 6
18 7
19 15
19 16
20 3
20 6
21 9
21 12

# solution 14
# n=22 sym=dia1 status=verified source=flammenkamp_cache/n22_dia1
# code=/BC5G3J2JBG18KL9C5F79EK0407ILAE8H14FIDH236A6D
0 11
0 12
1 5
1 16
2 3
2 19
3 2
3 19
4 11
4 16
5 1
5 8
6 20
6 21
7 9
7 12
8 5
8 15
9 7
9 9
10 14
10 20
11 0
11 4
12 0
12 7
13 18
13 21
14 10
14 14
15 8
15 17
16 1
16 4
17 15
17 18
18 13
18 17
19 2
19 3
20 6
20 10
21 6
21 13

# solution 15
# n=22 sym=dia1 status=verified source=flammenkamp_cache/n22_dia1
# code=/9F6A28DHHLDI176A2E0J17IJEF358C0CKL345B9BGK4G
0 9
0 15
1 6
1 10
2 2
2 8
3 13
3 17
4 17
4 21
5 13
5 18
6 1
6 7
7 6
7 10
8 2
8 14
9 0
9 19
10 1
10 7
11 18
11 19
12 14
12 15
13 3
13 5
14 8
14 12
15 0
15 12
16 20
16 21
17 3
17 4
18 5
18 11
19 9
19 11
20 16
20 20
21 4
21 16

# solution 16
# n=22 sym=dia1 status=verified source=flammenkamp_cache/n22_dia1
# code=/HIBC3E7L9L4E03GJ685K1K015H8D6I7D9C2GFJ24ABAF
0 17
0 18
1 11
1 12
2 3
2 14
3 7
3 21
4 9
4 21
5 4
5 14
6 0
6 3
7 16
7 19
8 6
8 8
9 5
9 20
10 1
10 20
11 0
11 1
12 5
12 17
13 8
13 13
14 6
14 18
15 7
15 13
16 9
16 12
17 2
17 16
18 15
18 19
19 2
19 4
20 10
20 11
21 10
21 15

# solution 17
# n=22 sym=dia1 status=verified source=flammenkamp_cache/n22_dia1
# code=/6BABHJ265J9C8E3F284GKL1K1GDF57IL7H0C0EDI9A34
0 6
0 11
1 10
1 11
2 17
2 19
3 2
3 6
4 5
4 19
5 9
5 12
6 8
6 14
7 3
7 15
8 2
8 8
9 4
9 16
10 20
10 21
11 1
11 20
12 1
12 16
13 13
13 15
14 5
14 7
15 18
15 21
16 7
16 17
17 0
17 12
18 0
18 14
19 13
19 18
20 9
20 10
21 3
21 4

# solution 18
# n=22 sym=dia1 status=verified source=flammenkamp_cache/n22_dia1
# code=/BE8E8L343D7HAJ5H129A690LIJ4G01IKDK57CF6CFG2B
0 11
0 14
1 8
1 14
2 8
2 21
3 3
3 4
4 3
4 13
5 7
5 17
6 10
6 19
7 5
7 17
8 1
8 2
9 9
9 10
10 6
10 9
11 0
11 21
12 18
12 19
13 4
13 16
14 0
14 1
15 18
15 20
16 13
16 20
17 5
17 7
18 12
18 15
19 6
19 12
20 15
20 16
21 2
21 11

