# solution 1
# n=23 sym=dia1 status=verified source=flammenkamp_cache/n23_dia1
# code=/6D48GJ2KCD9H4K2C59IMFI7B03EH1L5B0M7EGL1AFJ386A
0 6
0 13
1 4
1 8
2 16
2 19
3 2
3 20
4 12
4 13
5 9
5 17
6 4
6 20
7 2
7 12
8 5
8 9
9 18
9 22
10 15
10 18
11 7
11 11
12 0
12 3
13 14
13 17
14 1
14 21
15 5
15 11
16 0
16 22
17 7
17 14
18 16
18 21
19 1
19 10
20 15
20 19
21 3
21 8
22 6
22 10

# solution 2
# n=23 sym=dia1 status=verified source=flammenkamp_cache/n23_dia1
# code=/AC5H6HACGJ1G2K799J7803BL03ILFMEM4512DK486IBDEF
0 10
0 12
1 5
1 17
2 6
2 17
3 10
3 12
4 16
4 19
5 1
5 16
6 2
6 20
7 7
7 9
8 9
8 19
9 7
9 8
10 0
10 3
11 11
11 21
12 0
12 3
13 18
13 21
14 15
14 22
15 14
15 22
16 4
16 5
17 1
17 2
18 13
18 20
19 4
19 8
20 6
20 18
21 11
21 13
22 14
22 15

# solution 3
# n=23 sym=dia1 status=verified source=flammenkamp_cache/n23_dia1
# code=/FG6ACI9G454J1BJLEF3L1B6A2MKM8H0803EK2I57DH79CD
0 15
0 16
1 6
1 10
2 12
2 18
3 9
3 16
4 4
4 5
5 4
5 19
6 1
6 11
7 19
7 21
8 14
8 15
9 3
9 21
10 1
10 11
11 6
11 10
12 2
12 22
13 20
13 22
14 8
14 17
15 0
15 8
16 0
16 3
17 14
17 20
18 2
18 18
19 5
19 7
20 13
20 17
21 7
21 9
22 12
22 13

# solution 4
# n=23 sym=dia1 status=verified source=flammenkamp_cache/n23_dia1
# code=/BGCI563C8G2J2LFM4M9HBF0A13JKHL7A049E1K5DDI6E78
0 11
0 16
1 12
1 18
2 5
2 6
3 3
3 12
4 8
4 16
5 2
5 19
6 2
6 21
7 15
7 22
8 4
8 22
9 9
9 17
10 11
10 15
11 0
11 10
12 1
12 3
13 19
13 20
14 17
14 21
15 7
15 10
16 0
16 4
17 9
17 14
18 1
18 20
19 5
19 13
20 13
20 18
21 6
21 14
22 7
22 8

# solution 5
# n=23 sym=dia1 status=verified source=flammenkamp_cache/n23_dia1
# code=/9A5C3J284A1HBCIJ3G0B046916FKLMDG8F5K7L27DHEIEM
0 9
0 10
1 5
1 12
2 3
2 19
3 2
3 8
4 4
4 10
5 1
5 17
6 11
6 12
7 18
7 19
8 3
8 16
9 0
9 11
10 0
10 4
11 6
11 9
12 1
12 6
13 15
13 20
14 21
14 22
15 13
15 16
16 8
16 15
17 5
17 20
18 7
18 21
19 2
19 7
20 13
20 17
21 14
21 18
22 14
22 22

# solution 6
# n=23 sym=dia1 status=verified source=flammenkamp_cache/n23_dia1
# code=/9A5C2J483A1HBCIJ3G0B046916FKLMDG8F5K7L27DHEIEM
0 9
0 10
1 5
1 12
2 2
2 19
3 4
3 8
4 3
4 10
5 1
5 17
6 11
6 12
7 18
7 19
8 3
8 16
9 0
9 11
10 0
10 4
11 6
11 9
12 1
12 6
13 15
13 20
14 21
14 22
15 13
15 16
16 8
16 15
17 5
17 20
18 7
18 21
19 2
19 7
20 13
20 17
21 14
21 18
22 14
22 22

# solution 7
# n=23 sym=dia1 status=verified source=flammenkamp_cache/n23_dia1
# code=/7G27132FAFGK9B01KM6B4E69HJLMAI3405CJELCH58DI8D
0 7
0 16
1 2
1 7
2 1
2 3
3 2
3 15
4 10
4 15
5 16
5 20
6 9
6 11
7 0
7 1
8 20
8 22
9 6
9 11
10 4
10 14
11 6
11 9
12 17
12 19
13 21
13 22
14 10
14 18
15 3
15 4
16 0
16 5
17 12
17 19
18 14
18 21
19 12
19 17
20 5
20 8
21 13
21 18
22 8
22 13

# solution 8
# n=23 sym=dia1 status=verified source=flammenkamp_cache/n23_dia1
# code=/6A7HCF6LCH8K031L5FAB099I24IMGM28EG14BDJK5J37DE
0 6
0 10
1 7
1 17
2 12
2 15
3 6
3 21
4 12
4 17
5 8
5 20
6 0
6 3
7 1
7 21
8 5
8 15
9 10
9 11
10 0
10 9
11 9
11 18
12 2
12 4
13 18
13 22
14 16
14 22
15 2
15 8
16 14
16 16
17 1
17 4
18 11
18 13
19 19
19 20
20 5
20 19
21 3
21 7
22 13
22 14

# solution 9
# n=23 sym=dia1 status=verified source=flammenkamp_cache/n23_dia1
# code=/GH9C5A3CAK265GLMDF1B249L138MHJ8F060EJKEI4I7B7D
0 16
0 17
1 9
1 12
2 5
2 10
3 3
3 12
4 10
4 20
5 2
5 6
6 5
6 16
7 21
7 22
8 13
8 15
9 1
9 11
10 2
10 4
11 9
11 21
12 1
12 3
13 8
13 22
14 17
14 19
15 8
15 15
16 0
16 6
17 0
17 14
18 19
18 20
19 14
19 18
20 4
20 18
21 7
21 11
22 7
22 13

# solution 10
# n=23 sym=dia1 status=verified source=flammenkamp_cache/n23_dia1
# code=/AGCE24892J9CILEI3B350J8F15FL17BD0MKM674AHK6DGH
0 10
0 16
1 12
1 14
2 2
2 4
3 8
3 9
4 2
4 19
5 9
5 12
6 18
6 21
7 14
7 18
8 3
8 11
9 3
9 5
10 0
10 19
11 8
11 15
12 1
12 5
13 15
13 21
14 1
14 7
15 11
15 13
16 0
16 22
17 20
17 22
18 6
18 7
19 4
19 10
20 17
20 20
21 6
21 13
22 16
22 17

# solution 11
# n=23 sym=dia1 status=verified source=flammenkamp_cache/n23_dia1
# code=/JK79EM5M2B6GGH26BK0934EI08DL3A1LFH4J5C8CFI17AD
0 19
0 20
1 7
1 9
2 14
2 22
3 5
3 22
4 2
4 11
5 6
5 16
6 16
6 17
7 2
7 6
8 11
8 20
9 0
9 9
10 3
10 4
11 14
11 18
12 0
12 8
13 13
13 21
14 3
14 10
15 1
15 21
16 15
16 17
17 4
17 19
18 5
18 12
19 8
19 12
20 15
20 18
21 1
21 7
22 10
22 13

# solution 12
# n=23 sym=dia1 status=verified source=flammenkamp_cache/n23_dia1
# code=/AC5G352DAK12JKEMBF9I048J0L3F7M8D1LHI9H6B46CG7E
0 10
0 12
1 5
1 16
2 3
2 5
3 2
3 13
4 10
4 20
5 1
5 2
6 19
6 20
7 14
7 22
8 11
8 15
9 9
9 18
10 0
10 4
11 8
11 19
12 0
12 21
13 3
13 15
14 7
14 22
15 8
15 13
16 1
16 21
17 17
17 18
18 9
18 17
19 6
19 11
20 4
20 6
21 12
21 16
22 7
22 14

# solution 13
# n=23 sym=dia1 status=verified source=flammenkamp_cache/n23_dia1
# code=/FG49AH48138IBKBH351L2A67JLJMEF0E0I275GCD6M9CDK
0 15
0 16
1 4
1 9
2 10
2 17
3 4
3 8
4 1
4 3
5 8
5 18
6 11
6 20
7 11
7 17
8 3
8 5
9 1
9 21
10 2
10 10
11 6
11 7
12 19
12 21
13 19
13 22
14 14
14 15
15 0
15 14
16 0
16 18
17 2
17 7
18 5
18 16
19 12
19 13
20 6
20 22
21 9
21 12
22 13
22 20

# solution 14
# n=23 sym=dia1 status=verified source=flammenkamp_cache/n23_dia1
# code=/9KBEEM6936DG7H4BKL2H4AFL1CJM052GIJ08CF3I7D1A58
0 9
0 20
1 11
1 14
2 14
2 22
3 6
3 9
4 3
4 6
5 13
5 16
6 7
6 17
7 4
7 11
8 20
8 21
9 2
9 17
10 4
10 10
11 15
11 21
12 1
12 12
13 19
13 22
14 0
14 5
15 2
15 16
16 18
16 19
17 0
17 8
18 12
18 15
19 3
19 18
20 7
20 13
21 1
21 10
22 5
22 8

# solution 15
# n=23 sym=dia1 status=verified source=flammenkamp_cache/n23_dia1
# code=/8DAFDKIM564C46BC0JHJ1A7L5702HL1IKM9E3F892GBE3G
0 8
0 13
1 10
1 15
2 13
2 20
3 18
3 22
4 5
4 6
5 4
5 12
6 4
6 6
7 11
7 12
8 0
8 19
9 17
9 19
10 1
10 10
11 7
11 21
12 5
12 7
13 0
13 2
14 17
14 21
15 1
15 18
16 20
16 22
17 9
17 14
18 3
18 15
19 8
19 9
20 2
20 16
21 11
21 14
22 3
22 16

# solution 16
# n=23 sym=dia1 status=verified source=flammenkamp_cache/n23_dia1
# code=/AD0DIK57AK02691E9FLM1247IMEG34BJ3G5J8B68CHCFHL
0 10
0 13
1 0
1 13
2 18
2 20
3 5
3 7
4 10
4 20
5 0
5 2
6 6
6 9
7 1
7 14
8 9
8 15
9 21
9 22
10 1
10 2
11 4
11 7
12 18
12 22
13 14
13 16
14 3
14 4
15 11
15 19
16 3
16 16
17 5
17 19
18 8
18 11
19 6
19 8
20 12
20 17
21 12
21 15
22 17
22 21

# solution 17
# n=23 sym=dia1 status=verified source=flammenkamp_cache/n23_dia1
# code=/CM8G6C6B3F351L8IAD1EKM7J0E47FL9BJK2H29HI45DG0A
0 12
0 22
1 8
1 16
2 6
2 12
3 6
3 11
4 3
4 15
5 3
5 5
6 1
6 21
7 8
7 18
8 10
8 13
9 1
9 14
10 20
10 22
11 7
11 19
12 0
12 14
13 4
13 7
14 15
14 21
15 9
15 11
16 19
16 20
17 2
17 17
18 2
18 9
19 17
19 18
20 4
20 5
21 13
21 16
22 0
22 10

# solution 18
# n=23 sym=dia1 status=verified source=flammenkamp_cache/n23_dia1
# code=/8F138I143JDHABHL02AM696IFL5MGK0CEK572B4JEG7C9D
0 8
0 15
1 1
1 3
2 8
2 18
3 1
3 4
4 3
4 19
5 13
5 17
6 10
6 11
7 17
7 21
8 0
8 2
9 10
9 22
10 6
10 9
11 6
11 18
12 15
12 21
13 5
13 22
14 16
14 20
15 0
15 12
16 14
16 20
17 5
17 7
18 2
18 11
19 4
19 19
20 14
20 16
21 7
21 12
22 9
22 13

# solution 19
# n=23 sym=dia1 status=verified source=flammenkamp_cache/n23_dia1
# code=/FH8A4K2948FM9BHM250A360GDLGJIL173C1EIK6CEJ57BD
0 15
0 17
1 8
1 10
2 4
2 20
3 2
3 9
4 4
4 8
5 15
5 22
6 9
6 11
7 17
7 22
8 2
8 5
9 0
9 10
10 3
10 6
11 0
11 16
12 13
12 21
13 16
13 19
14 18
14 21
15 1
15 7
16 3
16 12
17 1
17 14
18 18
18 20
19 6
19 12
20 14
20 19
21 5
21 7
22 11
22 13

# solution 20
# n=23 sym=dia1 status=verified source=flammenkamp_cache/n23_dia1
# code=/FK8A4M2948FH9BHM250A360GDLGJIL173C1EIK6CEJ57BD
0 15
0 20
1 8
1 10
2 4
2 22
3 2
3 9
4 4
4 8
5 15
5 17
6 9
6 11
7 17
7 22
8 2
8 5
9 0
9 10
10 3
10 6
11 0
11 16
12 13
12 21
13 16
13 19
14 18
14 21
15 1
15 7
16 3
16 12
17 1
17 14
18 18
18 20
19 6
19 12
20 14
20 19
21 5
21 7
22 11
22 13

# solution 21
# n=23 sym=dia1 status=verified source=flammenkamp_cache/n23_dia1
# code=/CE4ABH571J3DJM39IL7L1A2G0C5K0KGMBF2I8H46DE896F
0 12
0 14
1 4
1 10
2 11
2 17
3 5
3 7
4 1
4 19
5 3
5 13
6 19
6 22
7 3
7 9
8 18
8 21
9 7
9 21
10 1
10 10
11 2
11 16
12 0
12 12
13 5
13 20
14 0
14 20
15 16
15 22
16 11
16 15
17 2
17 18
18 8
18 17
19 4
19 6
20 13
20 14
21 8
21 9
22 6
22 15

# solution 22
# n=23 sym=dia1 status=verified source=flammenkamp_cache/n23_dia1
# code=/7IELBJ57AD365I03CKAM492G8M4G1JHLBDFK062E8H1F9C
0 7
0 18
1 14
1 21
2 11
2 19
3 5
3 7
4 10
4 13
5 3
5 6
6 5
6 18
7 0
7 3
8 12
8 20
9 10
9 22
10 4
10 9
11 2
11 16
12 8
12 22
13 4
13 16
14 1
14 19
15 17
15 21
16 11
16 13
17 15
17 20
18 0
18 6
19 2
19 14
20 8
20 17
21 1
21 15
22 9
22 12

# solution 23
# n=23 sym=dia1 status=verified source=flammenkamp_cache/n23_dia1
# code=/8C8BGK1J3AEGHK349H12AM6LCI2ELM050B475FFI9DDJ67
0 8
0 12
1 8
1 11
2 16
2 20
3 1
3 19
4 3
4 10
5 14
5 16
6 17
6 20
7 3
7 4
8 9
8 17
9 1
9 2
10 10
10 22
11 6
11 21
12 12
12 18
13 2
13 14
14 21
14 22
15 0
15 5
16 0
16 11
17 4
17 7
18 5
18 15
19 15
19 18
20 9
20 13
21 13
21 19
22 6
22 7

# solution 24
# n=23 sym=dia1 status=verified source=flammenkamp_cache/n23_dia1
# code=/CG9B5K27FH2I7MDI0A0FAM6LCE6L13GJ9B1K3448HJ58DE
0 12
0 16
1 9
1 11
2 5
2 20
3 2
3 7
4 15
4 17
5 2
5 18
6 7
6 22
7 13
7 18
8 0
8 10
9 0
9 15
10 10
10 22
11 6
11 21
12 12
12 14
13 6
13 21
14 1
14 3
15 16
15 19
16 9
16 11
17 1
17 20
18 3
18 4
19 4
19 8
20 17
20 19
21 5
21 8
22 13
22 14

# solution 25
# n=23 sym=dia1 status=verified source=flammenkamp_cache/n23_dia1
# code=/58DG1BAG6IBFJL5H13AL26HKDJ248M03CIFM097E9CEK47
0 5
0 8
1 13
1 16
2 1
2 11
3 10
3 16
4 6
4 18
5 11
5 15
6 19
6 21
7 5
7 17
8 1
8 3
9 10
9 21
10 2
10 6
11 17
11 20
12 13
12 19
13 2
13 4
14 8
14 22
15 0
15 3
16 12
16 18
17 15
17 22
18 0
18 9
19 7
19 14
20 9
20 12
21 14
21 20
22 4
22 7

# solution 26
# n=23 sym=dia1 status=verified source=flammenkamp_cache/n23_dia1
# code=/583C7D13CM07DJ250FIMAKHL1426FK8EHJBG9L6GAEBI49
0 5
0 8
1 3
1 12
2 7
2 13
3 1
3 3
4 12
4 22
5 0
5 7
6 13
6 19
7 2
7 5
8 0
8 15
9 18
9 22
10 10
10 20
11 17
11 21
12 1
12 4
13 2
13 6
14 15
14 20
15 8
15 14
16 17
16 19
17 11
17 16
18 9
18 21
19 6
19 16
20 10
20 14
21 11
21 18
22 4
22 9

# solution 27
# n=23 sym=dia1 status=verified source=flammenkamp_cache/n23_dia1
# code=/7BDE6I6AFIBM230JADJM3805HL181G4LEGCK2479HKCF59
0 7
0 11
1 13
1 14
2 6
2 18
3 6
3 10
4 15
4 18
5 11
5 22
6 2
6 3
7 0
7 19
8 10
8 13
9 19
9 22
10 3
10 8
11 0
11 5
12 17
12 21
13 1
13 8
14 1
14 16
15 4
15 21
16 14
16 16
17 12
17 20
18 2
18 4
19 7
19 9
20 17
20 20
21 12
21 15
22 5
22 9

# solution 28
# n=23 sym=dia1 status=verified source=flammenkamp_cache/n23_dia1
# code=/CD56232CEK191H9EIJ57AMHJ030G47LMDI6B8G8B4LFKAF
0 12
0 13
1 5
1 6
2 2
2 3
3 2
3 12
4 14
4 20
5 1
5 9
6 1
6 17
7 9
7 14
8 18
8 19
9 5
9 7
10 10
10 22
11 17
11 19
12 0
12 3
13 0
13 16
14 4
14 7
15 21
15 22
16 13
16 18
17 6
17 11
18 8
18 16
19 8
19 11
20 4
20 21
21 15
21 20
22 10
22 15

# solution 29
# n=23 sym=dia1 status=verified source=flammenkamp_cache/n23_dia1
# code=/7A1FHI5BBD3J6706ADIL0834KM48FH1EKL2E295MCG9GCJ
0 7
0 10
1 1
1 15
2 17
2 18
3 5
3 11
4 11
4 13
5 3
5 19
6 6
6 7
7 0
7 6
8 10
8 13
9 18
9 21
10 0
10 8
11 3
11 4
12 20
12 22
13 4
13 8
14 15
14 17
15 1
15 14
16 20
16 21
17 2
17 14
18 2
18 9
19 5
19 22
20 12
20 16
21 9
21 16
22 12
22 19

# solution 30
# n=23 sym=dia1 status=verified source=flammenkamp_cache/n23_dia1
# code=/9F6L58BH8BFJ05HM4A1A17IJDE0MIK4C2LGK7E2336CD9G
0 9
0 15
1 6
1 21
2 5
2 8
3 11
3 17
4 8
4 11
5 15
5 19
6 0
6 5
7 17
7 22
8 4
8 10
9 1
9 10
10 1
10 7
11 18
11 19
12 13
12 14
13 0
13 22
14 18
14 20
15 4
15 12
16 2
16 21
17 16
17 20
18 7
18 14
19 2
19 3
20 3
20 6
21 12
21 13
22 9
22 16

# solution 31
# n=23 sym=dia1 status=verified source=flammenkamp_cache/n23_dia1
# code=/0ADH249I2B6L5GDMFH3A094KGK17JM8J6C183LEFBC5I7E
0 0
0 10
1 13
1 17
2 2
2 4
3 9
3 18
4 2
4 11
5 6
5 21
6 5
6 16
7 13
7 22
8 15
8 17
9 3
9 10
10 0
10 9
11 4
11 20
12 16
12 20
13 1
13 7
14 19
14 22
15 8
15 19
16 6
16 12
17 1
17 8
18 3
18 21
19 14
19 15
20 11
20 12
21 5
21 18
22 7
22 14

# solution 32
# n=23 sym=dia1 status=verified source=flammenkamp_cache/n23_dia1
# code=/8BEGCE577B25FLCGKL4AFKIM0D094MIJ12HJ8D136H369A
0 8
0 11
1 14
1 16
2 12
2 14
3 5
3 7
4 7
4 11
5 2
5 5
6 15
6 21
7 12
7 16
8 20
8 21
9 4
9 10
10 15
10 20
11 18
11 22
12 0
12 13
13 0
13 9
14 4
14 22
15 18
15 19
16 1
16 2
17 17
17 19
18 8
18 13
19 1
19 3
20 6
20 17
21 3
21 6
22 9
22 10

# solution 33
# n=23 sym=dia1 status=verified source=flammenkamp_cache/n23_dia1
# code=/DI7BDE4I3L5L8M1H6MAE9A1KFH0229CJJK7C03FGBG4568
0 13
0 18
1 7
1 11
2 13
2 14
3 4
3 18
4 3
4 21
5 5
5 21
6 8
6 22
7 1
7 17
8 6
8 22
9 10
9 14
10 9
10 10
11 1
11 20
12 15
12 17
13 0
13 2
14 2
14 9
15 12
15 19
16 19
16 20
17 7
17 12
18 0
18 3
19 15
19 16
20 11
20 16
21 4
21 5
22 6
22 8

# solution 34
# n=23 sym=dia1 status=verified source=flammenkamp_cache/n23_dia1
# code=/EF6L491G1C5H0JAM4M8A3I02DF8K9D352L7HEK7C6BIJBG
0 14
0 15
1 6
1 21
2 4
2 9
3 1
3 16
4 1
4 12
5 5
5 17
6 0
6 19
7 10
7 22
8 4
8 22
9 8
9 10
10 3
10 18
11 0
11 2
12 13
12 15
13 8
13 20
14 9
14 13
15 3
15 5
16 2
16 21
17 7
17 17
18 14
18 20
19 7
19 12
20 6
20 11
21 18
21 19
22 11
22 16

