# solution 1
# n=24 sym=dia1 status=verified source=flammenkamp_cache/n24_dia1
# code=/785D9LHI5C14IL0C0A2M8KBF471NENBHJM3F36GKAJ269GDE
0 7
0 8
1 5
1 13
2 9
2 21
3 17
3 18
4 5
4 12
5 1
5 4
6 18
6 21
7 0
7 12
8 0
8 10
9 2
9 22
10 8
10 20
11 11
11 15
12 4
12 7
13 1
13 23
14 14
14 23
15 11
15 17
16 19
16 22
17 3
17 15
18 3
18 6
19 16
19 20
20 10
20 19
21 2
21 6
22 9
22 16
23 13
23 14

# solution 2
# n=24 sym=dia1 status=verified source=flammenkamp_cache/n24_dia1
# code=/AHABEJ45393J9CKMHN46011B6IFL2IDMKN08CE257GDL7F8G
0 10
0 17
1 10
1 11
2 14
2 19
3 4
3 5
4 3
4 9
5 3
5 19
6 9
6 12
7 20
7 22
8 17
8 23
9 4
9 6
10 0
10 1
11 1
11 11
12 6
12 18
13 15
13 21
14 2
14 18
15 13
15 22
16 20
16 23
17 0
17 8
18 12
18 14
19 2
19 5
20 7
20 16
21 13
21 21
22 7
22 15
23 8
23 16

# solution 3
# n=24 sym=dia1 status=verified source=flammenkamp_cache/n24_dia1
# code=/AD4ECH5F1C37FI5IMNKN0ABH240L1J36LM2B67EK9JDG8G89
0 10
0 13
1 4
1 14
2 12
2 17
3 5
3 15
4 1
4 12
5 3
5 7
6 15
6 18
7 5
7 18
8 22
8 23
9 20
9 23
10 0
10 10
11 11
11 17
12 2
12 4
13 0
13 21
14 1
14 19
15 3
15 6
16 21
16 22
17 2
17 11
18 6
18 7
19 14
19 20
20 9
20 19
21 13
21 16
22 8
22 16
23 8
23 9

# solution 4
# n=24 sym=dia1 status=verified source=flammenkamp_cache/n24_dia1
# code=/ADJMBH78IMDJ5L180605IN6BCL2N24GK3KCFEH19379A4GEF
0 10
0 13
1 19
1 22
2 11
2 17
3 7
3 8
4 18
4 22
5 13
5 19
6 5
6 21
7 1
7 8
8 0
8 6
9 0
9 5
10 18
10 23
11 6
11 11
12 12
12 21
13 2
13 23
14 2
14 4
15 16
15 20
16 3
16 20
17 12
17 15
18 14
18 17
19 1
19 9
20 3
20 7
21 9
21 10
22 4
22 16
23 14
23 15

# solution 5
# n=24 sym=dia1 status=verified source=flammenkamp_cache/n24_dia1
# code=/DE4I4L7IDEKMBC3517JNJNBHCH016906FK892GLM2G35AF8A
0 13
0 14
1 4
1 18
2 4
2 21
3 7
3 18
4 13
4 14
5 20
5 22
6 11
6 12
7 3
7 5
8 1
8 7
9 19
9 23
10 19
10 23
11 11
11 17
12 12
12 17
13 0
13 1
14 6
14 9
15 0
15 6
16 15
16 20
17 8
17 9
18 2
18 16
19 21
19 22
20 2
20 16
21 3
21 5
22 10
22 15
23 8
23 10

# solution 6
# n=24 sym=dia1 status=verified source=flammenkamp_cache/n24_dia1
# code=/369H9D06JMEF03HN8N12BJAMDG2C5I5KCL17EK4AFIGL4B78
0 3
0 6
1 9
1 17
2 9
2 13
3 0
3 6
4 19
4 22
5 14
5 15
6 0
6 3
7 17
7 23
8 8
8 23
9 1
9 2
10 11
10 19
11 10
11 22
12 13
12 16
13 2
13 12
14 5
14 18
15 5
15 20
16 12
16 21
17 1
17 7
18 14
18 20
19 4
19 10
20 15
20 18
21 16
21 21
22 4
22 11
23 7
23 8

# solution 7
# n=24 sym=dia1 status=verified source=flammenkamp_cache/n24_dia1
# code=/9CDF245H2E3I9BKNIN06BF6A0G1L4M1ACJ3L58GK7JDHEM78
0 9
0 12
1 13
1 15
2 2
2 4
3 5
3 17
4 2
4 14
5 3
5 18
6 9
6 11
7 20
7 23
8 18
8 23
9 0
9 6
10 11
10 15
11 6
11 10
12 0
12 16
13 1
13 21
14 4
14 22
15 1
15 10
16 12
16 19
17 3
17 21
18 5
18 8
19 16
19 20
20 7
20 19
21 13
21 17
22 14
22 22
23 7
23 8

# solution 8
# n=24 sym=dia1 status=verified source=flammenkamp_cache/n24_dia1
# code=/3E8C8E03GKACJLFM12MN5BAF15HL027B4JDNIK6G4I6D799H
0 3
0 14
1 8
1 12
2 8
2 14
3 0
3 3
4 16
4 20
5 10
5 12
6 19
6 21
7 15
7 22
8 1
8 2
9 22
9 23
10 5
10 11
11 10
11 15
12 1
12 5
13 17
13 21
14 0
14 2
15 7
15 11
16 4
16 19
17 13
17 23
18 18
18 20
19 6
19 16
20 4
20 18
21 6
21 13
22 7
22 9
23 9
23 17

# solution 9
# n=24 sym=dia1 status=verified source=flammenkamp_cache/n24_dia1
# code=/4E8C5G9C0N2KDGDM1I3LBIAM13670HHN26EF8AKL5J9J7B4F
0 4
0 14
1 8
1 12
2 5
2 16
3 9
3 12
4 0
4 23
5 2
5 20
6 13
6 16
7 13
7 22
8 1
8 18
9 3
9 21
10 11
10 18
11 10
11 22
12 1
12 3
13 6
13 7
14 0
14 17
15 17
15 23
16 2
16 6
17 14
17 15
18 8
18 10
19 20
19 21
20 5
20 19
21 9
21 19
22 7
22 11
23 4
23 15

# solution 10
# n=24 sym=dia1 status=verified source=flammenkamp_cache/n24_dia1
# code=/CD7I352MDJ2AAC1HJNBH569I0604EGMNEK791B48GLKL3F8F
0 12
0 13
1 7
1 18
2 3
2 5
3 2
3 22
4 13
4 19
5 2
5 10
6 10
6 12
7 1
7 17
8 19
8 23
9 11
9 17
10 5
10 6
11 9
11 18
12 0
12 6
13 0
13 4
14 14
14 16
15 22
15 23
16 14
16 20
17 7
17 9
18 1
18 11
19 4
19 8
20 16
20 21
21 20
21 21
22 3
22 15
23 8
23 15

# solution 11
# n=24 sym=dia1 status=verified source=flammenkamp_cache/n24_dia1
# code=/6LAE5NFK5J7C022FGK7M0A4I19DM6B13EI9NJL3C48GH8BDH
0 6
0 21
1 10
1 14
2 5
2 23
3 15
3 20
4 5
4 19
5 7
5 12
6 0
6 2
7 2
7 15
8 16
8 20
9 7
9 22
10 0
10 10
11 4
11 18
12 1
12 9
13 13
13 22
14 6
14 11
15 1
15 3
16 14
16 18
17 9
17 23
18 19
18 21
19 3
19 12
20 4
20 8
21 16
21 17
22 8
22 11
23 13
23 17

# solution 12
# n=24 sym=dia1 status=verified source=flammenkamp_cache/n24_dia1
# code=/GLAC2C67FKKM363BFIBM1I7912GLJN480DJN8AEH450D59EH
0 16
0 21
1 10
1 12
2 2
2 12
3 6
3 7
4 15
4 20
5 20
5 22
6 3
6 6
7 3
7 11
8 15
8 18
9 11
9 22
10 1
10 18
11 7
11 9
12 1
12 2
13 16
13 21
14 19
14 23
15 4
15 8
16 0
16 13
17 19
17 23
18 8
18 10
19 14
19 17
20 4
20 5
21 0
21 13
22 5
22 9
23 14
23 17

# solution 13
# n=24 sym=dia1 status=verified source=flammenkamp_cache/n24_dia1
# code=/8F68AGJLGJ6915CL015K2BAM7FDMIN0C24HNEK349I37BDEH
0 8
0 15
1 6
1 8
2 10
2 16
3 19
3 21
4 16
4 19
5 6
5 9
6 1
6 5
7 12
7 21
8 0
8 1
9 5
9 20
10 2
10 11
11 10
11 22
12 7
12 15
13 13
13 22
14 18
14 23
15 0
15 12
16 2
16 4
17 17
17 23
18 14
18 20
19 3
19 4
20 9
20 18
21 3
21 7
22 11
22 13
23 14
23 17

# solution 14
# n=24 sym=dia1 status=verified source=flammenkamp_cache/n24_dia1
# code=/6KBCEJ483AAH0KLM3BGI45181LHN2IMN9J5D9E2G067C7FDF
0 6
0 20
1 11
1 12
2 14
2 19
3 4
3 8
4 3
4 10
5 10
5 17
6 0
6 20
7 21
7 22
8 3
8 11
9 16
9 18
10 4
10 5
11 1
11 8
12 1
12 21
13 17
13 23
14 2
14 18
15 22
15 23
16 9
16 19
17 5
17 13
18 9
18 14
19 2
19 16
20 0
20 6
21 7
21 12
22 7
22 15
23 13
23 15

# solution 15
# n=24 sym=dia1 status=verified source=flammenkamp_cache/n24_dia1
# code=/EI9B7D2AGJIN4A0J380NBL38DMHK1MCF5L25671HCF6K49EG
0 14
0 18
1 9
1 11
2 7
2 13
3 2
3 10
4 16
4 19
5 18
5 23
6 4
6 10
7 0
7 19
8 3
8 8
9 0
9 23
10 11
10 21
11 3
11 8
12 13
12 22
13 17
13 20
14 1
14 22
15 12
15 15
16 5
16 21
17 2
17 5
18 6
18 7
19 1
19 17
20 12
20 15
21 6
21 20
22 4
22 9
23 14
23 16

# solution 16
# n=24 sym=dia1 status=verified source=flammenkamp_cache/n24_dia1
# code=/9C1MGK9L7J4D248L3D1BFI8N2E06KNCG0J5A36HI5FBHEM7A
0 9
0 12
1 1
1 22
2 16
2 20
3 9
3 21
4 7
4 19
5 4
5 13
6 2
6 4
7 8
7 21
8 3
8 13
9 1
9 11
10 15
10 18
11 8
11 23
12 2
12 14
13 0
13 6
14 20
14 23
15 12
15 16
16 0
16 19
17 5
17 10
18 3
18 6
19 17
19 18
20 5
20 15
21 11
21 17
22 14
22 22
23 7
23 10

# solution 17
# n=24 sym=dia1 status=verified source=flammenkamp_cache/n24_dia1
# code=/AG7J79EI0MEK359N2BIK28161F0NGL8DLM5C6H344HDFBCAJ
0 10
0 16
1 7
1 19
2 7
2 9
3 14
3 18
4 0
4 22
5 14
5 20
6 3
6 5
7 9
7 23
8 2
8 11
9 18
9 20
10 2
10 8
11 1
11 6
12 1
12 15
13 0
13 23
14 16
14 21
15 8
15 13
16 21
16 22
17 5
17 12
18 6
18 17
19 3
19 4
20 4
20 17
21 13
21 15
22 11
22 12
23 10
23 19

# solution 18
# n=24 sym=dia1 status=verified source=flammenkamp_cache/n24_dia1
# code=/9BCG34252I3IAKBNGL0A69071FJLHJCM18EM45DE6K8DFH7N
0 9
0 11
1 12
1 16
2 3
2 4
3 2
3 5
4 2
4 18
5 3
5 18
6 10
6 20
7 11
7 23
8 16
8 21
9 0
9 10
10 6
10 9
11 0
11 7
12 1
12 15
13 19
13 21
14 17
14 19
15 12
15 22
16 1
16 8
17 14
17 22
18 4
18 5
19 13
19 14
20 6
20 20
21 8
21 13
22 15
22 17
23 7
23 23

# solution 19
# n=24 sym=dia1 status=verified source=flammenkamp_cache/n24_dia1
# code=/CD2517DEEI158N2L6HCMAMGJ090334LNBI8K4GBKHJ7F9A6F
0 12
0 13
1 2
1 5
2 1
2 7
3 13
3 14
4 14
4 18
5 1
5 5
6 8
6 23
7 2
7 21
8 6
8 17
9 12
9 22
10 10
10 22
11 16
11 19
12 0
12 9
13 0
13 3
14 3
14 4
15 21
15 23
16 11
16 18
17 8
17 20
18 4
18 16
19 11
19 20
20 17
20 19
21 7
21 15
22 9
22 10
23 6
23 15

# solution 20
# n=24 sym=dia1 status=verified source=flammenkamp_cache/n24_dia1
# code=/24BF5L183FDH6I3DJM1AGI026M8E07AK49BH5L7NGJCNEK9C
0 2
0 4
1 11
1 15
2 5
2 21
3 1
3 8
4 3
4 15
5 13
5 17
6 6
6 18
7 3
7 13
8 19
8 22
9 1
9 10
10 16
10 18
11 0
11 2
12 6
12 22
13 8
13 14
14 0
14 7
15 10
15 20
16 4
16 9
17 11
17 17
18 5
18 21
19 7
19 23
20 16
20 19
21 12
21 23
22 14
22 20
23 9
23 12

# solution 21
# n=24 sym=dia1 status=verified source=flammenkamp_cache/n24_dia1
# code=/AH7D3H243K8ACK1M5FBN059G6J1NEG8JBE02LMCF46IL7I9D
0 10
0 17
1 7
1 13
2 3
2 17
3 2
3 4
4 3
4 20
5 8
5 10
6 12
6 20
7 1
7 22
8 5
8 15
9 11
9 23
10 0
10 5
11 9
11 16
12 6
12 19
13 1
13 23
14 14
14 16
15 8
15 19
16 11
16 14
17 0
17 2
18 21
18 22
19 12
19 15
20 4
20 6
21 18
21 21
22 7
22 18
23 9
23 13

# solution 22
# n=24 sym=dia1 status=verified source=flammenkamp_cache/n24_dia1
# code=/BF4AGKGL269C12KLDN39BF3IDN4MEI08067J15AMCEHJ5H78
0 11
0 15
1 4
1 10
2 16
2 20
3 16
3 21
4 2
4 6
5 9
5 12
6 1
6 2
7 20
7 21
8 13
8 23
9 3
9 9
10 11
10 15
11 3
11 18
12 13
12 23
13 4
13 22
14 14
14 18
15 0
15 8
16 0
16 6
17 7
17 19
18 1
18 5
19 10
19 22
20 12
20 14
21 17
21 19
22 5
22 17
23 7
23 8

# solution 23
# n=24 sym=dia1 status=verified source=flammenkamp_cache/n24_dia1
# code=/9G4668EH1B9J12JM2N05BF4AILEL3DAH0N3FCK57IKCD7M8G
0 9
0 16
1 4
1 6
2 6
2 8
3 14
3 17
4 1
4 11
5 9
5 19
6 1
6 2
7 19
7 22
8 2
8 23
9 0
9 5
10 11
10 15
11 4
11 10
12 18
12 21
13 14
13 21
14 3
14 13
15 10
15 17
16 0
16 23
17 3
17 15
18 12
18 20
19 5
19 7
20 18
20 20
21 12
21 13
22 7
22 22
23 8
23 16

# solution 24
# n=24 sym=dia1 status=verified source=flammenkamp_cache/n24_dia1
# code=/AD67DGAI180KEF3L7H9HLN0325KN8E9JFM2M4B15CG6B4JCI
0 10
0 13
1 6
1 7
2 13
2 16
3 10
3 18
4 1
4 8
5 0
5 20
6 14
6 15
7 3
7 21
8 7
8 17
9 9
9 17
10 21
10 23
11 0
11 3
12 2
12 5
13 20
13 23
14 8
14 14
15 9
15 19
16 15
16 22
17 2
17 22
18 4
18 11
19 1
19 5
20 12
20 16
21 6
21 11
22 4
22 19
23 12
23 18

# solution 25
# n=24 sym=dia1 status=verified source=flammenkamp_cache/n24_dia1
# code=/0C5HFJ8ACL27FM3DHL7A1GJN26EK018KEI5B6M344GBI9D9N
0 0
0 12
1 5
1 17
2 15
2 19
3 8
3 10
4 12
4 21
5 2
5 7
6 15
6 22
7 3
7 13
8 17
8 21
9 7
9 10
10 1
10 16
11 19
11 23
12 2
12 6
13 14
13 20
14 0
14 1
15 8
15 20
16 14
16 18
17 5
17 11
18 6
18 22
19 3
19 4
20 4
20 16
21 11
21 18
22 9
22 13
23 9
23 23

# solution 26
# n=24 sym=dia1 status=verified source=flammenkamp_cache/n24_dia1
# code=/9DFH6AFI69CKGM5HKM2A7N0I23ELJN014DJL1G374BBE588C
0 9
0 13
1 15
1 17
2 6
2 10
3 15
3 18
4 6
4 9
5 12
5 20
6 16
6 22
7 5
7 17
8 20
8 22
9 2
9 10
10 7
10 23
11 0
11 18
12 2
12 3
13 14
13 21
14 19
14 23
15 0
15 1
16 4
16 13
17 19
17 21
18 1
18 16
19 3
19 7
20 4
20 11
21 11
21 14
22 5
22 8
23 8
23 12

# solution 27
# n=24 sym=dia1 status=verified source=flammenkamp_cache/n24_dia1
# code=/AD5JCG4L371L9H4EHN6A09JM2K0F7NDK2I68GI1BCF35BM8E
0 10
0 13
1 5
1 19
2 12
2 16
3 4
3 21
4 3
4 7
5 1
5 21
6 9
6 17
7 4
7 14
8 17
8 23
9 6
9 10
10 0
10 9
11 19
11 22
12 2
12 20
13 0
13 15
14 7
14 23
15 13
15 20
16 2
16 18
17 6
17 8
18 16
18 18
19 1
19 11
20 12
20 15
21 3
21 5
22 11
22 22
23 8
23 14

# solution 28
# n=24 sym=dia1 status=verified source=flammenkamp_cache/n24_dia1
# code=/CL6B8NCEHJ34EJ493FHK0AKN1M9DAG2L025M16GIFI785B7D
0 12
0 21
1 6
1 11
2 8
2 23
3 12
3 14
4 17
4 19
5 3
5 4
6 14
6 19
7 4
7 9
8 3
8 15
9 17
9 20
10 0
10 10
11 20
11 23
12 1
12 22
13 9
13 13
14 10
14 16
15 2
15 21
16 0
16 2
17 5
17 22
18 1
18 6
19 16
19 18
20 15
20 18
21 7
21 8
22 5
22 11
23 7
23 13

# solution 29
# n=24 sym=dia1 status=verified source=flammenkamp_cache/n24_dia1
# code=/EH8AEG45383FDLJM14DJ1BAMKN69025N2I0KGI79CH6L7BCF
0 14
0 17
1 8
1 10
2 14
2 16
3 4
3 5
4 3
4 8
5 3
5 15
6 13
6 21
7 19
7 22
8 1
8 4
9 13
9 19
10 1
10 11
11 10
11 22
12 20
12 23
13 6
13 9
14 0
14 2
15 5
15 23
16 2
16 18
17 0
17 20
18 16
18 18
19 7
19 9
20 12
20 17
21 6
21 21
22 7
22 11
23 12
23 15

# solution 30
# n=24 sym=dia1 status=verified source=flammenkamp_cache/n24_dia1
# code=/8EAE4B4I237HIL5B098G1L27KNGK01FJ9D5N36FMCD6AJMCH
0 8
0 14
1 10
1 14
2 4
2 11
3 4
3 18
4 2
4 3
5 7
5 17
6 18
6 21
7 5
7 11
8 0
8 9
9 8
9 16
10 1
10 21
11 2
11 7
12 20
12 23
13 16
13 20
14 0
14 1
15 15
15 19
16 9
16 13
17 5
17 23
18 3
18 6
19 15
19 22
20 12
20 13
21 6
21 10
22 19
22 22
23 12
23 17

# solution 31
# n=24 sym=dia1 status=verified source=flammenkamp_cache/n24_dia1
# code=/CD7G69HJ9K4G6KIM1B5B1N3NEF28JL0A2MHL0E3I4C7ADF58
0 12
0 13
1 7
1 16
2 6
2 9
3 17
3 19
4 9
4 20
5 4
5 16
6 6
6 20
7 18
7 22
8 1
8 11
9 5
9 11
10 1
10 23
11 3
11 23
12 14
12 15
13 2
13 8
14 19
14 21
15 0
15 10
16 2
16 22
17 17
17 21
18 0
18 14
19 3
19 18
20 4
20 12
21 7
21 10
22 13
22 15
23 5
23 8

# solution 32
# n=24 sym=dia1 status=verified source=flammenkamp_cache/n24_dia1
# code=/7K9C5F5NGJ04CF4JHL0A68HM126E2M7D8NADKLGI139B3BEI
0 7
0 20
1 9
1 12
2 5
2 15
3 5
3 23
4 16
4 19
5 0
5 4
6 12
6 15
7 4
7 19
8 17
8 21
9 0
9 10
10 6
10 8
11 17
11 22
12 1
12 2
13 6
13 14
14 2
14 22
15 7
15 13
16 8
16 23
17 10
17 13
18 20
18 21
19 16
19 18
20 1
20 3
21 9
21 11
22 3
22 11
23 14
23 18

# solution 33
# n=24 sym=dia1 status=verified source=flammenkamp_cache/n24_dia1
# code=/8E9C5E3N8B2IDNHI041DAK4G1L6902HLBM7F57KMAJCFGJ36
0 8
0 14
1 9
1 12
2 5
2 14
3 3
3 23
4 8
4 11
5 2
5 18
6 13
6 23
7 17
7 18
8 0
8 4
9 1
9 13
10 10
10 20
11 4
11 16
12 1
12 21
13 6
13 9
14 0
14 2
15 17
15 21
16 11
16 22
17 7
17 15
18 5
18 7
19 20
19 22
20 10
20 19
21 12
21 15
22 16
22 19
23 3
23 6

# solution 34
# n=24 sym=dia1 status=verified source=flammenkamp_cache/n24_dia1
# code=/6C8MCH57FH5DJL013J8EBILN1D0426EM2K9NIK3A4F79BGAG
0 6
0 12
1 8
1 22
2 12
2 17
3 5
3 7
4 15
4 17
5 5
5 13
6 19
6 21
7 0
7 1
8 3
8 19
9 8
9 14
10 11
10 18
11 21
11 23
12 1
12 13
13 0
13 4
14 2
14 6
15 14
15 22
16 2
16 20
17 9
17 23
18 18
18 20
19 3
19 10
20 4
20 15
21 7
21 9
22 11
22 16
23 10
23 16

# solution 35
# n=24 sym=dia1 status=verified source=flammenkamp_cache/n24_dia1
# code=/9C9E5H5DIJ238BIN6G01AM6G0L3N1HJM8B2E474FKLCKAF7D
0 9
0 12
1 9
1 14
2 5
2 17
3 5
3 13
4 18
4 19
5 2
5 3
6 8
6 11
7 18
7 23
8 6
8 16
9 0
9 1
10 10
10 22
11 6
11 16
12 0
12 21
13 3
13 23
14 1
14 17
15 19
15 22
16 8
16 11
17 2
17 14
18 4
18 7
19 4
19 15
20 20
20 21
21 12
21 20
22 10
22 15
23 7
23 13

# solution 36
# n=24 sym=dia1 status=verified source=flammenkamp_cache/n24_dia1
# code=/6C8GDI585HDL0JBM7B24IL2NFG1306KM1F9NJK3E4ACE7A9H
0 6
0 12
1 8
1 16
2 13
2 18
3 5
3 8
4 5
4 17
5 13
5 21
6 0
6 19
7 11
7 22
8 7
8 11
9 2
9 4
10 18
10 21
11 2
11 23
12 15
12 16
13 1
13 3
14 0
14 6
15 20
15 22
16 1
16 15
17 9
17 23
18 19
18 20
19 3
19 14
20 4
20 10
21 12
21 14
22 7
22 10
23 9
23 17

# solution 37
# n=24 sym=dia1 status=verified source=flammenkamp_cache/n24_dia1
# code=/CHCF48GJJK381NBK7M060AMN6G1D37IL9FBE252L9I45AHDE
0 12
0 17
1 12
1 15
2 4
2 8
3 16
3 19
4 19
4 20
5 3
5 8
6 1
6 23
7 11
7 20
8 7
8 22
9 0
9 6
10 0
10 10
11 22
11 23
12 6
12 16
13 1
13 13
14 3
14 7
15 18
15 21
16 9
16 15
17 11
17 14
18 2
18 5
19 2
19 21
20 9
20 18
21 4
21 5
22 10
22 17
23 13
23 14

# solution 38
# n=24 sym=dia1 status=verified source=flammenkamp_cache/n24_dia1
# code=/BGBD4G6C26IK34LMDEAL9H013N188JJN02AK5MEF5H797ICF
0 11
0 16
1 11
1 13
2 4
2 16
3 6
3 12
4 2
4 6
5 18
5 20
6 3
6 4
7 21
7 22
8 13
8 14
9 10
9 21
10 9
10 17
11 0
11 1
12 3
12 23
13 1
13 8
14 8
14 19
15 19
15 23
16 0
16 2
17 10
17 20
18 5
18 22
19 14
19 15
20 5
20 17
21 7
21 9
22 7
22 18
23 12
23 15

# solution 39
# n=24 sym=dia1 status=verified source=flammenkamp_cache/n24_dia1
# code=/0D6G68BKFK7D125J2NGIBM3AMN05EF4E19JL9L7H34HIAC8C
0 0
0 13
1 6
1 16
2 6
2 8
3 11
3 20
4 15
4 20
5 7
5 13
6 1
6 2
7 5
7 19
8 2
8 23
9 16
9 18
10 11
10 22
11 3
11 10
12 22
12 23
13 0
13 5
14 14
14 15
15 4
15 14
16 1
16 9
17 19
17 21
18 9
18 21
19 7
19 17
20 3
20 4
21 17
21 18
22 10
22 12
23 8
23 12

# solution 40
# n=24 sym=dia1 status=verified source=flammenkamp_cache/n24_dia1
# code=/7LCEBN3I260KBGAH17AM260MHLEG5839FNDJ59148KDJ4FCI
0 7
0 21
1 12
1 14
2 11
2 23
3 3
3 18
4 2
4 6
5 0
5 20
6 11
6 16
7 10
7 17
8 1
8 7
9 10
9 22
10 2
10 6
11 0
11 22
12 17
12 21
13 14
13 16
14 5
14 8
15 3
15 9
16 15
16 23
17 13
17 19
18 5
18 9
19 1
19 4
20 8
20 20
21 13
21 19
22 4
22 15
23 12
23 18

# solution 41
# n=24 sym=dia1 status=verified source=flammenkamp_cache/n24_dia1
# code=/AC5K9E4B341JBEGKHN2A09360MFG26DM7D8JLN5H17ILCF8I
0 10
0 12
1 5
1 20
2 9
2 14
3 4
3 11
4 3
4 4
5 1
5 19
6 11
6 14
7 16
7 20
8 17
8 23
9 2
9 10
10 0
10 9
11 3
11 6
12 0
12 22
13 15
13 16
14 2
14 6
15 13
15 22
16 7
16 13
17 8
17 19
18 21
18 23
19 5
19 17
20 1
20 7
21 18
21 21
22 12
22 15
23 8
23 18

# solution 42
# n=24 sym=dia1 status=verified source=flammenkamp_cache/n24_dia1
# code=/8CHJ6D26HMAFJM24FI9A1L1N45EI8E9N03KL3BBG57GKCD07
0 8
0 12
1 17
1 19
2 6
2 13
3 2
3 6
4 17
4 22
5 10
5 15
6 19
6 22
7 2
7 4
8 15
8 18
9 9
9 10
10 1
10 21
11 1
11 23
12 4
12 5
13 14
13 18
14 8
14 14
15 9
15 23
16 0
16 3
17 20
17 21
18 3
18 11
19 11
19 16
20 5
20 7
21 16
21 20
22 12
22 13
23 0
23 7

# solution 43
# n=24 sym=dia1 status=verified source=flammenkamp_cache/n24_dia1
# code=/CD3G68HK7BAE2K2M683IBN0NDJ4I07FL9JFL151AEMGH459C
0 12
0 13
1 3
1 16
2 6
2 8
3 17
3 20
4 7
4 11
5 10
5 14
6 2
6 20
7 2
7 22
8 6
8 8
9 3
9 18
10 11
10 23
11 0
11 23
12 13
12 19
13 4
13 18
14 0
14 7
15 15
15 21
16 9
16 19
17 15
17 21
18 1
18 5
19 1
19 10
20 14
20 22
21 16
21 17
22 4
22 5
23 9
23 12

