# solution 1
# n=24 sym=dia2 status=verified source=flammenkamp_cache/n24_dia2
# code=xCD794D46239F3B1G8I15LN6N0H02IM5F7MCK8EKLHJAJEGAB
0 12
0 13
1 7
1 9
2 4
2 13
3 4
3 6
4 2
4 3
5 9
5 15
6 3
6 11
7 1
7 16
8 8
8 18
9 1
9 5
10 21
10 23
11 6
11 23
12 0
12 17
13 0
13 2
14 18
14 22
15 5
15 15
16 7
16 22
17 12
17 20
18 8
18 14
19 20
19 21
20 17
20 19
21 10
21 19
22 14
22 16
23 10
23 11

# solution 2
# n=24 sym=dia2 status=verified source=flammenkamp_cache/n24_dia2
# code=xBN56BFDJ5K1418DE6L9GGK02LN377E2H9AFMJM3I4A8CHI0C
0 11
0 23
1 5
1 6
2 11
2 15
3 13
3 19
4 5
4 20
5 1
5 4
6 1
6 8
7 13
7 14
8 6
8 21
9 9
9 16
10 16
10 20
11 0
11 2
12 21
12 23
13 3
13 7
14 7
14 14
15 2
15 17
16 9
16 10
17 15
17 22
18 19
18 22
19 3
19 18
20 4
20 10
21 8
21 12
22 17
22 18
23 0
23 12

