# solution 1
# n=24 sym=rot4 status=verified source=flammenkamp_cache/n24_rot4
# code=o7A6GDF6IBF3EKM1N245B2NEJ490LCIJL0M139K8C5H8A7HDG
0 7
0 10
1 6
1 16
2 13
2 15
3 6
3 18
4 11
4 15
5 3
5 14
6 20
6 22
7 1
7 23
8 2
8 4
9 5
9 11
10 2
10 23
11 14
11 19
12 4
12 9
13 0
13 21
14 12
14 18
15 19
15 21
16 0
16 22
17 1
17 3
18 9
18 20
19 8
19 12
20 5
20 17
21 8
21 10
22 7
22 17
23 13
23 16

# solution 2
# n=24 sym=rot4 status=verified source=flammenkamp_cache/n24_rot4
# code=o1GBN7F9I4J3AAE0L2B6KHIFM18563HCL2N9DDK4J5E8G0C7M
0 1
0 16
1 11
1 23
2 7
2 15
3 9
3 18
4 4
4 19
5 3
5 10
6 10
6 14
7 0
7 21
8 2
8 11
9 6
9 20
10 17
10 18
11 15
11 22
12 1
12 8
13 5
13 6
14 3
14 17
15 12
15 21
16 2
16 23
17 9
17 13
18 13
18 20
19 4
19 19
20 5
20 14
21 8
21 16
22 0
22 12
23 7
23 22

# solution 3
# n=24 sym=rot4 status=verified source=flammenkamp_cache/n24_rot4
# code=oCDGKEH195HDJ241F7B2K050F8NIN3LCG8MJL4A6IEM6937AB
0 12
0 13
1 16
1 20
2 14
2 17
3 1
3 9
4 5
4 17
5 13
5 19
6 2
6 4
7 1
7 15
8 7
8 11
9 2
9 20
10 0
10 5
11 0
11 15
12 8
12 23
13 18
13 23
14 3
14 21
15 12
15 16
16 8
16 22
17 19
17 21
18 4
18 10
19 6
19 18
20 14
20 22
21 6
21 9
22 3
22 7
23 10
23 11

# solution 4
# n=24 sym=rot4 status=verified source=flammenkamp_cache/n24_rot4
# code=o9DHI484DKL1C197GBLHN035F8IKN062C7GEMBM23AJFJ56AE
0 9
0 13
1 17
1 18
2 4
2 8
3 4
3 13
4 20
4 21
5 1
5 12
6 1
6 9
7 7
7 16
8 11
8 21
9 17
9 23
10 0
10 3
11 5
11 15
12 8
12 18
13 20
13 23
14 0
14 6
15 2
15 12
16 7
16 16
17 14
17 22
18 11
18 22
19 2
19 3
20 10
20 19
21 15
21 19
22 5
22 6
23 10
23 14

# solution 5
# n=24 sym=rot4 status=verified source=flammenkamp_cache/n24_rot4
# code=o6DDEGH5B7I4K2N2J9B1F01FK38MN8MCE4L0L3J5GCI679AAH
0 6
0 13
1 13
1 14
2 16
2 17
3 5
3 11
4 7
4 18
5 4
5 20
6 2
6 23
7 2
7 19
8 9
8 11
9 1
9 15
10 0
10 1
11 15
11 20
12 3
12 8
13 22
13 23
14 8
14 22
15 12
15 14
16 4
16 21
17 0
17 21
18 3
18 19
19 5
19 16
20 12
20 18
21 6
21 7
22 9
22 10
23 10
23 17

# solution 6
# n=24 sym=rot4 status=verified source=flammenkamp_cache/n24_rot4
# code=o67DECE6J35FJKNCN5A121F27GL8MLMDI0B0348IK4H9B9AGH
0 6
0 7
1 13
1 14
2 12
2 14
3 6
3 19
4 3
4 5
5 15
5 19
6 20
6 23
7 12
7 23
8 5
8 10
9 1
9 2
10 1
10 15
11 2
11 7
12 16
12 21
13 8
13 22
14 21
14 22
15 13
15 18
16 0
16 11
17 0
17 3
18 4
18 8
19 18
19 20
20 4
20 17
21 9
21 11
22 9
22 10
23 16
23 17

# solution 7
# n=24 sym=rot4 status=verified source=flammenkamp_cache/n24_rot4
# code=o67DECE465KFJKNCN5A121F27GL8MLMDI0B03483IHJ9B9AGH
0 6
0 7
1 13
1 14
2 12
2 14
3 4
3 6
4 5
4 20
5 15
5 19
6 20
6 23
7 12
7 23
8 5
8 10
9 1
9 2
10 1
10 15
11 2
11 7
12 16
12 21
13 8
13 22
14 21
14 22
15 13
15 18
16 0
16 11
17 0
17 3
18 4
18 8
19 3
19 18
20 17
20 19
21 9
21 11
22 9
22 10
23 16
23 17

# solution 8
# n=24 sym=rot4 status=verified source=flammenkamp_cache/n24_rot4
# code=oEH8D36ILBG3D0L4C9M0F157J4GIM8N1EBJ2NAK7C25HKAF69
0 14
0 17
1 8
1 13
2 3
2 6
3 18
3 21
4 11
4 16
5 3
5 13
6 0
6 21
7 4
7 12
8 9
8 22
9 0
9 15
10 1
10 5
11 7
11 19
12 4
12 16
13 18
13 22
14 8
14 23
15 1
15 14
16 11
16 19
17 2
17 23
18 10
18 20
19 7
19 12
20 2
20 5
21 17
21 20
22 10
22 15
23 6
23 9

# solution 9
# n=24 sym=rot4 status=verified source=flammenkamp_cache/n24_rot4
# code=o9A895BIJ373LAC8JGMMNHN6L2H0601174FBD2KGK45CIEFDE
0 9
0 10
1 8
1 9
2 5
2 11
3 18
3 19
4 3
4 7
5 3
5 21
6 10
6 12
7 8
7 19
8 16
8 22
9 22
9 23
10 17
10 23
11 6
11 21
12 2
12 17
13 0
13 6
14 0
14 1
15 1
15 7
16 4
16 15
17 11
17 13
18 2
18 20
19 16
19 20
20 4
20 5
21 12
21 18
22 14
22 15
23 13
23 14

# solution 10
# n=24 sym=rot4 status=verified source=flammenkamp_cache/n24_rot4
# code=o9AEI5C48GK1LBD48GK1N6N2H6L0H0M37FJAC2M37FJBI59DE
0 9
0 10
1 14
1 18
2 5
2 12
3 4
3 8
4 16
4 20
5 1
5 21
6 11
6 13
7 4
7 8
8 16
8 20
9 1
9 23
10 6
10 23
11 2
11 17
12 6
12 21
13 0
13 17
14 0
14 22
15 3
15 7
16 15
16 19
17 10
17 12
18 2
18 22
19 3
19 7
20 15
20 19
21 11
21 18
22 5
22 9
23 13
23 14

# solution 11
# n=24 sym=rot4 status=verified source=flammenkamp_cache/n24_rot4
# code=o9AEF5C45GKKLBD481G1N6N2H6L0H0M7MFJAC2337IJBI89DE
0 9
0 10
1 14
1 15
2 5
2 12
3 4
3 5
4 16
4 20
5 20
5 21
6 11
6 13
7 4
7 8
8 1
8 16
9 1
9 23
10 6
10 23
11 2
11 17
12 6
12 21
13 0
13 17
14 0
14 22
15 7
15 22
16 15
16 19
17 10
17 12
18 2
18 3
19 3
19 7
20 18
20 19
21 11
21 18
22 8
22 9
23 13
23 14

# solution 12
# n=24 sym=rot4 status=verified source=flammenkamp_cache/n24_rot4
# code=o57BE4I3KAL2N8BFN7H1AEJHM1649DM6G08CF0L2D3K5J9CGI
0 5
0 7
1 11
1 14
2 4
2 18
3 3
3 20
4 10
4 21
5 2
5 23
6 8
6 11
7 15
7 23
8 7
8 17
9 1
9 10
10 14
10 19
11 17
11 22
12 1
12 6
13 4
13 9
14 13
14 22
15 6
15 16
16 0
16 8
17 12
17 15
18 0
18 21
19 2
19 13
20 3
20 20
21 5
21 19
22 9
22 12
23 16
23 18

# solution 13
# n=24 sym=rot4 status=verified source=flammenkamp_cache/n24_rot4
# code=oCF9DFHDJ357J2C9I02GM1306HNKM17LN5EBL4GIK4A68AE8B
0 12
0 15
1 9
1 13
2 15
2 17
3 13
3 19
4 3
4 5
5 7
5 19
6 2
6 12
7 9
7 18
8 0
8 2
9 16
9 22
10 1
10 3
11 0
11 6
12 17
12 23
13 20
13 22
14 1
14 7
15 21
15 23
16 5
16 14
17 11
17 21
18 4
18 16
19 18
19 20
20 4
20 10
21 6
21 8
22 10
22 14
23 8
23 11

# solution 14
# n=24 sym=rot4 status=verified source=flammenkamp_cache/n24_rot4
# code=oCF9DFH4D5K7J2C9I02GM1306HNKM17LN5EBL4G3IAJ68AE8B
0 12
0 15
1 9
1 13
2 15
2 17
3 4
3 13
4 5
4 20
5 7
5 19
6 2
6 12
7 9
7 18
8 0
8 2
9 16
9 22
10 1
10 3
11 0
11 6
12 17
12 23
13 20
13 22
14 1
14 7
15 21
15 23
16 5
16 14
17 11
17 21
18 4
18 16
19 3
19 18
20 10
20 19
21 6
21 8
22 10
22 14
23 8
23 11

# solution 15
# n=24 sym=rot4 status=verified source=flammenkamp_cache/n24_rot4
# code=o9F2CJM8G25CJ9D3A0KHN6G15IM7H063NDKAE4BIL7F14BL8E
0 9
0 15
1 2
1 12
2 19
2 22
3 8
3 16
4 2
4 5
5 12
5 19
6 9
6 13
7 3
7 10
8 0
8 20
9 17
9 23
10 6
10 16
11 1
11 5
12 18
12 22
13 7
13 17
14 0
14 6
15 3
15 23
16 13
16 20
17 10
17 14
18 4
18 11
19 18
19 21
20 7
20 15
21 1
21 4
22 11
22 21
23 8
23 14

# solution 16
# n=24 sym=rot4 status=verified source=flammenkamp_cache/n24_rot4
# code=oAF6B34HLBLEG3M5A095FGNJM14078IENDI1K792C26JKCH8D
0 10
0 15
1 6
1 11
2 3
2 4
3 17
3 21
4 11
4 21
5 14
5 16
6 3
6 22
7 5
7 10
8 0
8 9
9 5
9 15
10 16
10 23
11 19
11 22
12 1
12 4
13 0
13 7
14 8
14 18
15 14
15 23
16 13
16 18
17 1
17 20
18 7
18 9
19 2
19 12
20 2
20 6
21 19
21 20
22 12
22 17
23 8
23 13

# solution 17
# n=24 sym=rot4 status=verified source=flammenkamp_cache/n24_rot4
# code=oCIDI7F6E6B01JK8L2G3A1E0J4N9MDK7L2F34MNCH9H8G5A5B
0 12
0 18
1 13
1 18
2 7
2 15
3 6
3 14
4 6
4 11
5 0
5 1
6 19
6 20
7 8
7 21
8 2
8 16
9 3
9 10
10 1
10 14
11 0
11 19
12 4
12 23
13 9
13 22
14 13
14 20
15 7
15 21
16 2
16 15
17 3
17 4
18 22
18 23
19 12
19 17
20 9
20 17
21 8
21 16
22 5
22 10
23 5
23 11

# solution 18
# n=24 sym=rot4 status=verified source=flammenkamp_cache/n24_rot4
# code=o586C5HACDGLN2M499NFG4K13KM3J780EEJ1L027ABD6IBHFI
0 5
0 8
1 6
1 12
2 5
2 17
3 10
3 12
4 13
4 16
5 21
5 23
6 2
6 22
7 4
7 9
8 9
8 23
9 15
9 16
10 4
10 20
11 1
11 3
12 20
12 22
13 3
13 19
14 7
14 8
15 0
15 14
16 14
16 19
17 1
17 21
18 0
18 2
19 7
19 10
20 11
20 13
21 6
21 18
22 11
22 17
23 15
23 18

# solution 19
# n=24 sym=rot4 status=verified source=flammenkamp_cache/n24_rot4
# code=oCD7H3DBLGH8E144M9I5F020K3NLN8I5E1JJM9F672CAK6GAB
0 12
0 13
1 7
1 17
2 3
2 13
3 11
3 21
4 16
4 17
5 8
5 14
6 1
6 4
7 4
7 22
8 9
8 18
9 5
9 15
10 0
10 2
11 0
11 20
12 3
12 23
13 21
13 23
14 8
14 18
15 5
15 14
16 1
16 19
17 19
17 22
18 9
18 15
19 6
19 7
20 2
20 12
21 10
21 20
22 6
22 16
23 10
23 11

# solution 20
# n=24 sym=rot4 status=verified source=flammenkamp_cache/n24_rot4
# code=o8GBHCF9G4JDH15032NAK5E2M1L9I3D0LKNIM6A4J7E8B6C7F
0 8
0 16
1 11
1 17
2 12
2 15
3 9
3 16
4 4
4 19
5 13
5 17
6 1
6 5
7 0
7 3
8 2
8 23
9 10
9 20
10 5
10 14
11 2
11 22
12 1
12 21
13 9
13 18
14 3
14 13
15 0
15 21
16 20
16 23
17 18
17 22
18 6
18 10
19 4
19 19
20 7
20 14
21 8
21 11
22 6
22 12
23 7
23 15

# solution 21
# n=24 sym=rot4 status=verified source=flammenkamp_cache/n24_rot4
# code=o7BAI4BEH5L1J398NAG3HFMLN02186K7D0FEK4M2I69CJ5DCG
0 7
0 11
1 10
1 18
2 4
2 11
3 14
3 17
4 5
4 21
5 1
5 19
6 3
6 9
7 8
7 23
8 10
8 16
9 3
9 17
10 15
10 22
11 21
11 23
12 0
12 2
13 1
13 8
14 6
14 20
15 7
15 13
16 0
16 15
17 14
17 20
18 4
18 22
19 2
19 18
20 6
20 9
21 12
21 19
22 5
22 13
23 12
23 16

# solution 22
# n=24 sym=rot4 status=verified source=flammenkamp_cache/n24_rot4
# code=oBIHJ9B9G1D081D38GIKL46LN02HJ2357FKAMFNAM7ECE465C
0 11
0 18
1 17
1 19
2 9
2 11
3 9
3 16
4 1
4 13
5 0
5 8
6 1
6 13
7 3
7 8
8 16
8 18
9 20
9 21
10 4
10 6
11 21
11 23
12 0
12 2
13 17
13 19
14 2
14 3
15 5
15 7
16 15
16 20
17 10
17 22
18 15
18 23
19 10
19 22
20 7
20 14
21 12
21 14
22 4
22 6
23 5
23 12

# solution 23
# n=24 sym=rot4 status=verified source=flammenkamp_cache/n24_rot4
# code=oBLCF077DDH694IKL19FI341N0MJK58EM235JEH6AAGGN8B2C
0 11
0 21
1 12
1 15
2 0
2 7
3 7
3 13
4 13
4 17
5 6
5 9
6 4
6 18
7 20
7 21
8 1
8 9
9 15
9 18
10 3
10 4
11 1
11 23
12 0
12 22
13 19
13 20
14 5
14 8
15 14
15 22
16 2
16 3
17 5
17 19
18 14
18 17
19 6
19 10
20 10
20 16
21 16
21 23
22 8
22 11
23 2
23 12

