# solution 1
# n=25 sym=dia2 status=verified source=flammenkamp_cache/n25_dia2
# code=xBE8HJM79GJKM9B3N1K36CO06AEIO0CIL4N1LDF2458FH257GAD
0 11
0 14
1 8
1 17
2 19
2 22
3 7
3 9
4 16
4 19
5 20
5 22
6 9
6 11
7 3
7 23
8 1
8 20
9 3
9 6
10 12
10 24
11 0
11 6
12 10
12 14
13 18
13 24
14 0
14 12
15 18
15 21
16 4
16 23
17 1
17 21
18 13
18 15
19 2
19 4
20 5
20 8
21 15
21 17
22 2
22 5
23 7
23 16
24 10
24 13

# solution 2
# n=25 sym=dia2 status=verified source=flammenkamp_cache/n25_dia2
# code=x684CFHDF154A08EM06LM5HBL1N3D7J23IO2AGOEKJN9B79CKGI
0 6
0 8
1 4
1 12
2 15
2 17
3 13
3 15
4 1
4 5
5 4
5 10
6 0
6 8
7 14
7 22
8 0
8 6
9 21
9 22
10 5
10 17
11 11
11 21
12 1
12 23
13 3
13 13
14 7
14 19
15 2
15 3
16 18
16 24
17 2
17 10
18 16
18 24
19 14
19 20
20 19
20 23
21 9
21 11
22 7
22 9
23 12
23 20
24 16
24 18

