# solution 1
# n=25 sym=rct4 status=verified source=flammenkamp_cache/n25_rct4
# code=cBF6G6C34GL7AMNFJ1407BJEO2M0A5DHOKN5912EH38KLCI8I9D
0 11
0 15
1 6
1 16
2 6
2 12
3 3
3 4
4 16
4 21
5 7
5 10
6 22
6 23
7 15
7 19
8 1
8 4
9 0
9 7
10 11
10 19
11 14
11 24
12 2
12 22
13 0
13 10
14 5
14 13
15 17
15 24
16 20
16 23
17 5
17 9
18 1
18 2
19 14
19 17
20 3
20 8
21 20
21 21
22 12
22 18
23 8
23 18
24 9
24 13

# solution 2
# n=25 sym=rct4 status=verified source=flammenkamp_cache/n25_rct4
# code=cCDAIBHHK3J491823AI9JGN0M0O2O185F6ELMGNFK5L477D6EBC
0 12
0 13
1 10
1 18
2 11
2 17
3 17
3 20
4 3
4 19
5 4
5 9
6 1
6 8
7 2
7 3
8 10
8 18
9 9
9 19
10 16
10 23
11 0
11 22
12 0
12 24
13 2
13 24
14 1
14 8
15 5
15 15
16 6
16 14
17 21
17 22
18 16
18 23
19 15
19 20
20 5
20 21
21 4
21 7
22 7
22 13
23 6
23 14
24 11
24 12

# solution 3
# n=25 sym=rct4 status=verified source=flammenkamp_cache/n25_rct4
# code=cBC6ADH475LFKGN2L6A59GN2O0O0M18FJEI3M18493JHK7BEICD
0 11
0 12
1 6
1 10
2 13
2 17
3 4
3 7
4 5
4 21
5 15
5 20
6 16
6 23
7 2
7 21
8 6
8 10
9 5
9 9
10 16
10 23
11 2
11 24
12 0
12 24
13 0
13 22
14 1
14 8
15 15
15 19
16 14
16 18
17 3
17 22
18 1
18 8
19 4
19 9
20 3
20 19
21 17
21 20
22 7
22 11
23 14
23 18
24 12
24 13

