# solution 1
# n=25 sym=dia1 status=verified source=flammenkamp_cache/n25_dia1
# code=/BEAI387IEH1DLN6K0B47KO1J0CGO3N289MFL2H455FAM69DJCG
0 11
0 14
1 10
1 18
2 3
2 8
3 7
3 18
4 14
4 17
5 1
5 13
6 21
6 23
7 6
7 20
8 0
8 11
9 4
9 7
10 20
10 24
11 1
11 19
12 0
12 12
13 16
13 24
14 3
14 23
15 2
15 8
16 9
16 22
17 15
17 21
18 2
18 17
19 4
19 5
20 5
20 15
21 10
21 22
22 6
22 9
23 13
23 19
24 12
24 16

# solution 2
# n=25 sym=dia1 status=verified source=flammenkamp_cache/n25_dia1
# code=/190BHIDE6JDM48IL6O0CJO1B9C353HMNKN2E274AGL7K5FFG8A
0 1
0 9
1 0
1 11
2 17
2 18
3 13
3 14
4 6
4 19
5 13
5 22
6 4
6 8
7 18
7 21
8 6
8 24
9 0
9 12
10 19
10 24
11 1
11 11
12 9
12 12
13 3
13 5
14 3
14 17
15 22
15 23
16 20
16 23
17 2
17 14
18 2
18 7
19 4
19 10
20 16
20 21
21 7
21 20
22 5
22 15
23 15
23 16
24 8
24 10

# solution 3
# n=25 sym=dia1 status=verified source=flammenkamp_cache/n25_dia1
# code=/6D3JEL18EHHL0N8A37AI79KMCI0O24KNGO459C1MBF25BJ6FDG
0 6
0 13
1 3
1 19
2 14
2 21
3 1
3 8
4 14
4 17
5 17
5 21
6 0
6 23
7 8
7 10
8 3
8 7
9 10
9 18
10 7
10 9
11 20
11 22
12 12
12 18
13 0
13 24
14 2
14 4
15 20
15 23
16 16
16 24
17 4
17 5
18 9
18 12
19 1
19 22
20 11
20 15
21 2
21 5
22 11
22 19
23 6
23 15
24 13
24 16

# solution 4
# n=25 sym=dia1 status=verified source=flammenkamp_cache/n25_dia1
# code=/DLAG5E7J8E2K8O3H46BH1N9CBF0J24CM1N79IO3D5K0MFLAG6I
0 13
0 21
1 10
1 16
2 5
2 14
3 7
3 19
4 8
4 14
5 2
5 20
6 8
6 24
7 3
7 17
8 4
8 6
9 11
9 17
10 1
10 23
11 9
11 12
12 11
12 15
13 0
13 19
14 2
14 4
15 12
15 22
16 1
16 23
17 7
17 9
18 18
18 24
19 3
19 13
20 5
20 20
21 0
21 22
22 15
22 21
23 10
23 16
24 6
24 18

# solution 5
# n=25 sym=dia1 status=verified source=flammenkamp_cache/n25_dia1
# code=/EG6IAD56HL3513FM9J8L2ECHBO2M0A7O0I4B1G8NKN497DJKCF
0 14
0 16
1 6
1 18
2 10
2 13
3 5
3 6
4 17
4 21
5 3
5 5
6 1
6 3
7 15
7 22
8 9
8 19
9 8
9 21
10 2
10 14
11 12
11 17
12 11
12 24
13 2
13 22
14 0
14 10
15 7
15 24
16 0
16 18
17 4
17 11
18 1
18 16
19 8
19 23
20 20
20 23
21 4
21 9
22 7
22 13
23 19
23 20
24 12
24 15

# solution 6
# n=25 sym=dia1 status=verified source=flammenkamp_cache/n25_dia1
# code=/9OADEG356I3F4JACLO0J17CG7B1H2M5N2BDK4M69HL8KEIFN08
0 9
0 24
1 10
1 13
2 14
2 16
3 3
3 5
4 6
4 18
5 3
5 15
6 4
6 19
7 10
7 12
8 21
8 24
9 0
9 19
10 1
10 7
11 12
11 16
12 7
12 11
13 1
13 17
14 2
14 22
15 5
15 23
16 2
16 11
17 13
17 20
18 4
18 22
19 6
19 9
20 17
20 21
21 8
21 20
22 14
22 18
23 15
23 23
24 0
24 8

# solution 7
# n=25 sym=dia1 status=verified source=flammenkamp_cache/n25_dia1
# code=/AE4C27HI1MDH9A2KGK6O06CI1B5J0OFL8N353BDN78FM4LGJ9E
0 10
0 14
1 4
1 12
2 2
2 7
3 17
3 18
4 1
4 22
5 13
5 17
6 9
6 10
7 2
7 20
8 16
8 20
9 6
9 24
10 0
10 6
11 12
11 18
12 1
12 11
13 5
13 19
14 0
14 24
15 15
15 21
16 8
16 23
17 3
17 5
18 3
18 11
19 13
19 23
20 7
20 8
21 15
21 22
22 4
22 21
23 16
23 19
24 9
24 14

# solution 8
# n=25 sym=dia1 status=verified source=flammenkamp_cache/n25_dia1
# code=/5DEF789I470EIM242A3K8CFJAO0O151BJNHL36BG9LHK6NGMCD
0 5
0 13
1 14
1 15
2 7
2 8
3 9
3 18
4 4
4 7
5 0
5 14
6 18
6 22
7 2
7 4
8 2
8 10
9 3
9 20
10 8
10 12
11 15
11 19
12 10
12 24
13 0
13 24
14 1
14 5
15 1
15 11
16 19
16 23
17 17
17 21
18 3
18 6
19 11
19 16
20 9
20 21
21 17
21 20
22 6
22 23
23 16
23 22
24 12
24 13

# solution 9
# n=25 sym=dia1 status=verified source=flammenkamp_cache/n25_dia1
# code=/08BN9IIKDL5B7D6M0K2HCO15AF46GJCOEJ9L23EG384H7N1MAF
0 0
0 8
1 11
1 23
2 9
2 18
3 18
3 20
4 13
4 21
5 5
5 11
6 7
6 13
7 6
7 22
8 0
8 20
9 2
9 17
10 12
10 24
11 1
11 5
12 10
12 15
13 4
13 6
14 16
14 19
15 12
15 24
16 14
16 19
17 9
17 21
18 2
18 3
19 14
19 16
20 3
20 8
21 4
21 17
22 7
22 23
23 1
23 22
24 10
24 15

# solution 10
# n=25 sym=dia1 status=verified source=flammenkamp_cache/n25_dia1
# code=/IK68BN8ODF5916HJ135LCI2MAK4GLO4GDF7J0A7H0C9EBN2M3E
0 18
0 20
1 6
1 8
2 11
2 23
3 8
3 24
4 13
4 15
5 5
5 9
6 1
6 6
7 17
7 19
8 1
8 3
9 5
9 21
10 12
10 18
11 2
11 22
12 10
12 20
13 4
13 16
14 21
14 24
15 4
15 16
16 13
16 15
17 7
17 19
18 0
18 10
19 7
19 17
20 0
20 12
21 9
21 14
22 11
22 23
23 2
23 22
24 3
24 14

# solution 11
# n=25 sym=dia1 status=verified source=flammenkamp_cache/n25_dia1
# code=/8BFH3823JLCEMOEH02INAC0O5AGI571NDL179D4KJM4G6K9F6B
0 8
0 11
1 15
1 17
2 3
2 8
3 2
3 3
4 19
4 21
5 12
5 14
6 22
6 24
7 14
7 17
8 0
8 2
9 18
9 23
10 10
10 12
11 0
11 24
12 5
12 10
13 16
13 18
14 5
14 7
15 1
15 23
16 13
16 21
17 1
17 7
18 9
18 13
19 4
19 20
20 19
20 22
21 4
21 16
22 6
22 20
23 9
23 15
24 6
24 11

# solution 12
# n=25 sym=dia1 status=verified source=flammenkamp_cache/n25_dia1
# code=/9AGNIJ5B19IMJM6B4N1C4A060FHLEOKO2327DH3LEG5878FKCD
0 9
0 10
1 16
1 23
2 18
2 19
3 5
3 11
4 1
4 9
5 18
5 22
6 19
6 22
7 6
7 11
8 4
8 23
9 1
9 12
10 4
10 10
11 0
11 6
12 0
12 15
13 17
13 21
14 14
14 24
15 20
15 24
16 2
16 3
17 2
17 7
18 13
18 17
19 3
19 21
20 14
20 16
21 5
21 8
22 7
22 8
23 15
23 20
24 12
24 13

# solution 13
# n=25 sym=dia1 status=verified source=flammenkamp_cache/n25_dia1
# code=/7DEJ8A5MFJ3CIO0M28CH2LBN590F1N4DHK9G6O14GLAK37BE6I
0 7
0 13
1 14
1 19
2 8
2 10
3 5
3 22
4 15
4 19
5 3
5 12
6 18
6 24
7 0
7 22
8 2
8 8
9 12
9 17
10 2
10 21
11 11
11 23
12 5
12 9
13 0
13 15
14 1
14 23
15 4
15 13
16 17
16 20
17 9
17 16
18 6
18 24
19 1
19 4
20 16
20 21
21 10
21 20
22 3
22 7
23 11
23 14
24 6
24 18

# solution 14
# n=25 sym=dia1 status=verified source=flammenkamp_cache/n25_dia1
# code=/5E18FHCJJM07EM5H1ACI8OLO39GI062NDN279D34KLBK46FGAB
0 5
0 14
1 1
1 8
2 15
2 17
3 12
3 19
4 19
4 22
5 0
5 7
6 14
6 22
7 5
7 17
8 1
8 10
9 12
9 18
10 8
10 24
11 21
11 24
12 3
12 9
13 16
13 18
14 0
14 6
15 2
15 23
16 13
16 23
17 2
17 7
18 9
18 13
19 3
19 4
20 20
20 21
21 11
21 20
22 4
22 6
23 15
23 16
24 10
24 11

# solution 15
# n=25 sym=dia1 status=verified source=flammenkamp_cache/n25_dia1
# code=/CF8AFN453K35EGLM1I9C1LGJ09MO6J026BNO8KBE4I7A7D2HDH
0 12
0 15
1 8
1 10
2 15
2 23
3 4
3 5
4 3
4 20
5 3
5 5
6 14
6 16
7 21
7 22
8 1
8 18
9 9
9 12
10 1
10 21
11 16
11 19
12 0
12 9
13 22
13 24
14 6
14 19
15 0
15 2
16 6
16 11
17 23
17 24
18 8
18 20
19 11
19 14
20 4
20 18
21 7
21 10
22 7
22 13
23 2
23 17
24 13
24 17

# solution 16
# n=25 sym=dia1 status=verified source=flammenkamp_cache/n25_dia1
# code=/DHDM48JO2G6A5KCL2H9C5NJK7901FIEM4O08EI3B6B7N1FAL3G
0 13
0 17
1 13
1 22
2 4
2 8
3 19
3 24
4 2
4 16
5 6
5 10
6 5
6 20
7 12
7 21
8 2
8 17
9 9
9 12
10 5
10 23
11 19
11 20
12 7
12 9
13 0
13 1
14 15
14 18
15 14
15 22
16 4
16 24
17 0
17 8
18 14
18 18
19 3
19 11
20 6
20 11
21 7
21 23
22 1
22 15
23 10
23 21
24 3
24 16

# solution 17
# n=25 sym=dia1 status=verified source=flammenkamp_cache/n25_dia1
# code=/0A4FAFIM154E8IBG6CJN027B8OEK5D127LMO369LDNGJ3H9KCH
0 0
0 10
1 4
1 15
2 10
2 15
3 18
3 22
4 1
4 5
5 4
5 14
6 8
6 18
7 11
7 16
8 6
8 12
9 19
9 23
10 0
10 2
11 7
11 11
12 8
12 24
13 14
13 20
14 5
14 13
15 1
15 2
16 7
16 21
17 22
17 24
18 3
18 6
19 9
19 21
20 13
20 23
21 16
21 19
22 3
22 17
23 9
23 20
24 12
24 17

# solution 18
# n=25 sym=dia1 status=verified source=flammenkamp_cache/n25_dia1
# code=/FL9E59KO6L34HIDI5C0O2NBH7G1D03MN164C8KGM7JAJ2E8BAF
0 15
0 21
1 9
1 14
2 5
2 9
3 20
3 24
4 6
4 21
5 3
5 4
6 17
6 18
7 13
7 18
8 5
8 12
9 0
9 24
10 2
10 23
11 11
11 17
12 7
12 16
13 1
13 13
14 0
14 3
15 22
15 23
16 1
16 6
17 4
17 12
18 8
18 20
19 16
19 22
20 7
20 19
21 10
21 19
22 2
22 14
23 8
23 11
24 10
24 15

# solution 19
# n=25 sym=dia1 status=verified source=flammenkamp_cache/n25_dia1
# code=/7JAE5GBD494OHI2ICM7B3N1L6GFL0N6K13FO9C2MJK8E5H8D0A
0 7
0 19
1 10
1 14
2 5
2 16
3 11
3 13
4 4
4 9
5 4
5 24
6 17
6 18
7 2
7 18
8 12
8 22
9 7
9 11
10 3
10 23
11 1
11 21
12 6
12 16
13 15
13 21
14 0
14 23
15 6
15 20
16 1
16 3
17 15
17 24
18 9
18 12
19 2
19 22
20 19
20 20
21 8
21 14
22 5
22 17
23 8
23 13
24 0
24 10

# solution 20
# n=25 sym=dia1 status=verified source=flammenkamp_cache/n25_dia1
# code=/FI6ICMAE1A57NO3FBCHO8L05GM4GKL018E4J2NDJ7B2H369K9D
0 15
0 18
1 6
1 18
2 12
2 22
3 10
3 14
4 1
4 10
5 5
5 7
6 23
6 24
7 3
7 15
8 11
8 12
9 17
9 24
10 8
10 21
11 0
11 5
12 16
12 22
13 4
13 16
14 20
14 21
15 0
15 1
16 8
16 14
17 4
17 19
18 2
18 23
19 13
19 19
20 7
20 11
21 2
21 17
22 3
22 6
23 9
23 20
24 9
24 13

# solution 21
# n=25 sym=dia1 status=verified source=flammenkamp_cache/n25_dia1
# code=/HO2CFK8JAM3L89EO7C2MAH57GN03EK6IILDG194D45BJFN061B
0 17
0 24
1 2
1 12
2 15
2 20
3 8
3 19
4 10
4 22
5 3
5 21
6 8
6 9
7 14
7 24
8 7
8 12
9 2
9 22
10 10
10 17
11 5
11 7
12 16
12 23
13 0
13 3
14 14
14 20
15 6
15 18
16 18
16 21
17 13
17 16
18 1
18 9
19 4
19 13
20 4
20 5
21 11
21 19
22 15
22 23
23 0
23 6
24 1
24 11

# solution 22
# n=25 sym=dia1 status=verified source=flammenkamp_cache/n25_dia1
# code=/5KBE0AILAO4CFL479C1I0N27GJ2NKM8G39DH163OHJ58BD6FEM
0 5
0 20
1 11
1 14
2 0
2 10
3 18
3 21
4 10
4 24
5 4
5 12
6 15
6 21
7 4
7 7
8 9
8 12
9 1
9 18
10 0
10 23
11 2
11 7
12 16
12 19
13 2
13 23
14 20
14 22
15 8
15 16
16 3
16 9
17 13
17 17
18 1
18 6
19 3
19 24
20 17
20 19
21 5
21 8
22 11
22 13
23 6
23 15
24 14
24 22

# solution 23
# n=25 sym=dia1 status=verified source=flammenkamp_cache/n25_dia1
# code=/9D4D8GGK1C6L59HL2C06HKBN4801IJMO237AENEJ3A57FOBIFM
0 9
0 13
1 4
1 13
2 8
2 16
3 16
3 20
4 1
4 12
5 6
5 21
6 5
6 9
7 17
7 21
8 2
8 12
9 0
9 6
10 17
10 20
11 11
11 23
12 4
12 8
13 0
13 1
14 18
14 19
15 22
15 24
16 2
16 3
17 7
17 10
18 14
18 23
19 14
19 19
20 3
20 10
21 5
21 7
22 15
22 24
23 11
23 18
24 15
24 22

# solution 24
# n=25 sym=dia1 status=verified source=flammenkamp_cache/n25_dia1
# code=/EF5AGL5A8D13MNCF4GBO139L7I4N0K0728IKCHMOEH2B6J6D9J
0 14
0 15
1 5
1 10
2 16
2 21
3 5
3 10
4 8
4 13
5 1
5 3
6 22
6 23
7 12
7 15
8 4
8 16
9 11
9 24
10 1
10 3
11 9
11 21
12 7
12 18
13 4
13 23
14 0
14 20
15 0
15 7
16 2
16 8
17 18
17 20
18 12
18 17
19 22
19 24
20 14
20 17
21 2
21 11
22 6
22 19
23 6
23 13
24 9
24 19

# solution 25
# n=25 sym=dia1 status=verified source=flammenkamp_cache/n25_dia1
# code=/EI7DIJ5A7JKMMO6C1403BO9N4H2E9LAD26KN8H0LCG1F8B3G5F
0 14
0 18
1 7
1 13
2 18
2 19
3 5
3 10
4 7
4 19
5 20
5 22
6 22
6 24
7 6
7 12
8 1
8 4
9 0
9 3
10 11
10 24
11 9
11 23
12 4
12 17
13 2
13 14
14 9
14 21
15 10
15 13
16 2
16 6
17 20
17 23
18 8
18 17
19 0
19 21
20 12
20 16
21 1
21 15
22 8
22 11
23 3
23 16
24 5
24 15

# solution 26
# n=25 sym=dia1 status=verified source=flammenkamp_cache/n25_dia1
# code=/6BEFFLIL59450KCDAK4O8M0B7M7N1H12JNEO3JGI6823ACDG9H
0 6
0 11
1 14
1 15
2 15
2 21
3 18
3 21
4 5
4 9
5 4
5 5
6 0
6 20
7 12
7 13
8 10
8 20
9 4
9 24
10 8
10 22
11 0
11 11
12 7
12 22
13 7
13 23
14 1
14 17
15 1
15 2
16 19
16 23
17 14
17 24
18 3
18 19
19 16
19 18
20 6
20 8
21 2
21 3
22 10
22 12
23 13
23 16
24 9
24 17

# solution 27
# n=25 sym=dia1 status=verified source=flammenkamp_cache/n25_dia1
# code=/DK9B4D8O2JCK8OCL3619EG1B5702AIMNAHGNEL4M057IFJFH36
0 13
0 20
1 9
1 11
2 4
2 13
3 8
3 24
4 2
4 19
5 12
5 20
6 8
6 24
7 12
7 21
8 3
8 6
9 1
9 9
10 14
10 16
11 1
11 11
12 5
12 7
13 0
13 2
14 10
14 18
15 22
15 23
16 10
16 17
17 16
17 23
18 14
18 21
19 4
19 22
20 0
20 5
21 7
21 18
22 15
22 19
23 15
23 17
24 3
24 6

# solution 28
# n=25 sym=dia1 status=verified source=flammenkamp_cache/n25_dia1
# code=/BD5GGK699M5HDE3JMN67BIIO27EO01KL14CFFLJN482H3C8A0A
0 11
0 13
1 5
1 16
2 16
2 20
3 6
3 9
4 9
4 22
5 5
5 17
6 13
6 14
7 3
7 19
8 22
8 23
9 6
9 7
10 11
10 18
11 18
11 24
12 2
12 7
13 14
13 24
14 0
14 1
15 20
15 21
16 1
16 4
17 12
17 15
18 15
18 21
19 19
19 23
20 4
20 8
21 2
21 17
22 3
22 12
23 8
23 10
24 0
24 10

# solution 29
# n=25 sym=dia1 status=verified source=flammenkamp_cache/n25_dia1
# code=/EG6B3F2C47GK1746EKBNHN193IIO082O05ALCDLM58HJJM9ADF
0 14
0 16
1 6
1 11
2 3
2 15
3 2
3 12
4 4
4 7
5 16
5 20
6 1
6 7
7 4
7 6
8 14
8 20
9 11
9 23
10 17
10 23
11 1
11 9
12 3
12 18
13 18
13 24
14 0
14 8
15 2
15 24
16 0
16 5
17 10
17 21
18 12
18 13
19 21
19 22
20 5
20 8
21 17
21 19
22 19
22 22
23 9
23 10
24 13
24 15

# solution 30
# n=25 sym=dia1 status=verified source=flammenkamp_cache/n25_dia1
# code=/GHBE392JAJ5FCOIMBD2H4O186L8I1L5N0K097D34GKCE7NFM6A
0 16
0 17
1 11
1 14
2 3
2 9
3 2
3 19
4 10
4 19
5 5
5 15
6 12
6 24
7 18
7 22
8 11
8 13
9 2
9 17
10 4
10 24
11 1
11 8
12 6
12 21
13 8
13 18
14 1
14 21
15 5
15 23
16 0
16 20
17 0
17 9
18 7
18 13
19 3
19 4
20 16
20 20
21 12
21 14
22 7
22 23
23 15
23 22
24 6
24 10

# solution 31
# n=25 sym=dia1 status=verified source=flammenkamp_cache/n25_dia1
# code=/8G489FHL19EK6CLM0124MNBF6OEH5D2B0J3DNOGK5J377AAICI
0 8
0 16
1 4
1 8
2 9
2 15
3 17
3 21
4 1
4 9
5 14
5 20
6 6
6 12
7 21
7 22
8 0
8 1
9 2
9 4
10 22
10 23
11 11
11 15
12 6
12 24
13 14
13 17
14 5
14 13
15 2
15 11
16 0
16 19
17 3
17 13
18 23
18 24
19 16
19 20
20 5
20 19
21 3
21 7
22 7
22 10
23 10
23 18
24 12
24 18

# solution 32
# n=25 sym=dia1 status=verified source=flammenkamp_cache/n25_dia1
# code=/29AE06BL9FDO26IJEO041B3AIM5N184KHNGK7C7MFH3LCJDG58
0 2
0 9
1 10
1 14
2 0
2 6
3 11
3 21
4 9
4 15
5 13
5 24
6 2
6 6
7 18
7 19
8 14
8 24
9 0
9 4
10 1
10 11
11 3
11 10
12 18
12 22
13 5
13 23
14 1
14 8
15 4
15 20
16 17
16 23
17 16
17 20
18 7
18 12
19 7
19 22
20 15
20 17
21 3
21 21
22 12
22 19
23 13
23 16
24 5
24 8

# solution 33
# n=25 sym=dia1 status=verified source=flammenkamp_cache/n25_dia1
# code=/7DEF4G5K283LFI0A4OLO7ABEJM0N1B162MIN6HCK3J59CGDH89
0 7
0 13
1 14
1 15
2 4
2 16
3 5
3 20
4 2
4 8
5 3
5 21
6 15
6 18
7 0
7 10
8 4
8 24
9 21
9 24
10 7
10 10
11 11
11 14
12 19
12 22
13 0
13 23
14 1
14 11
15 1
15 6
16 2
16 22
17 18
17 23
18 6
18 17
19 12
19 20
20 3
20 19
21 5
21 9
22 12
22 16
23 13
23 17
24 8
24 9

# solution 34
# n=25 sym=dia1 status=verified source=flammenkamp_cache/n25_dia1
# code=/1A0EFK694L9D3NDLIM350BAGJO571I2NBJMO8ECG2K478H6FCH
0 1
0 10
1 0
1 14
2 15
2 20
3 6
3 9
4 4
4 21
5 9
5 13
6 3
6 23
7 13
7 21
8 18
8 22
9 3
9 5
10 0
10 11
11 10
11 16
12 19
12 24
13 5
13 7
14 1
14 18
15 2
15 23
16 11
16 19
17 22
17 24
18 8
18 14
19 12
19 16
20 2
20 20
21 4
21 7
22 8
22 17
23 6
23 15
24 12
24 17

# solution 35
# n=25 sym=dia1 status=verified source=flammenkamp_cache/n25_dia1
# code=/9I8G56EG4C2H5OHJLN7BBL013KEF017O4N9F3MIM8K6C2JADAD
0 9
0 18
1 8
1 16
2 5
2 6
3 14
3 16
4 4
4 12
5 2
5 17
6 5
6 24
7 17
7 19
8 21
8 23
9 7
9 11
10 11
10 21
11 0
11 1
12 3
12 20
13 14
13 15
14 0
14 1
15 7
15 24
16 4
16 23
17 9
17 15
18 3
18 22
19 18
19 22
20 8
20 20
21 6
21 12
22 2
22 19
23 10
23 13
24 10
24 13

# solution 36
# n=25 sym=dia1 status=verified source=flammenkamp_cache/n25_dia1
# code=/9ICD5DGH6M274A5HKN0O6BAG1K12FLEN3B370IMO8CEL4J8F9J
0 9
0 18
1 12
1 13
2 5
2 13
3 16
3 17
4 6
4 22
5 2
5 7
6 4
6 10
7 5
7 17
8 20
8 23
9 0
9 24
10 6
10 11
11 10
11 16
12 1
12 20
13 1
13 2
14 15
14 21
15 14
15 23
16 3
16 11
17 3
17 7
18 0
18 18
19 22
19 24
20 8
20 12
21 14
21 21
22 4
22 19
23 8
23 15
24 9
24 19

# solution 37
# n=25 sym=dia1 status=verified source=flammenkamp_cache/n25_dia1
# code=/BC8N8N5FAH3L7H6M12DO4A0G0K9IMO3JBJ46DLFGCK5I7E129E
0 11
0 12
1 8
1 23
2 8
2 23
3 5
3 15
4 10
4 17
5 3
5 21
6 7
6 17
7 6
7 22
8 1
8 2
9 13
9 24
10 4
10 10
11 0
11 16
12 0
12 20
13 9
13 18
14 22
14 24
15 3
15 19
16 11
16 19
17 4
17 6
18 13
18 21
19 15
19 16
20 12
20 20
21 5
21 18
22 7
22 14
23 1
23 2
24 9
24 14

# solution 38
# n=25 sym=dia1 status=verified source=flammenkamp_cache/n25_dia1
# code=/79DE69GJEL5F260OKM02BOAFKL1G145B3DMNJN3I8C4C8HHI7A
0 7
0 9
1 13
1 14
2 6
2 9
3 16
3 19
4 14
4 21
5 5
5 15
6 2
6 6
7 0
7 24
8 20
8 22
9 0
9 2
10 11
10 24
11 10
11 15
12 20
12 21
13 1
13 16
14 1
14 4
15 5
15 11
16 3
16 13
17 22
17 23
18 19
18 23
19 3
19 18
20 8
20 12
21 4
21 12
22 8
22 17
23 17
23 18
24 7
24 10

# solution 39
# n=25 sym=dia1 status=verified source=flammenkamp_cache/n25_dia1
# code=/7IFI278MBDFN6L023EHMBO4AKL4G8O15DJ9N01GKCJ6C395HAE
0 7
0 18
1 15
1 18
2 2
2 7
3 8
3 22
4 11
4 13
5 15
5 23
6 6
6 21
7 0
7 2
8 3
8 14
9 17
9 22
10 11
10 24
11 4
11 10
12 20
12 21
13 4
13 16
14 8
14 24
15 1
15 5
16 13
16 19
17 9
17 23
18 0
18 1
19 16
19 20
20 12
20 19
21 6
21 12
22 3
22 9
23 5
23 17
24 10
24 14

# solution 40
# n=25 sym=dia1 status=verified source=flammenkamp_cache/n25_dia1
# code=/BC7I4LIM3C9FLN25BFGJ3A02KOGOAE7J169N085H1MEKDH486D
0 11
0 12
1 7
1 18
2 4
2 21
3 18
3 22
4 3
4 12
5 9
5 15
6 21
6 23
7 2
7 5
8 11
8 15
9 16
9 19
10 3
10 10
11 0
11 2
12 20
12 24
13 16
13 24
14 10
14 14
15 7
15 19
16 1
16 6
17 9
17 23
18 0
18 8
19 5
19 17
20 1
20 22
21 14
21 20
22 13
22 17
23 4
23 8
24 6
24 13

# solution 41
# n=25 sym=dia1 status=verified source=flammenkamp_cache/n25_dia1
# code=/5B9H9JCD4I4M1K3NAE03BG8L1LEO0GMN8D27256OJKFH67CIAF
0 5
0 11
1 9
1 17
2 9
2 19
3 12
3 13
4 4
4 18
5 4
5 22
6 1
6 20
7 3
7 23
8 10
8 14
9 0
9 3
10 11
10 16
11 8
11 21
12 1
12 21
13 14
13 24
14 0
14 16
15 22
15 23
16 8
16 13
17 2
17 7
18 2
18 5
19 6
19 24
20 19
20 20
21 15
21 17
22 6
22 7
23 12
23 18
24 10
24 15

# solution 42
# n=25 sym=dia1 status=verified source=flammenkamp_cache/n25_dia1
# code=/3BHIAB0C5L45HK9MEG7L2A023OFI8ODK8N161DMN6F497JGJCE
0 3
0 11
1 17
1 18
2 10
2 11
3 0
3 12
4 5
4 21
5 4
5 5
6 17
6 20
7 9
7 22
8 14
8 16
9 7
9 21
10 2
10 10
11 0
11 2
12 3
12 24
13 15
13 18
14 8
14 24
15 13
15 20
16 8
16 23
17 1
17 6
18 1
18 13
19 22
19 23
20 6
20 15
21 4
21 9
22 7
22 19
23 16
23 19
24 12
24 14

# solution 43
# n=25 sym=dia1 status=verified source=flammenkamp_cache/n25_dia1
# code=/EG5C7HCK5L38EIDM0O26IOBHLN8D0426BJ1M9FKN3A4J9F17AG
0 14
0 16
1 5
1 12
2 7
2 17
3 12
3 20
4 5
4 21
5 3
5 8
6 14
6 18
7 13
7 22
8 0
8 24
9 2
9 6
10 18
10 24
11 11
11 17
12 21
12 23
13 8
13 13
14 0
14 4
15 2
15 6
16 11
16 19
17 1
17 22
18 9
18 15
19 20
19 23
20 3
20 10
21 4
21 19
22 9
22 15
23 1
23 7
24 10
24 16

# solution 44
# n=25 sym=dia1 status=verified source=flammenkamp_cache/n25_dia1
# code=/4J8CEF9H07DIIL471N3NBFAH1M5O2G2AEO3B560JLM6KCK89DG
0 4
0 19
1 8
1 12
2 14
2 15
3 9
3 17
4 0
4 7
5 13
5 18
6 18
6 21
7 4
7 7
8 1
8 23
9 3
9 23
10 11
10 15
11 10
11 17
12 1
12 22
13 5
13 24
14 2
14 16
15 2
15 10
16 14
16 24
17 3
17 11
18 5
18 6
19 0
19 19
20 21
20 22
21 6
21 20
22 12
22 20
23 8
23 9
24 13
24 16

# solution 45
# n=25 sym=dia1 status=verified source=flammenkamp_cache/n25_dia1
# code=/7A14CD9I1M6I5706EG390MGK2O2H8NJK8BDO35FLBFJN4AELCH
0 7
0 10
1 1
1 4
2 12
2 13
3 9
3 18
4 1
4 22
5 6
5 18
6 5
6 7
7 0
7 6
8 14
8 16
9 3
9 9
10 0
10 22
11 16
11 20
12 2
12 24
13 2
13 17
14 8
14 23
15 19
15 20
16 8
16 11
17 13
17 24
18 3
18 5
19 15
19 21
20 11
20 15
21 19
21 23
22 4
22 10
23 14
23 21
24 12
24 17

# solution 46
# n=25 sym=dia1 status=verified source=flammenkamp_cache/n25_dia1
# code=/BC67FGBK5F451716EGILAN030MIM8O2428JO9DHL3N9JCDAKEH
0 11
0 12
1 6
1 7
2 15
2 16
3 11
3 20
4 5
4 15
5 4
5 5
6 1
6 7
7 1
7 6
8 14
8 16
9 18
9 21
10 10
10 23
11 0
11 3
12 0
12 22
13 18
13 22
14 8
14 24
15 2
15 4
16 2
16 8
17 19
17 24
18 9
18 13
19 17
19 21
20 3
20 23
21 9
21 19
22 12
22 13
23 10
23 20
24 14
24 17

# solution 47
# n=25 sym=dia1 status=verified source=flammenkamp_cache/n25_dia1
# code=/FK066KBDMO8E3I8E02BOHJ7L12FL5713HJADMN4A459ICG9CGN
0 15
0 20
1 0
1 6
2 6
2 20
3 11
3 13
4 22
4 24
5 8
5 14
6 3
6 18
7 8
7 14
8 0
8 2
9 11
9 24
10 17
10 19
11 7
11 21
12 1
12 2
13 15
13 21
14 5
14 7
15 1
15 3
16 17
16 19
17 10
17 13
18 22
18 23
19 4
19 10
20 4
20 5
21 9
21 18
22 12
22 16
23 9
23 12
24 16
24 23

# solution 48
# n=25 sym=dia1 status=verified source=flammenkamp_cache/n25_dia1
# code=/7AEGJK3B49EMIK0GLN4B0F39MOHO15AH17DF6L2N268I5C8JCD
0 7
0 10
1 14
1 16
2 19
2 20
3 3
3 11
4 4
4 9
5 14
5 22
6 18
6 20
7 0
7 16
8 21
8 23
9 4
9 11
10 0
10 15
11 3
11 9
12 22
12 24
13 17
13 24
14 1
14 5
15 10
15 17
16 1
16 7
17 13
17 15
18 6
18 21
19 2
19 23
20 2
20 6
21 8
21 18
22 5
22 12
23 8
23 19
24 12
24 13

# solution 49
# n=25 sym=dia1 status=verified source=flammenkamp_cache/n25_dia1
# code=/7C59CLAG4G1KFL087M1N3EBH02IOAO6I34BNDFKM5J268J9HDE
0 7
0 12
1 5
1 9
2 12
2 21
3 10
3 16
4 4
4 16
5 1
5 20
6 15
6 21
7 0
7 8
8 7
8 22
9 1
9 23
10 3
10 14
11 11
11 17
12 0
12 2
13 18
13 24
14 10
14 24
15 6
15 18
16 3
16 4
17 11
17 23
18 13
18 15
19 20
19 22
20 5
20 19
21 2
21 6
22 8
22 19
23 9
23 17
24 13
24 14

# solution 50
# n=25 sym=dia1 status=verified source=flammenkamp_cache/n25_dia1
# code=/AFCF7M9JDH9L2E4K23NOBIBK0NDE4OJL036M1715AH8GGI568C
0 10
0 15
1 12
1 15
2 7
2 22
3 9
3 19
4 13
4 17
5 9
5 21
6 2
6 14
7 4
7 20
8 2
8 3
9 23
9 24
10 11
10 18
11 11
11 20
12 0
12 23
13 13
13 14
14 4
14 24
15 19
15 21
16 0
16 3
17 6
17 22
18 1
18 7
19 1
19 5
20 10
20 17
21 8
21 16
22 16
22 18
23 5
23 6
24 8
24 12

# solution 51
# n=25 sym=dia1 status=verified source=flammenkamp_cache/n25_dia1
# code=/795F4IDK3L0AEM8A4E1NGIBL016DHJ9O2H2O5B6NGM3K78CFCJ
0 7
0 9
1 5
1 15
2 4
2 18
3 13
3 20
4 3
4 21
5 0
5 10
6 14
6 22
7 8
7 10
8 4
8 14
9 1
9 23
10 16
10 18
11 11
11 21
12 0
12 1
13 6
13 13
14 17
14 19
15 9
15 24
16 2
16 17
17 2
17 24
18 5
18 11
19 6
19 23
20 16
20 22
21 3
21 20
22 7
22 8
23 12
23 15
24 12
24 19

# solution 52
# n=25 sym=dia1 status=verified source=flammenkamp_cache/n25_dia1
# code=/CE6C8I3DKLDH1L8M27JNBGAJ01350NKOAI5O2G9B4F467M9EFH
0 12
0 14
1 6
1 12
2 8
2 18
3 3
3 13
4 20
4 21
5 13
5 17
6 1
6 21
7 8
7 22
8 2
8 7
9 19
9 23
10 11
10 16
11 10
11 19
12 0
12 1
13 3
13 5
14 0
14 23
15 20
15 24
16 10
16 18
17 5
17 24
18 2
18 16
19 9
19 11
20 4
20 15
21 4
21 6
22 7
22 22
23 9
23 14
24 15
24 17

# solution 53
# n=25 sym=dia1 status=verified source=flammenkamp_cache/n25_dia1
# code=/9JFL6G39BG5K28MN6I03BH4ANOFOHJ1D24AE8M0E5L1K7I7CCD
0 9
0 19
1 15
1 21
2 6
2 16
3 3
3 9
4 11
4 16
5 5
5 20
6 2
6 8
7 22
7 23
8 6
8 18
9 0
9 3
10 11
10 17
11 4
11 10
12 23
12 24
13 15
13 24
14 17
14 19
15 1
15 13
16 2
16 4
17 10
17 14
18 8
18 22
19 0
19 14
20 5
20 21
21 1
21 20
22 7
22 18
23 7
23 12
24 12
24 13

# solution 54
# n=25 sym=dia1 status=verified source=flammenkamp_cache/n25_dia1
# code=/BCCHEJ343LFL8BHM6EAM9O0601JK285FNO17KN2DDI4579GIAG
0 11
0 12
1 12
1 17
2 14
2 19
3 3
3 4
4 3
4 21
5 15
5 21
6 8
6 11
7 17
7 22
8 6
8 14
9 10
9 22
10 9
10 24
11 0
11 6
12 0
12 1
13 19
13 20
14 2
14 8
15 5
15 15
16 23
16 24
17 1
17 7
18 20
18 23
19 2
19 13
20 13
20 18
21 4
21 5
22 7
22 9
23 16
23 18
24 10
24 16

# solution 55
# n=25 sym=dia1 status=verified source=flammenkamp_cache/n25_dia1
# code=/9C6EHI5A1F5JAMHM128KBN370O4EIL0O6F3D8NJL2B7D4GGK9C
0 9
0 12
1 6
1 14
2 17
2 18
3 5
3 10
4 1
4 15
5 5
5 19
6 10
6 22
7 17
7 22
8 1
8 2
9 8
9 20
10 11
10 23
11 3
11 7
12 0
12 24
13 4
13 14
14 18
14 21
15 0
15 24
16 6
16 15
17 3
17 13
18 8
18 23
19 19
19 21
20 2
20 11
21 7
21 13
22 4
22 16
23 16
23 20
24 9
24 12

