# solution 1
# n=26 sym=dia1 status=verified source=flammenkamp_cache/n26_dia1
# code=/9C6GCFHK562MDH13JMDO8N2BGJNP7E0A4P7F8BLO1L394IEK5I0A
0 9
0 12
1 6
1 16
2 12
2 15
3 17
3 20
4 5
4 6
5 2
5 22
6 13
6 17
7 1
7 3
8 19
8 22
9 13
9 24
10 8
10 23
11 2
11 11
12 16
12 19
13 23
13 25
14 7
14 14
15 0
15 10
16 4
16 25
17 7
17 15
18 8
18 11
19 21
19 24
20 1
20 21
21 3
21 9
22 4
22 18
23 14
23 20
24 5
24 18
25 0
25 10

# solution 2
# n=26 sym=dia1 status=verified source=flammenkamp_cache/n26_dia1
# code=/6DEJGK4O3O9B06ANFH5N7B5AHL0I1L8P2I8CDG1M2MCEJK7934FP
0 6
0 13
1 14
1 19
2 16
2 20
3 4
3 24
4 3
4 24
5 9
5 11
6 0
6 6
7 10
7 23
8 15
8 17
9 5
9 23
10 7
10 11
11 5
11 10
12 17
12 21
13 0
13 18
14 1
14 21
15 8
15 25
16 2
16 18
17 8
17 12
18 13
18 16
19 1
19 22
20 2
20 22
21 12
21 14
22 19
22 20
23 7
23 9
24 3
24 4
25 15
25 25

# solution 3
# n=26 sym=dia1 status=verified source=flammenkamp_cache/n26_dia1
# code=/EP39ILFI8N8A01MN5F2AHM7P0C2D56GK1OKL4E6BBH374OCG9JDJ
0 14
0 25
1 3
1 9
2 18
2 21
3 15
3 18
4 8
4 23
5 8
5 10
6 0
6 1
7 22
7 23
8 5
8 15
9 2
9 10
10 17
10 22
11 7
11 25
12 0
12 12
13 2
13 13
14 5
14 6
15 16
15 20
16 1
16 24
17 20
17 21
18 4
18 14
19 6
19 11
20 11
20 17
21 3
21 7
22 4
22 24
23 12
23 16
24 9
24 19
25 13
25 19

# solution 4
# n=26 sym=dia1 status=verified source=flammenkamp_cache/n26_dia1
# code=/AP3AEF158G3L9DKL4F6C01KM9I6O2O284GHICHNP7B57BNJMDE0J
0 10
0 25
1 3
1 10
2 14
2 15
3 1
3 5
4 8
4 16
5 3
5 21
6 9
6 13
7 20
7 21
8 4
8 15
9 6
9 12
10 0
10 1
11 20
11 22
12 9
12 18
13 6
13 24
14 2
14 24
15 2
15 8
16 4
16 16
17 17
17 18
18 12
18 17
19 23
19 25
20 7
20 11
21 5
21 7
22 11
22 23
23 19
23 22
24 13
24 14
25 0
25 19

# solution 5
# n=26 sym=dia1 status=verified source=flammenkamp_cache/n26_dia1
# code=/1D0E6AIODG5625BHFOLP2C7IAN041H8N4L7E3BMPKM9GJKCF389J
0 1
0 13
1 0
1 14
2 6
2 10
3 18
3 24
4 13
4 16
5 5
5 6
6 2
6 5
7 11
7 17
8 15
8 24
9 21
9 25
10 2
10 12
11 7
11 18
12 10
12 23
13 0
13 4
14 1
14 17
15 8
15 23
16 4
16 21
17 7
17 14
18 3
18 11
19 22
19 25
20 20
20 22
21 9
21 16
22 19
22 20
23 12
23 15
24 3
24 8
25 9
25 19

# solution 6
# n=26 sym=dia1 status=verified source=flammenkamp_cache/n26_dia1
# code=/8JBDGP48354AKPFI03CL5N1I9C1MKN7H2MFO7B0L6E9JDGAEHO26
0 8
0 19
1 11
1 13
2 16
2 25
3 4
3 8
4 3
4 5
5 4
5 10
6 20
6 25
7 15
7 18
8 0
8 3
9 12
9 21
10 5
10 23
11 1
11 18
12 9
12 12
13 1
13 22
14 20
14 23
15 7
15 17
16 2
16 22
17 15
17 24
18 7
18 11
19 0
19 21
20 6
20 14
21 9
21 19
22 13
22 16
23 10
23 14
24 17
24 24
25 2
25 6

# solution 7
# n=26 sym=dia1 status=verified source=flammenkamp_cache/n26_dia1
# code=/67DHGLBI7NAG144M9OKN3615COCD3M0K8H89LPFP2EIJBF05EJ2A
0 6
0 7
1 13
1 17
2 16
2 21
3 11
3 18
4 7
4 23
5 10
5 16
6 1
6 4
7 4
7 22
8 9
8 24
9 20
9 23
10 3
10 6
11 1
11 5
12 12
12 24
13 12
13 13
14 3
14 22
15 0
15 20
16 8
16 17
17 8
17 9
18 21
18 25
19 15
19 25
20 2
20 14
21 18
21 19
22 11
22 15
23 0
23 5
24 14
24 19
25 2
25 10

# solution 8
# n=26 sym=dia1 status=verified source=flammenkamp_cache/n26_dia1
# code=/9NBDGP35FKKL49DF258NIL0CIO6E0O2AJP1G367CHM1J7MAH48BE
0 9
0 23
1 11
1 13
2 16
2 25
3 3
3 5
4 15
4 20
5 20
5 21
6 4
6 9
7 13
7 15
8 2
8 5
9 8
9 23
10 18
10 21
11 0
11 12
12 18
12 24
13 6
13 14
14 0
14 24
15 2
15 10
16 19
16 25
17 1
17 16
18 3
18 6
19 7
19 12
20 17
20 22
21 1
21 19
22 7
22 22
23 10
23 17
24 4
24 8
25 11
25 14

# solution 9
# n=26 sym=dia1 status=verified source=flammenkamp_cache/n26_dia1
# code=/35CEEM0HAO05CHKP9M8G4JBF16LN12BI9O36FPAK7JDN28DL4G7I
0 3
0 5
1 12
1 14
2 14
2 22
3 0
3 17
4 10
4 24
5 0
5 5
6 12
6 17
7 20
7 25
8 9
8 22
9 8
9 16
10 4
10 19
11 11
11 15
12 1
12 6
13 21
13 23
14 1
14 2
15 11
15 18
16 9
16 24
17 3
17 6
18 15
18 25
19 10
19 20
20 7
20 19
21 13
21 23
22 2
22 8
23 13
23 21
24 4
24 16
25 7
25 18

# solution 10
# n=26 sym=dia1 status=verified source=flammenkamp_cache/n26_dia1
# code=/9GBD342P2K5KDEGJ9L08HL1BIN166INP07AMCE7O458AHOCFJM3F
0 9
0 16
1 11
1 13
2 3
2 4
3 2
3 25
4 2
4 20
5 5
5 20
6 13
6 14
7 16
7 19
8 9
8 21
9 0
9 8
10 17
10 21
11 1
11 11
12 18
12 23
13 1
13 6
14 6
14 18
15 23
15 25
16 0
16 7
17 10
17 22
18 12
18 14
19 7
19 24
20 4
20 5
21 8
21 10
22 17
22 24
23 12
23 15
24 19
24 22
25 3
25 15

# solution 11
# n=26 sym=dia1 status=verified source=flammenkamp_cache/n26_dia1
# code=/BD38FG143PHP8LCG16JNAB0A7C0KMO2J275KMN9FDH6OEI9IEL45
0 11
0 13
1 3
1 8
2 15
2 16
3 1
3 4
4 3
4 25
5 17
5 25
6 8
6 21
7 12
7 16
8 1
8 6
9 19
9 23
10 10
10 11
11 0
11 10
12 7
12 12
13 0
13 20
14 22
14 24
15 2
15 19
16 2
16 7
17 5
17 20
18 22
18 23
19 9
19 15
20 13
20 17
21 6
21 24
22 14
22 18
23 9
23 18
24 14
24 21
25 4
25 5

# solution 12
# n=26 sym=dia1 status=verified source=flammenkamp_cache/n26_dia1
# code=/45FJGJ3B0K08MN8C57HLDH3B7PAKIO1L2P9AEO124D9F6N6MEICG
0 4
0 5
1 15
1 19
2 16
2 19
3 3
3 11
4 0
4 20
5 0
5 8
6 22
6 23
7 8
7 12
8 5
8 7
9 17
9 21
10 13
10 17
11 3
11 11
12 7
12 25
13 10
13 20
14 18
14 24
15 1
15 21
16 2
16 25
17 9
17 10
18 14
18 24
19 1
19 2
20 4
20 13
21 9
21 15
22 6
22 23
23 6
23 22
24 14
24 18
25 12
25 16

# solution 13
# n=26 sym=dia1 status=verified source=flammenkamp_cache/n26_dia1
# code=/IL8G5A3J4F299LHN1K562FCKBEOPCM4A1P7I0H3N8B06EO7JDMDG
0 18
0 21
1 8
1 16
2 5
2 10
3 3
3 19
4 4
4 15
5 2
5 9
6 9
6 21
7 17
7 23
8 1
8 20
9 5
9 6
10 2
10 15
11 12
11 20
12 11
12 14
13 24
13 25
14 12
14 22
15 4
15 10
16 1
16 25
17 7
17 18
18 0
18 17
19 3
19 23
20 8
20 11
21 0
21 6
22 14
22 24
23 7
23 19
24 13
24 22
25 13
25 16

# solution 14
# n=26 sym=dia1 status=verified source=flammenkamp_cache/n26_dia1
# code=/CL5H4KADLPJN2K1A7O27BF083M0P6FIM461EGH9B3O9N5DGJ8ICE
0 12
0 21
1 5
1 17
2 4
2 20
3 10
3 13
4 21
4 25
5 19
5 23
6 2
6 20
7 1
7 10
8 7
8 24
9 2
9 7
10 11
10 15
11 0
11 8
12 3
12 22
13 0
13 25
14 6
14 15
15 18
15 22
16 4
16 6
17 1
17 14
18 16
18 17
19 9
19 11
20 3
20 24
21 9
21 23
22 5
22 13
23 16
23 19
24 8
24 18
25 12
25 14

# solution 15
# n=26 sym=dia1 status=verified source=flammenkamp_cache/n26_dia1
# code=/9LEO8GDK49FL8DNO2604JPBPFG361I5C2CMNEKAM3I05HJ7H17AB
0 9
0 21
1 14
1 24
2 8
2 16
3 13
3 20
4 4
4 9
5 15
5 21
6 8
6 13
7 23
7 24
8 2
8 6
9 0
9 4
10 19
10 25
11 11
11 25
12 15
12 16
13 3
13 6
14 1
14 18
15 5
15 12
16 2
16 12
17 22
17 23
18 14
18 20
19 10
19 22
20 3
20 18
21 0
21 5
22 17
22 19
23 7
23 17
24 1
24 7
25 10
25 11

# solution 16
# n=26 sym=dia1 status=verified source=flammenkamp_cache/n26_dia1
# code=/IK7D3A2E6H6I451C8NLO2HLP7C1G3NJPDM4A05FO0M9BGK8E9JBF
0 18
0 20
1 7
1 13
2 3
2 10
3 2
3 14
4 6
4 17
5 6
5 18
6 4
6 5
7 1
7 12
8 8
8 23
9 21
9 24
10 2
10 17
11 21
11 25
12 7
12 12
13 1
13 16
14 3
14 23
15 19
15 25
16 13
16 22
17 4
17 10
18 0
18 5
19 15
19 24
20 0
20 22
21 9
21 11
22 16
22 20
23 8
23 14
24 9
24 19
25 11
25 15

# solution 17
# n=26 sym=dia1 status=verified source=flammenkamp_cache/n26_dia1
# code=/AE8I5DFN4J286FHI15MN0CHOAO2L0G36EP7B174KJPDM9L39BCGK
0 10
0 14
1 8
1 18
2 5
2 13
3 15
3 23
4 4
4 19
5 2
5 8
6 6
6 15
7 17
7 18
8 1
8 5
9 22
9 23
10 0
10 12
11 17
11 24
12 10
12 24
13 2
13 21
14 0
14 16
15 3
15 6
16 14
16 25
17 7
17 11
18 1
18 7
19 4
19 20
20 19
20 25
21 13
21 22
22 9
22 21
23 3
23 9
24 11
24 12
25 16
25 20

# solution 18
# n=26 sym=dia1 status=verified source=flammenkamp_cache/n26_dia1
# code=/5BDFINAK68IM2EKN2E6A1OHJCO1D7PGM050L4BGL9P3734HJCF89
0 5
0 11
1 13
1 15
2 18
2 23
3 10
3 20
4 6
4 8
5 18
5 22
6 2
6 14
7 20
7 23
8 2
8 14
9 6
9 10
10 1
10 24
11 17
11 19
12 12
12 24
13 1
13 13
14 7
14 25
15 16
15 22
16 0
16 5
17 0
17 21
18 4
18 11
19 16
19 21
20 9
20 25
21 3
21 7
22 3
22 4
23 17
23 19
24 12
24 15
25 8
25 9

# solution 19
# n=26 sym=dia1 status=verified source=flammenkamp_cache/n26_dia1
# code=/5BGJGN3MBC69FO0257NOCJ270AFLLP1D8K49EH4KHP681MEI3ADI
0 5
0 11
1 16
1 19
2 16
2 23
3 3
3 22
4 11
4 12
5 6
5 9
6 15
6 24
7 0
7 2
8 5
8 7
9 23
9 24
10 12
10 19
11 2
11 7
12 0
12 10
13 15
13 21
14 21
14 25
15 1
15 13
16 8
16 20
17 4
17 9
18 14
18 17
19 4
19 20
20 17
20 25
21 6
21 8
22 1
22 22
23 14
23 18
24 3
24 10
25 13
25 18

# solution 20
# n=26 sym=dia1 status=verified source=flammenkamp_cache/n26_dia1
# code=/GIAK8A5E5F34LNHN2HJM12COBEJP3C4M0O780I9D1P6L9F67BGDK
0 16
0 18
1 10
1 20
2 8
2 10
3 5
3 14
4 5
4 15
5 3
5 4
6 21
6 23
7 17
7 23
8 2
8 17
9 19
9 22
10 1
10 2
11 12
11 24
12 11
12 14
13 19
13 25
14 3
14 12
15 4
15 22
16 0
16 24
17 7
17 8
18 0
18 18
19 9
19 13
20 1
20 25
21 6
21 21
22 9
22 15
23 6
23 7
24 11
24 16
25 13
25 20

# solution 21
# n=26 sym=dia1 status=verified source=flammenkamp_cache/n26_dia1
# code=/5JAD8MDH5804KMAG24CO17BN9J13LPHP7L3FKO0C6IEG26BN9IEF
0 5
0 19
1 10
1 13
2 8
2 22
3 13
3 17
4 5
4 8
5 0
5 4
6 20
6 22
7 10
7 16
8 2
8 4
9 12
9 24
10 1
10 7
11 11
11 23
12 9
12 19
13 1
13 3
14 21
14 25
15 17
15 25
16 7
16 21
17 3
17 15
18 20
18 24
19 0
19 12
20 6
20 18
21 14
21 16
22 2
22 6
23 11
23 23
24 9
24 18
25 14
25 15

# solution 22
# n=26 sym=dia1 status=verified source=flammenkamp_cache/n26_dia1
# code=/BJ8G8C67IL3HBP1LGKHO13AC24ENJPAE25NO0M0M495DFK9DFI67
0 11
0 19
1 8
1 16
2 8
2 12
3 6
3 7
4 18
4 21
5 3
5 17
6 11
6 25
7 1
7 21
8 16
8 20
9 17
9 24
10 1
10 3
11 10
11 12
12 2
12 4
13 14
13 23
14 19
14 25
15 10
15 14
16 2
16 5
17 23
17 24
18 0
18 22
19 0
19 22
20 4
20 9
21 5
21 13
22 15
22 20
23 9
23 13
24 15
24 18
25 6
25 7

# solution 23
# n=26 sym=dia1 status=verified source=flammenkamp_cache/n26_dia1
# code=/68IJEH6C259CHO3OJN4B07BN14KMEG09AK1P5FMP7LDG3I2L8DAF
0 6
0 8
1 18
1 19
2 14
2 17
3 6
3 12
4 2
4 5
5 9
5 12
6 17
6 24
7 3
7 24
8 19
8 23
9 4
9 11
10 0
10 7
11 11
11 23
12 1
12 4
13 20
13 22
14 14
14 16
15 0
15 9
16 10
16 20
17 1
17 25
18 5
18 15
19 22
19 25
20 7
20 21
21 13
21 16
22 3
22 18
23 2
23 21
24 8
24 13
25 10
25 15

# solution 24
# n=26 sym=dia1 status=verified source=flammenkamp_cache/n26_dia1
# code=/EJ1K29DN68HK4I8D472MOPCMBF370OCHLP5F6L0N15GI9B3JAEAG
0 14
0 19
1 1
1 20
2 2
2 9
3 13
3 23
4 6
4 8
5 17
5 20
6 4
6 18
7 8
7 13
8 4
8 7
9 2
9 22
10 24
10 25
11 12
11 22
12 11
12 15
13 3
13 7
14 0
14 24
15 12
15 17
16 21
16 25
17 5
17 15
18 6
18 21
19 0
19 23
20 1
20 5
21 16
21 18
22 9
22 11
23 3
23 19
24 10
24 14
25 10
25 16

# solution 25
# n=26 sym=dia1 status=verified source=flammenkamp_cache/n26_dia1
# code=/DJ5L9I6C4A1K3NHPAK2I48CF3B0OGPBNEJ7O290G581MLM6FDH7E
0 13
0 19
1 5
1 21
2 9
2 18
3 6
3 12
4 4
4 10
5 1
5 20
6 3
6 23
7 17
7 25
8 10
8 20
9 2
9 18
10 4
10 8
11 12
11 15
12 3
12 11
13 0
13 24
14 16
14 25
15 11
15 23
16 14
16 19
17 7
17 24
18 2
18 9
19 0
19 16
20 5
20 8
21 1
21 22
22 21
22 22
23 6
23 15
24 13
24 17
25 7
25 14

# solution 26
# n=26 sym=dia1 status=verified source=flammenkamp_cache/n26_dia1
# code=/7C4HDH351C39KN0GDO5MAIGP0428NOIJ7B12AFFP6LKM9L6E8EBJ
0 7
0 12
1 4
1 17
2 13
2 17
3 3
3 5
4 1
4 12
5 3
5 9
6 20
6 23
7 0
7 16
8 13
8 24
9 5
9 22
10 10
10 18
11 16
11 25
12 0
12 4
13 2
13 8
14 23
14 24
15 18
15 19
16 7
16 11
17 1
17 2
18 10
18 15
19 15
19 25
20 6
20 21
21 20
21 22
22 9
22 21
23 6
23 14
24 8
24 14
25 11
25 19

# solution 27
# n=26 sym=dia1 status=verified source=flammenkamp_cache/n26_dia1
# code=/AJFOAD3LBM6EIP1J5658CO0K0N3F9LNP1B4G24HKGH78CM279IDE
0 10
0 19
1 15
1 24
2 10
2 13
3 3
3 21
4 11
4 22
5 6
5 14
6 18
6 25
7 1
7 19
8 5
8 6
9 5
9 8
10 12
10 24
11 0
11 20
12 0
12 23
13 3
13 15
14 9
14 21
15 23
15 25
16 1
16 11
17 4
17 16
18 2
18 4
19 17
19 20
20 16
20 17
21 7
21 8
22 12
22 22
23 2
23 7
24 9
24 18
25 13
25 14

# solution 28
# n=26 sym=dia1 status=verified source=flammenkamp_cache/n26_dia1
# code=/9JCM783OEH285PBEGL5H1CIL0AFO0I4D9PKN2N14GJ6A3M7K6FBD
0 9
0 19
1 12
1 22
2 7
2 8
3 3
3 24
4 14
4 17
5 2
5 8
6 5
6 25
7 11
7 14
8 16
8 21
9 5
9 17
10 1
10 12
11 18
11 21
12 0
12 10
13 15
13 24
14 0
14 18
15 4
15 13
16 9
16 25
17 20
17 23
18 2
18 23
19 1
19 4
20 16
20 19
21 6
21 10
22 3
22 22
23 7
23 20
24 6
24 15
25 11
25 13

# solution 29
# n=26 sym=dia1 status=verified source=flammenkamp_cache/n26_dia1
# code=/6G8BCK473D8K0L3O15HNDJ1P2C4AJPFN0I9OGMAE256MIL9F7HBE
0 6
0 16
1 8
1 11
2 12
2 20
3 4
3 7
4 3
4 13
5 8
5 20
6 0
6 21
7 3
7 24
8 1
8 5
9 17
9 23
10 13
10 19
11 1
11 25
12 2
12 12
13 4
13 10
14 19
14 25
15 15
15 23
16 0
16 18
17 9
17 24
18 16
18 22
19 10
19 14
20 2
20 5
21 6
21 22
22 18
22 21
23 9
23 15
24 7
24 17
25 11
25 14

# solution 30
# n=26 sym=dia1 status=verified source=flammenkamp_cache/n26_dia1
# code=/6HAF6K8DGH3N3D8ILP1LCO17JM0F570O24IMBENP4B59JK29EGAC
0 6
0 17
1 10
1 15
2 6
2 20
3 8
3 13
4 16
4 17
5 3
5 23
6 3
6 13
7 8
7 18
8 21
8 25
9 1
9 21
10 12
10 24
11 1
11 7
12 19
12 22
13 0
13 15
14 5
14 7
15 0
15 24
16 2
16 4
17 18
17 22
18 11
18 14
19 23
19 25
20 4
20 11
21 5
21 9
22 19
22 20
23 2
23 9
24 14
24 16
25 10
25 12

# solution 31
# n=26 sym=dia1 status=verified source=flammenkamp_cache/n26_dia1
# code=/CFFI7M4E3959CE2KMN45DJBN06AK3601OPJL1PAH7DHO288BGLGI
0 12
0 15
1 15
1 18
2 7
2 22
3 4
3 14
4 3
4 9
5 5
5 9
6 12
6 14
7 2
7 20
8 22
8 23
9 4
9 5
10 13
10 19
11 11
11 23
12 0
12 6
13 10
13 20
14 3
14 6
15 0
15 1
16 24
16 25
17 19
17 21
18 1
18 25
19 10
19 17
20 7
20 13
21 17
21 24
22 2
22 8
23 8
23 11
24 16
24 21
25 16
25 18

# solution 32
# n=26 sym=dia1 status=verified source=flammenkamp_cache/n26_dia1
# code=/BD7M2C6I6LFH34187BHOMO082C0FLN5DKP593PKNGJ4E1AEJ9AGI
0 11
0 13
1 7
1 22
2 2
2 12
3 6
3 18
4 6
4 21
5 15
5 17
6 3
6 4
7 1
7 8
8 7
8 11
9 17
9 24
10 22
10 24
11 0
11 8
12 2
12 12
13 0
13 15
14 21
14 23
15 5
15 13
16 20
16 25
17 5
17 9
18 3
18 25
19 20
19 23
20 16
20 19
21 4
21 14
22 1
22 10
23 14
23 19
24 9
24 10
25 16
25 18

# solution 33
# n=26 sym=dia1 status=verified source=flammenkamp_cache/n26_dia1
# code=/EHHK4BJM2M579A5PBF6O6I28COIP0F8ELN01AD3N1LGK34GJ9C7D
0 14
0 17
1 17
1 20
2 4
2 11
3 19
3 22
4 2
4 22
5 5
5 7
6 9
6 10
7 5
7 25
8 11
8 15
9 6
9 24
10 6
10 18
11 2
11 8
12 12
12 24
13 18
13 25
14 0
14 15
15 8
15 14
16 21
16 23
17 0
17 1
18 10
18 13
19 3
19 23
20 1
20 21
21 16
21 20
22 3
22 4
23 16
23 19
24 9
24 12
25 7
25 13

# solution 34
# n=26 sym=dia1 status=verified source=flammenkamp_cache/n26_dia1
# code=/7GBD9G3H69EK4O0ADL247N1KCO185INP023PEJIM5B8MJLAF6CFH
0 7
0 16
1 11
1 13
2 9
2 16
3 3
3 17
4 6
4 9
5 14
5 20
6 4
6 24
7 0
7 10
8 13
8 21
9 2
9 4
10 7
10 23
11 1
11 20
12 12
12 24
13 1
13 8
14 5
14 18
15 23
15 25
16 0
16 2
17 3
17 25
18 14
18 19
19 18
19 22
20 5
20 11
21 8
21 22
22 19
22 21
23 10
23 15
24 6
24 12
25 15
25 17

# solution 35
# n=26 sym=dia1 status=verified source=flammenkamp_cache/n26_dia1
# code=/89DE5L7D7H2ECK340K0PAHLP6I1315GNFN4ACJIO682BMOFGJM9B
0 8
0 9
1 13
1 14
2 5
2 21
3 7
3 13
4 7
4 17
5 2
5 14
6 12
6 20
7 3
7 4
8 0
8 20
9 0
9 25
10 10
10 17
11 21
11 25
12 6
12 18
13 1
13 3
14 1
14 5
15 16
15 23
16 15
16 23
17 4
17 10
18 12
18 19
19 18
19 24
20 6
20 8
21 2
21 11
22 22
22 24
23 15
23 16
24 19
24 22
25 9
25 11

# solution 36
# n=26 sym=dia1 status=verified source=flammenkamp_cache/n26_dia1
# code=/FHAFIL27GNBC34INGPHLOP3C67EK0K0O5615DM9D894JEJ1M28AB
0 15
0 17
1 10
1 15
2 18
2 21
3 2
3 7
4 16
4 23
5 11
5 12
6 3
6 4
7 18
7 23
8 16
8 25
9 17
9 21
10 24
10 25
11 3
11 12
12 6
12 7
13 14
13 20
14 0
14 20
15 0
15 24
16 5
16 6
17 1
17 5
18 13
18 22
19 9
19 13
20 8
20 9
21 4
21 19
22 14
22 19
23 1
23 22
24 2
24 8
25 10
25 11

# solution 37
# n=26 sym=dia1 status=verified source=flammenkamp_cache/n26_dia1
# code=/DF45BIEM3I27CGLN185JBP1M7P4JFN03089HDK26GOCOAL6KEH9A
0 13
0 15
1 4
1 5
2 11
2 18
3 14
3 22
4 3
4 18
5 2
5 7
6 12
6 16
7 21
7 23
8 1
8 8
9 5
9 19
10 11
10 25
11 1
11 22
12 7
12 25
13 4
13 19
14 15
14 23
15 0
15 3
16 0
16 8
17 9
17 17
18 13
18 20
19 2
19 6
20 16
20 24
21 12
21 24
22 10
22 21
23 6
23 20
24 14
24 17
25 9
25 10

# solution 38
# n=26 sym=dia1 status=verified source=flammenkamp_cache/n26_dia1
# code=/DFIJ78AMEF37IOJO2328LPBL0P45BE1M05GNKN149C6CHKGH6A9D
0 13
0 15
1 18
1 19
2 7
2 8
3 10
3 22
4 14
4 15
5 3
5 7
6 18
6 24
7 19
7 24
8 2
8 3
9 2
9 8
10 21
10 25
11 11
11 21
12 0
12 25
13 4
13 5
14 11
14 14
15 1
15 22
16 0
16 5
17 16
17 23
18 20
18 23
19 1
19 4
20 9
20 12
21 6
21 12
22 17
22 20
23 16
23 17
24 6
24 10
25 9
25 13

# solution 39
# n=26 sym=dia1 status=verified source=flammenkamp_cache/n26_dia1
# code=/9DFO7DIL7M5B28HMCI4A0O04NP1H6K6G3P1JLNAB2KEG395J8CEF
0 9
0 13
1 15
1 24
2 7
2 13
3 18
3 21
4 7
4 22
5 5
5 11
6 2
6 8
7 17
7 22
8 12
8 18
9 4
9 10
10 0
10 24
11 0
11 4
12 23
12 25
13 1
13 17
14 6
14 20
15 6
15 16
16 3
16 25
17 1
17 19
18 21
18 23
19 10
19 11
20 2
20 20
21 14
21 16
22 3
22 9
23 5
23 19
24 8
24 12
25 14
25 15

# solution 40
# n=26 sym=dia1 status=verified source=flammenkamp_cache/n26_dia1
# code=/BEAEIN47GJ5B2L2N6GHL9COP093FKP0ODF147M5H6K8M1CIJ38AD
0 11
0 14
1 10
1 14
2 18
2 23
3 4
3 7
4 16
4 19
5 5
5 11
6 2
6 21
7 2
7 23
8 6
8 16
9 17
9 21
10 9
10 12
11 24
11 25
12 0
12 9
13 3
13 15
14 20
14 25
15 0
15 24
16 13
16 15
17 1
17 4
18 7
18 22
19 5
19 17
20 6
20 20
21 8
21 22
22 1
22 12
23 18
23 19
24 3
24 8
25 10
25 13

# solution 41
# n=26 sym=dia1 status=verified source=flammenkamp_cache/n26_dia1
# code=/CF197HJL4D9FMO2OHI15BNAG0P4GKP05BD288K3NEI3M6LAJ67CE
0 12
0 15
1 1
1 9
2 7
2 17
3 19
3 21
4 4
4 13
5 9
5 15
6 22
6 24
7 2
7 24
8 17
8 18
9 1
9 5
10 11
10 23
11 10
11 16
12 0
12 25
13 4
13 16
14 20
14 25
15 0
15 5
16 11
16 13
17 2
17 8
18 8
18 20
19 3
19 23
20 14
20 18
21 3
21 22
22 6
22 21
23 10
23 19
24 6
24 7
25 12
25 14

# solution 42
# n=26 sym=dia1 status=verified source=flammenkamp_cache/n26_dia1
# code=/AF68BIDFIO7C1L571GHN0L2C5B3PKP038J9N24GOEM6AKM9H4JDE
0 10
0 15
1 6
1 8
2 11
2 18
3 13
3 15
4 18
4 24
5 7
5 12
6 1
6 21
7 5
7 7
8 1
8 16
9 17
9 23
10 0
10 21
11 2
11 12
12 5
12 11
13 3
13 25
14 20
14 25
15 0
15 3
16 8
16 19
17 9
17 23
18 2
18 4
19 16
19 24
20 14
20 22
21 6
21 10
22 20
22 22
23 9
23 17
24 4
24 19
25 13
25 14

