# solution 1
# n=26 sym=rot4 status=verified source=flammenkamp_cache/n26_rot4
# code=oHL9L7CHJ017B3AKN03AOGJCKEN2B5D691FMP25FMEIOP68DI4G48
0 17
0 21
1 9
1 21
2 7
2 12
3 17
3 19
4 0
4 1
5 7
5 11
6 3
6 10
7 20
7 23
8 0
8 3
9 10
9 24
10 16
10 19
11 12
11 20
12 14
12 23
13 2
13 11
14 5
14 13
15 6
15 9
16 1
16 15
17 22
17 25
18 2
18 5
19 15
19 22
20 14
20 18
21 24
21 25
22 6
22 8
23 13
23 18
24 4
24 16
25 4
25 8

# solution 2
# n=26 sym=rot4 status=verified source=flammenkamp_cache/n26_rot4
# code=o6DHLBI791BAGHP2M165MCKLN0FAP245D3KJO3N089FEOGI7E48CJ
0 6
0 13
1 17
1 21
2 11
2 18
3 7
3 9
4 1
4 11
5 10
5 16
6 17
6 25
7 2
7 22
8 1
8 6
9 5
9 22
10 12
10 20
11 21
11 23
12 0
12 15
13 10
13 25
14 2
14 4
15 5
15 13
16 3
16 20
17 19
17 24
18 3
18 23
19 0
19 8
20 9
20 15
21 14
21 24
22 16
22 18
23 7
23 14
24 4
24 8
25 12
25 19

# solution 3
# n=26 sym=rot4 status=verified source=flammenkamp_cache/n26_rot4
# code=o8CFN13IN8B5K9E3GLP7J1C6LFP0A4JDO6I049MBG5KEH27MO2ADH
0 8
0 12
1 15
1 23
2 1
2 3
3 18
3 23
4 8
4 11
5 5
5 20
6 9
6 14
7 3
7 16
8 21
8 25
9 7
9 19
10 1
10 12
11 6
11 21
12 15
12 25
13 0
13 10
14 4
14 19
15 13
15 24
16 6
16 18
17 0
17 4
18 9
18 22
19 11
19 16
20 5
20 20
21 14
21 17
22 2
22 7
23 22
23 24
24 2
24 10
25 13
25 17

# solution 4
# n=26 sym=rot4 status=verified source=flammenkamp_cache/n26_rot4
# code=oEHGL2N7A1BAJ5HCM061CKM0LGI794P35DOJP3D8K6FEOFI2N498B
0 14
0 17
1 16
1 21
2 2
2 23
3 7
3 10
4 1
4 11
5 10
5 19
6 5
6 17
7 12
7 22
8 0
8 6
9 1
9 12
10 20
10 22
11 0
11 21
12 16
12 18
13 7
13 9
14 4
14 25
15 3
15 5
16 13
16 24
17 19
17 25
18 3
18 13
19 8
19 20
20 6
20 15
21 14
21 24
22 15
22 18
23 2
23 23
24 4
24 9
25 8
25 11

# solution 5
# n=26 sym=rot4 status=verified source=flammenkamp_cache/n26_rot4
# code=oEFBHIM296A8DIL261KCM0L0O5G9K1P4P3D5OJN47CHFJGN378EAB
0 14
0 15
1 11
1 17
2 18
2 22
3 2
3 9
4 6
4 10
5 8
5 13
6 18
6 21
7 2
7 6
8 1
8 20
9 12
9 22
10 0
10 21
11 0
11 24
12 5
12 16
13 9
13 20
14 1
14 25
15 4
15 25
16 3
16 13
17 5
17 24
18 19
18 23
19 4
19 7
20 12
20 17
21 15
21 19
22 16
22 23
23 3
23 7
24 8
24 14
25 10
25 11

# solution 6
# n=26 sym=rot4 status=verified source=flammenkamp_cache/n26_rot4
# code=o7F7JEM2BCJ9H14OP5FCK082MGL493NHP5DAK01LO8G6DEN3B6IAI
0 7
0 15
1 7
1 19
2 14
2 22
3 2
3 11
4 12
4 19
5 9
5 17
6 1
6 4
7 24
7 25
8 5
8 15
9 12
9 20
10 0
10 8
11 2
11 22
12 16
12 21
13 4
13 9
14 3
14 23
15 17
15 25
16 5
16 13
17 10
17 20
18 0
18 1
19 21
19 24
20 8
20 16
21 6
21 13
22 14
22 23
23 3
23 11
24 6
24 18
25 10
25 18

# solution 7
# n=26 sym=rot4 status=verified source=flammenkamp_cache/n26_rot4
# code=oAE48AM269OEIDM59COILNP056H8JKP02471DGK3C7B1GJN3FHLBF
0 10
0 14
1 4
1 8
2 10
2 22
3 2
3 6
4 9
4 24
5 14
5 18
6 13
6 22
7 5
7 9
8 12
8 24
9 18
9 21
10 23
10 25
11 0
11 5
12 6
12 17
13 8
13 19
14 20
14 25
15 0
15 2
16 4
16 7
17 1
17 13
18 16
18 20
19 3
19 12
20 7
20 11
21 1
21 16
22 19
22 23
23 3
23 15
24 17
24 21
25 11
25 15

# solution 8
# n=26 sym=rot4 status=verified source=flammenkamp_cache/n26_rot4
# code=oEHLM2N191ACF79EJ0CJM5L07HK58IP4K36DP6BGIADFOGO2N348B
0 14
0 17
1 21
1 22
2 2
2 23
3 1
3 9
4 1
4 10
5 12
5 15
6 7
6 9
7 14
7 19
8 0
8 12
9 19
9 22
10 5
10 21
11 0
11 7
12 17
12 20
13 5
13 8
14 18
14 25
15 4
15 20
16 3
16 6
17 13
17 25
18 6
18 11
19 16
19 18
20 10
20 13
21 15
21 24
22 16
22 24
23 2
23 23
24 3
24 4
25 8
25 11

# solution 9
# n=26 sym=rot4 status=verified source=flammenkamp_cache/n26_rot4
# code=oBFEHAK5JCG2M37GJ1C470N1PHL480O2PILDO69IM3N9D6K5F8BAE
0 11
0 15
1 14
1 17
2 10
2 20
3 5
3 19
4 12
4 16
5 2
5 22
6 3
6 7
7 16
7 19
8 1
8 12
9 4
9 7
10 0
10 23
11 1
11 25
12 17
12 21
13 4
13 8
14 0
14 24
15 2
15 25
16 18
16 21
17 13
17 24
18 6
18 9
19 18
19 22
20 3
20 23
21 9
21 13
22 6
22 20
23 5
23 15
24 8
24 11
25 10
25 14

# solution 10
# n=26 sym=rot4 status=verified source=flammenkamp_cache/n26_rot4
# code=o7MEGDE065FILAM5P9C1H4J122H8NNO6L8ODG0K3F47AKJPBC9B3I
0 7
0 22
1 14
1 16
2 13
2 14
3 0
3 6
4 5
4 15
5 18
5 21
6 10
6 22
7 5
7 25
8 9
8 12
9 1
9 17
10 4
10 19
11 1
11 2
12 2
12 17
13 8
13 23
14 23
14 24
15 6
15 21
16 8
16 24
17 13
17 16
18 0
18 20
19 3
19 15
20 4
20 7
21 10
21 20
22 19
22 25
23 11
23 12
24 9
24 11
25 3
25 18

# solution 11
# n=26 sym=rot4 status=verified source=flammenkamp_cache/n26_rot4
# code=o69CF4KFL3N27EPBK9CHP136IHO187JMO08DG5E0BIN2M4A5LADGJ
0 6
0 9
1 12
1 15
2 4
2 20
3 15
3 21
4 3
4 23
5 2
5 7
6 14
6 25
7 11
7 20
8 9
8 12
9 17
9 25
10 1
10 3
11 6
11 18
12 17
12 24
13 1
13 8
14 7
14 19
15 22
15 24
16 0
16 8
17 13
17 16
18 5
18 14
19 0
19 11
20 18
20 23
21 2
21 22
22 4
22 10
23 5
23 21
24 10
24 13
25 16
25 19

# solution 12
# n=26 sym=rot4 status=verified source=flammenkamp_cache/n26_rot4
# code=o9EHL6B4I1MADHN3D16APGK0N57IK2P590FJOCM28CF3O7LEJ48BG
0 9
0 14
1 17
1 21
2 6
2 11
3 4
3 18
4 1
4 22
5 10
5 13
6 17
6 23
7 3
7 13
8 1
8 6
9 10
9 25
10 16
10 20
11 0
11 23
12 5
12 7
13 18
13 20
14 2
14 25
15 5
15 9
16 0
16 15
17 19
17 24
18 12
18 22
19 2
19 8
20 12
20 15
21 3
21 24
22 7
22 21
23 14
23 19
24 4
24 8
25 11
25 16

# solution 13
# n=26 sym=rot4 status=verified source=flammenkamp_cache/n26_rot4
# code=oBC9JFLFJ2K4913DH7BKO23HP7P0I08MN15EI8CMOGL5N6A4A6GDE
0 11
0 12
1 9
1 19
2 15
2 21
3 15
3 19
4 2
4 20
5 4
5 9
6 1
6 3
7 13
7 17
8 7
8 11
9 20
9 24
10 2
10 3
11 17
11 25
12 7
12 25
13 0
13 18
14 0
14 8
15 22
15 23
16 1
16 5
17 14
17 18
18 8
18 12
19 22
19 24
20 16
20 21
21 5
21 23
22 6
22 10
23 4
23 10
24 6
24 16
25 13
25 14

# solution 14
# n=26 sym=rot4 status=verified source=flammenkamp_cache/n26_rot4
# code=o9G473JLN3OCF28COAJ0P5HBEIK57BE8K0P6F1DHNAD1M246MIL9G
0 9
0 16
1 4
1 7
2 3
2 19
3 21
3 23
4 3
4 24
5 12
5 15
6 2
6 8
7 12
7 24
8 10
8 19
9 0
9 25
10 5
10 17
11 11
11 14
12 18
12 20
13 5
13 7
14 11
14 14
15 8
15 20
16 0
16 25
17 6
17 15
18 1
18 13
19 17
19 23
20 10
20 13
21 1
21 22
22 2
22 4
23 6
23 22
24 18
24 21
25 9
25 16

# solution 15
# n=26 sym=rot4 status=verified source=flammenkamp_cache/n26_rot4
# code=o3F8CBJKP5F3L29CE9OHJ047NIO172ILP681GBDGN4MAK056EDHAM
0 3
0 15
1 8
1 12
2 11
2 19
3 20
3 25
4 5
4 15
5 3
5 21
6 2
6 9
7 12
7 14
8 9
8 24
9 17
9 19
10 0
10 4
11 7
11 23
12 18
12 24
13 1
13 7
14 2
14 18
15 21
15 25
16 6
16 8
17 1
17 16
18 11
18 13
19 16
19 23
20 4
20 22
21 10
21 20
22 0
22 5
23 6
23 14
24 13
24 17
25 10
25 22

# solution 16
# n=26 sym=rot4 status=verified source=flammenkamp_cache/n26_rot4
# code=o8ICE9B5JHJGM340C4P5NAF1NIO172OAF2K0LDPLM39686KEGBD7H
0 8
0 18
1 12
1 14
2 9
2 11
3 5
3 19
4 17
4 19
5 16
5 22
6 3
6 4
7 0
7 12
8 4
8 25
9 5
9 23
10 10
10 15
11 1
11 23
12 18
12 24
13 1
13 7
14 2
14 24
15 10
15 15
16 2
16 20
17 0
17 21
18 13
18 25
19 21
19 22
20 3
20 9
21 6
21 8
22 6
22 20
23 14
23 16
24 11
24 13
25 7
25 17

# solution 17
# n=26 sym=rot4 status=verified source=flammenkamp_cache/n26_rot4
# code=o8D3E89JOBK4J359CNPINAF1L0I7P4OAF2702DGKM6L5E16GHBMCH
0 8
0 13
1 3
1 14
2 8
2 9
3 19
3 24
4 11
4 20
5 4
5 19
6 3
6 5
7 9
7 12
8 23
8 25
9 18
9 23
10 10
10 15
11 1
11 21
12 0
12 18
13 7
13 25
14 4
14 24
15 10
15 15
16 2
16 7
17 0
17 2
18 13
18 16
19 20
19 22
20 6
20 21
21 5
21 14
22 1
22 6
23 16
23 17
24 11
24 22
25 12
25 17

# solution 18
# n=26 sym=rot4 status=verified source=flammenkamp_cache/n26_rot4
# code=oBC8GAJFL375K2HCL6O1B3NGPIP07092MEO1J4D8N5KIM4A6F9HDE
0 11
0 12
1 8
1 16
2 10
2 19
3 15
3 21
4 3
4 7
5 5
5 20
6 2
6 17
7 12
7 21
8 6
8 24
9 1
9 11
10 3
10 23
11 16
11 25
12 18
12 25
13 0
13 7
14 0
14 9
15 2
15 22
16 14
16 24
17 1
17 19
18 4
18 13
19 8
19 23
20 5
20 20
21 18
21 22
22 4
22 10
23 6
23 15
24 9
24 17
25 13
25 14

# solution 19
# n=26 sym=rot4 status=verified source=flammenkamp_cache/n26_rot4
# code=oDM9G370NHIAEDH4N461OBK5F06JPAK5E1OJL2L8CBF782PIM9G3C
0 13
0 22
1 9
1 16
2 3
2 7
3 0
3 23
4 17
4 18
5 10
5 14
6 13
6 17
7 4
7 23
8 4
8 6
9 1
9 24
10 11
10 20
11 5
11 15
12 0
12 6
13 19
13 25
14 10
14 20
15 5
15 14
16 1
16 24
17 19
17 21
18 2
18 21
19 8
19 12
20 11
20 15
21 7
21 8
22 2
22 25
23 18
23 22
24 9
24 16
25 3
25 12

# solution 20
# n=26 sym=rot4 status=verified source=flammenkamp_cache/n26_rot4
# code=o5CFG37BN7HEPDGLN4A161H5M6P0J3K8OJOFL249C0B8I2EIM9ADK
0 5
0 12
1 15
1 16
2 3
2 7
3 11
3 23
4 7
4 17
5 14
5 25
6 13
6 16
7 21
7 23
8 4
8 10
9 1
9 6
10 1
10 17
11 5
11 22
12 6
12 25
13 0
13 19
14 3
14 20
15 8
15 24
16 19
16 24
17 15
17 21
18 2
18 4
19 9
19 12
20 0
20 11
21 8
21 18
22 2
22 14
23 18
23 22
24 9
24 10
25 13
25 20

# solution 21
# n=26 sym=rot4 status=verified source=flammenkamp_cache/n26_rot4
# code=oCN9G0E467MBFCMHL7A1O5H2KJP065N8K1OFI483DAE3IJLBP9G2D
0 12
0 23
1 9
1 16
2 0
2 14
3 4
3 6
4 7
4 22
5 11
5 15
6 12
6 22
7 17
7 21
8 7
8 10
9 1
9 24
10 5
10 17
11 2
11 20
12 19
12 25
13 0
13 6
14 5
14 23
15 8
15 20
16 1
16 24
17 15
17 18
18 4
18 8
19 3
19 13
20 10
20 14
21 3
21 18
22 19
22 21
23 11
23 25
24 9
24 16
25 2
25 13

# solution 22
# n=26 sym=rot4 status=verified source=flammenkamp_cache/n26_rot4
# code=o6E4E57DL3ODNHPGN697HAF0135KMOPAF8IGJ29082C1M4CIKBLBJ
0 6
0 14
1 4
1 14
2 5
2 7
3 13
3 21
4 3
4 24
5 13
5 23
6 17
6 25
7 16
7 23
8 6
8 9
9 7
9 17
10 10
10 15
11 0
11 1
12 3
12 5
13 20
13 22
14 24
14 25
15 10
15 15
16 8
16 18
17 16
17 19
18 2
18 9
19 0
19 8
20 2
20 12
21 1
21 22
22 4
22 12
23 18
23 20
24 11
24 21
25 11
25 19

# solution 23
# n=26 sym=rot4 status=verified source=flammenkamp_cache/n26_rot4
# code=oAGAH5C4G6MDNBL7I1B03OPHJ5N2K6801MPEO7I4E2C3J9LDK8F9F
0 10
0 16
1 10
1 17
2 5
2 12
3 4
3 16
4 6
4 22
5 13
5 23
6 11
6 21
7 7
7 18
8 1
8 11
9 0
9 3
10 24
10 25
11 17
11 19
12 5
12 23
13 2
13 20
14 6
14 8
15 0
15 1
16 22
16 25
17 14
17 24
18 7
18 18
19 4
19 14
20 2
20 12
21 3
21 19
22 9
22 21
23 13
23 20
24 8
24 15
25 9
25 15

# solution 24
# n=26 sym=rot4 status=verified source=flammenkamp_cache/n26_rot4
# code=o9C7H6A4I6MDFLN3O1BBP5NGH5P0K892K0EEO1M24AC3J7LFJ8IDG
0 9
0 12
1 7
1 17
2 6
2 10
3 4
3 18
4 6
4 22
5 13
5 15
6 21
6 23
7 3
7 24
8 1
8 11
9 11
9 25
10 5
10 23
11 16
11 17
12 5
12 25
13 0
13 20
14 8
14 9
15 2
15 20
16 0
16 14
17 14
17 24
18 1
18 22
19 2
19 4
20 10
20 12
21 3
21 19
22 7
22 21
23 15
23 19
24 8
24 18
25 13
25 16

# solution 25
# n=26 sym=rot4 status=verified source=flammenkamp_cache/n26_rot4
# code=oFG782NCG7H6CEKLO4O030B6FKM35AJEPMP1L145BDJ8I9D2NHI9A
0 15
0 16
1 7
1 8
2 2
2 23
3 12
3 16
4 7
4 17
5 6
5 12
6 14
6 20
7 21
7 24
8 4
8 24
9 0
9 3
10 0
10 11
11 6
11 15
12 20
12 22
13 3
13 5
14 10
14 19
15 14
15 25
16 22
16 25
17 1
17 21
18 1
18 4
19 5
19 11
20 13
20 19
21 8
21 18
22 9
22 13
23 2
23 23
24 17
24 18
25 9
25 10

# solution 26
# n=26 sym=rot4 status=verified source=flammenkamp_cache/n26_rot4
# code=oBGBCHJ5J7HCM239L240IAFOPKO1501AF7PLN4GMN3D8I6K68DE9E
0 11
0 16
1 11
1 12
2 17
2 19
3 5
3 19
4 7
4 17
5 12
5 22
6 2
6 3
7 9
7 21
8 2
8 4
9 0
9 18
10 10
10 15
11 24
11 25
12 20
12 24
13 1
13 5
14 0
14 1
15 10
15 15
16 7
16 25
17 21
17 23
18 4
18 16
19 22
19 23
20 3
20 13
21 8
21 18
22 6
22 20
23 6
23 8
24 13
24 14
25 9
25 14

# solution 27
# n=26 sym=rot4 status=verified source=flammenkamp_cache/n26_rot4
# code=oABBC78JK783C3ALNLN9GJPOPKO1501069G2424FMDMHI56HIDEEF
0 10
0 11
1 11
1 12
2 7
2 8
3 19
3 20
4 7
4 8
5 3
5 12
6 3
6 10
7 21
7 23
8 21
8 23
9 9
9 16
10 19
10 25
11 24
11 25
12 20
12 24
13 1
13 5
14 0
14 1
15 0
15 6
16 9
16 16
17 2
17 4
18 2
18 4
19 15
19 22
20 13
20 22
21 17
21 18
22 5
22 6
23 17
23 18
24 13
24 14
25 14
25 15

# solution 28
# n=26 sym=rot4 status=verified source=flammenkamp_cache/n26_rot4
# code=oCF7G3JGN57CL28LOAJ130HBEKP05BE8PMO6F14HN4DIK296M9IAD
0 12
0 15
1 7
1 16
2 3
2 19
3 16
3 23
4 5
4 7
5 12
5 21
6 2
6 8
7 21
7 24
8 10
8 19
9 1
9 3
10 0
10 17
11 11
11 14
12 20
12 25
13 0
13 5
14 11
14 14
15 8
15 25
16 22
16 24
17 6
17 15
18 1
18 4
19 17
19 23
20 4
20 13
21 18
21 20
22 2
22 9
23 6
23 22
24 9
24 18
25 10
25 13

# solution 29
# n=26 sym=rot4 status=verified source=flammenkamp_cache/n26_rot4
# code=o4DAH56DG5PLNBN8A1I3BIOGJ03MP6917EM7OFH2E240K9CJK8FCL
0 4
0 13
1 10
1 17
2 5
2 6
3 13
3 16
4 5
4 25
5 21
5 23
6 11
6 23
7 8
7 10
8 1
8 18
9 3
9 11
10 18
10 24
11 16
11 19
12 0
12 3
13 22
13 25
14 6
14 9
15 1
15 7
16 14
16 22
17 7
17 24
18 15
18 17
19 2
19 14
20 2
20 4
21 0
21 20
22 9
22 12
23 19
23 20
24 8
24 15
25 12
25 21

# solution 30
# n=26 sym=rot4 status=verified source=flammenkamp_cache/n26_rot4
# code=oJMAD9I0C5AHL0E2E59HNLO671M3OIJ1428GKBNBP48FKDP7GCF36
0 19
0 22
1 10
1 13
2 9
2 18
3 0
3 12
4 5
4 10
5 17
5 21
6 0
6 14
7 2
7 14
8 5
8 9
9 17
9 23
10 21
10 24
11 6
11 7
12 1
12 22
13 3
13 24
14 18
14 19
15 1
15 4
16 2
16 8
17 16
17 20
18 11
18 23
19 11
19 25
20 4
20 8
21 15
21 20
22 13
22 25
23 7
23 16
24 12
24 15
25 3
25 6

# solution 31
# n=26 sym=rot4 status=verified source=flammenkamp_cache/n26_rot4
# code=o7FCH5FCG7K4N8BLP1J3B02GJMO1369NPEM6O04EH2L5I9DAK8DAI
0 7
0 15
1 12
1 17
2 5
2 15
3 12
3 16
4 7
4 20
5 4
5 23
6 8
6 11
7 21
7 25
8 1
8 19
9 3
9 11
10 0
10 2
11 16
11 19
12 22
12 24
13 1
13 3
14 6
14 9
15 23
15 25
16 14
16 22
17 6
17 24
18 0
18 4
19 14
19 17
20 2
20 21
21 5
21 18
22 9
22 13
23 10
23 20
24 8
24 13
25 10
25 18

# solution 32
# n=26 sym=rot4 status=verified source=flammenkamp_cache/n26_rot4
# code=oCM9A7C0JBH5K3H9N46IOBOFLNP024A1E17JL2G8M5K8E6PDIFG3D
0 12
0 22
1 9
1 10
2 7
2 12
3 0
3 19
4 11
4 17
5 5
5 20
6 3
6 17
7 9
7 23
8 4
8 6
9 18
9 24
10 11
10 24
11 15
11 21
12 23
12 25
13 0
13 2
14 4
14 10
15 1
15 14
16 1
16 7
17 19
17 21
18 2
18 16
19 8
19 22
20 5
20 20
21 8
21 14
22 6
22 25
23 13
23 18
24 15
24 16
25 3
25 13

# solution 33
# n=26 sym=rot4 status=verified source=flammenkamp_cache/n26_rot4
# code=oACAIBC5L3HJM5H1B469GOPINNP0227019GJLEO8K368M4KDE7FDF
0 10
0 12
1 10
1 18
2 11
2 12
3 5
3 21
4 3
4 17
5 19
5 22
6 5
6 17
7 1
7 11
8 4
8 6
9 9
9 16
10 24
10 25
11 18
11 23
12 23
12 25
13 0
13 2
14 2
14 7
15 0
15 1
16 9
16 16
17 19
17 21
18 14
18 24
19 8
19 20
20 3
20 6
21 8
21 22
22 4
22 20
23 13
23 14
24 7
24 15
25 13
25 15

# solution 34
# n=26 sym=rot4 status=verified source=flammenkamp_cache/n26_rot4
# code=oADCLIJ5J18EM2328ILABGP5G0O1P9K09EF47HNMN3BHO6K674DCF
0 10
0 13
1 12
1 21
2 18
2 19
3 5
3 19
4 1
4 8
5 14
5 22
6 2
6 3
7 2
7 8
8 18
8 21
9 10
9 11
10 16
10 25
11 5
11 16
12 0
12 24
13 1
13 25
14 9
14 20
15 0
15 9
16 14
16 15
17 4
17 7
18 17
18 23
19 22
19 23
20 3
20 11
21 17
21 24
22 6
22 20
23 6
23 7
24 4
24 13
25 12
25 15

# solution 35
# n=26 sym=rot4 status=verified source=flammenkamp_cache/n26_rot4
# code=oDI9C8K9J5E2L3B08INMOAF4J0O1P6LAF1327HPEM4NBK6G5HDG7C
0 13
0 18
1 9
1 12
2 8
2 20
3 9
3 19
4 5
4 14
5 2
5 21
6 3
6 11
7 0
7 8
8 18
8 23
9 22
9 24
10 10
10 15
11 4
11 19
12 0
12 24
13 1
13 25
14 6
14 21
15 10
15 15
16 1
16 3
17 2
17 7
18 17
18 25
19 14
19 22
20 4
20 23
21 11
21 20
22 6
22 16
23 5
23 17
24 13
24 16
25 7
25 12

# solution 36
# n=26 sym=rot4 status=verified source=flammenkamp_cache/n26_rot4
# code=oCK9CAK4IBM02AH3G6B7OJNHLOP0148261IEJ9M8FNP3E7L5FDG5D
0 12
0 20
1 9
1 12
2 10
2 20
3 4
3 18
4 11
4 22
5 0
5 2
6 10
6 17
7 3
7 16
8 6
8 11
9 7
9 24
10 19
10 23
11 17
11 21
12 24
12 25
13 0
13 1
14 4
14 8
15 2
15 6
16 1
16 18
17 14
17 19
18 9
18 22
19 8
19 15
20 23
20 25
21 3
21 14
22 7
22 21
23 5
23 15
24 13
24 16
25 5
25 13

