# solution 1
# n=27 sym=dia1 status=verified source=flammenkamp_cache/n27_dia1
# code=/05EHKOAEAC07LO5MBHJP348C4BNQ13GQFL18KP9N2I6G7MDJ269IDF
0 0
0 5
1 14
1 17
2 20
2 24
3 10
3 14
4 10
4 12
5 0
5 7
6 21
6 24
7 5
7 22
8 11
8 17
9 19
9 25
10 3
10 4
11 8
11 12
12 4
12 11
13 23
13 26
14 1
14 3
15 16
15 26
16 15
16 21
17 1
17 8
18 20
18 25
19 9
19 23
20 2
20 18
21 6
21 16
22 7
22 22
23 13
23 19
24 2
24 6
25 9
25 18
26 13
26 15

# solution 2
# n=27 sym=dia1 status=verified source=flammenkamp_cache/n27_dia1
# code=/GO6BBQFKFI239N2DGM5AIQMN34DJ47OP1H0K578C1P8HCEELJL6A09
0 16
0 24
1 6
1 11
2 11
2 26
3 15
3 20
4 15
4 18
5 2
5 3
6 9
6 23
7 2
7 13
8 16
8 22
9 5
9 10
10 18
10 26
11 22
11 23
12 3
12 4
13 13
13 19
14 4
14 7
15 24
15 25
16 1
16 17
17 0
17 20
18 5
18 7
19 8
19 12
20 1
20 25
21 8
21 17
22 12
22 14
23 14
23 21
24 19
24 21
25 6
25 10
26 0
26 9

# solution 3
# n=27 sym=dia1 status=verified source=flammenkamp_cache/n27_dia1
# code=/0KEKCMMP574B7C46ILDODH5Q269A1QHJNPAF8IFO018N23GL9J3GBE
0 0
0 20
1 14
1 20
2 12
2 22
3 22
3 25
4 5
4 7
5 4
5 11
6 7
6 12
7 4
7 6
8 18
8 21
9 13
9 24
10 13
10 17
11 5
11 26
12 2
12 6
13 9
13 10
14 1
14 26
15 17
15 19
16 23
16 25
17 10
17 15
18 8
18 18
19 15
19 24
20 0
20 1
21 8
21 23
22 2
22 3
23 16
23 21
24 9
24 19
25 3
25 16
26 11
26 14

# solution 4
# n=27 sym=dia1 status=verified source=flammenkamp_cache/n27_dia1
# code=/CGHK4N5B2M38DGAM5JOQ7A3J0C6IINOP061LDE8B1LHK472E9FFQ9P
0 12
0 16
1 17
1 20
2 4
2 23
3 5
3 11
4 2
4 22
5 3
5 8
6 13
6 16
7 10
7 22
8 5
8 19
9 24
9 26
10 7
10 10
11 3
11 19
12 0
12 12
13 6
13 18
14 18
14 23
15 24
15 25
16 0
16 6
17 1
17 21
18 13
18 14
19 8
19 11
20 1
20 21
21 17
21 20
22 4
22 7
23 2
23 14
24 9
24 15
25 15
25 26
26 9
26 25

# solution 5
# n=27 sym=dia1 status=verified source=flammenkamp_cache/n27_dia1
# code=/IO4929AD14KNFK8O7J123PCMBQ3HMQ6HLPDF0L8N56GIBE5J07AGCE
0 18
0 24
1 4
1 9
2 2
2 9
3 10
3 13
4 1
4 4
5 20
5 23
6 15
6 20
7 8
7 24
8 7
8 19
9 1
9 2
10 3
10 25
11 12
11 22
12 11
12 26
13 3
13 17
14 22
14 26
15 6
15 17
16 21
16 25
17 13
17 15
18 0
18 21
19 8
19 23
20 5
20 6
21 16
21 18
22 11
22 14
23 5
23 19
24 0
24 7
25 10
25 16
26 12
26 14

# solution 6
# n=27 sym=dia1 status=verified source=flammenkamp_cache/n27_dia1
# code=/JN7FCH6QCD7L3IEQ6K4OAB4P8J0MMO9G1G5B0ELPIN29FH3K152A8D
0 19
0 23
1 7
1 15
2 12
2 17
3 6
3 26
4 12
4 13
5 7
5 21
6 3
6 18
7 14
7 26
8 6
8 20
9 4
9 24
10 10
10 11
11 4
11 25
12 8
12 19
13 0
13 22
14 22
14 24
15 9
15 16
16 1
16 16
17 5
17 11
18 0
18 14
19 21
19 25
20 18
20 23
21 2
21 9
22 15
22 17
23 3
23 20
24 1
24 5
25 2
25 10
26 8
26 13

# solution 7
# n=27 sym=dia1 status=verified source=flammenkamp_cache/n27_dia1
# code=/9LCD26JQCGEK268Q7J0EGKDP141B59MN4AIOHM385A0OFIFPHLBN37
0 9
0 21
1 12
1 13
2 2
2 6
3 19
3 26
4 12
4 16
5 14
5 20
6 2
6 6
7 8
7 26
8 7
8 19
9 0
9 14
10 16
10 20
11 13
11 25
12 1
12 4
13 1
13 11
14 5
14 9
15 22
15 23
16 4
16 10
17 18
17 24
18 17
18 22
19 3
19 8
20 5
20 10
21 0
21 24
22 15
22 18
23 15
23 25
24 17
24 21
25 11
25 23
26 3
26 7

# solution 8
# n=27 sym=dia1 status=verified source=flammenkamp_cache/n27_dia1
# code=/3GEJAB2KAF9C6NHP15EJCQ0MHP45GL0OMO7L12796KDI3D4Q8N8IBF
0 3
0 16
1 14
1 19
2 10
2 11
3 2
3 20
4 10
4 15
5 9
5 12
6 6
6 23
7 17
7 25
8 1
8 5
9 14
9 19
10 12
10 26
11 0
11 22
12 17
12 25
13 4
13 5
14 16
14 21
15 0
15 24
16 22
16 24
17 7
17 21
18 1
18 2
19 7
19 9
20 6
20 20
21 13
21 18
22 3
22 13
23 4
23 26
24 8
24 23
25 8
25 18
26 11
26 15

# solution 9
# n=27 sym=dia1 status=verified source=flammenkamp_cache/n27_dia1
# code=/CEFI26AFLM6A25GKDQDO35JL0N890H137MEP1PBK7J4B4GCQ9OHI8N
0 12
0 14
1 15
1 18
2 2
2 6
3 10
3 15
4 21
4 22
5 6
5 10
6 2
6 5
7 16
7 20
8 13
8 26
9 13
9 24
10 3
10 5
11 19
11 21
12 0
12 23
13 8
13 9
14 0
14 17
15 1
15 3
16 7
16 22
17 14
17 25
18 1
18 25
19 11
19 20
20 7
20 19
21 4
21 11
22 4
22 16
23 12
23 26
24 9
24 24
25 17
25 18
26 8
26 23

# solution 10
# n=27 sym=dia1 status=verified source=flammenkamp_cache/n27_dia1
# code=/7NFGJK58AE3O7D063JBQ4F9NCK6P4M1A1HGQLM282CIOEI0B5LDP9H
0 7
0 23
1 15
1 16
2 19
2 20
3 5
3 8
4 10
4 14
5 3
5 24
6 7
6 13
7 0
7 6
8 3
8 19
9 11
9 26
10 4
10 15
11 9
11 23
12 12
12 20
13 6
13 25
14 4
14 22
15 1
15 10
16 1
16 17
17 16
17 26
18 21
18 22
19 2
19 8
20 2
20 12
21 18
21 24
22 14
22 18
23 0
23 11
24 5
24 21
25 13
25 25
26 9
26 17

# solution 11
# n=27 sym=dia1 status=verified source=flammenkamp_cache/n27_dia1
# code=/7AAG3E23HQJN9H0CJL6901PQ7DCL2IIN1P46EF58MO8DKO5FKMBG4B
0 7
0 10
1 10
1 16
2 3
2 14
3 2
3 3
4 17
4 26
5 19
5 23
6 9
6 17
7 0
7 12
8 19
8 21
9 6
9 9
10 0
10 1
11 25
11 26
12 7
12 13
13 12
13 21
14 2
14 18
15 18
15 23
16 1
16 25
17 4
17 6
18 14
18 15
19 5
19 8
20 22
20 24
21 8
21 13
22 20
22 24
23 5
23 15
24 20
24 22
25 11
25 16
26 4
26 11

# solution 12
# n=27 sym=dia1 status=verified source=flammenkamp_cache/n27_dia1
# code=/9FAHCN3H6CGM476LBG0O1D8N24ADPQ0K5813JKIOFI7P5Q2B9JELEM
0 9
0 15
1 10
1 17
2 12
2 23
3 3
3 17
4 6
4 12
5 16
5 22
6 4
6 7
7 6
7 21
8 11
8 16
9 0
9 24
10 1
10 13
11 8
11 23
12 2
12 4
13 10
13 13
14 25
14 26
15 0
15 20
16 5
16 8
17 1
17 3
18 19
18 20
19 18
19 24
20 15
20 18
21 7
21 25
22 5
22 26
23 2
23 11
24 9
24 19
25 14
25 21
26 14
26 22

# solution 13
# n=27 sym=dia1 status=verified source=flammenkamp_cache/n27_dia1
# code=/AD7H5CENJO265O19HN7K0QBG2C0L3IKMBP18EL4P9FDIFQ3846GJAM
0 10
0 13
1 7
1 17
2 5
2 12
3 14
3 23
4 19
4 24
5 2
5 6
6 5
6 24
7 1
7 9
8 17
8 23
9 7
9 20
10 0
10 26
11 11
11 16
12 2
12 12
13 0
13 21
14 3
14 18
15 20
15 22
16 11
16 25
17 1
17 8
18 14
18 21
19 4
19 25
20 9
20 15
21 13
21 18
22 15
22 26
23 3
23 8
24 4
24 6
25 16
25 19
26 10
26 22

# solution 14
# n=27 sym=dia1 status=verified source=flammenkamp_cache/n27_dia1
# code=/EF8K6LAF7QHN2A4C1NIK36MP7DCL0O03OQ5I9HMP192DBJ58EGBJ4G
0 14
0 15
1 8
1 20
2 6
2 21
3 10
3 15
4 7
4 26
5 17
5 23
6 2
6 10
7 4
7 12
8 1
8 23
9 18
9 20
10 3
10 6
11 22
11 25
12 7
12 13
13 12
13 21
14 0
14 24
15 0
15 3
16 24
16 26
17 5
17 18
18 9
18 17
19 22
19 25
20 1
20 9
21 2
21 13
22 11
22 19
23 5
23 8
24 14
24 16
25 11
25 19
26 4
26 16

# solution 15
# n=27 sym=dia1 status=verified source=flammenkamp_cache/n27_dia1
# code=/4J67NOEF0AFH1716JNCE4KOP9CLQ3935GP5KMQ08AHDMIL282BBGDI
0 4
0 19
1 6
1 7
2 23
2 24
3 14
3 15
4 0
4 10
5 15
5 17
6 1
6 7
7 1
7 6
8 19
8 23
9 12
9 14
10 4
10 20
11 24
11 25
12 9
12 12
13 21
13 26
14 3
14 9
15 3
15 5
16 16
16 25
17 5
17 20
18 22
18 26
19 0
19 8
20 10
20 17
21 13
21 22
22 18
22 21
23 2
23 8
24 2
24 11
25 11
25 16
26 13
26 18

# solution 16
# n=27 sym=dia1 status=verified source=flammenkamp_cache/n27_dia1
# code=/58IK8D5DKMEHMP4A7P1L3B9B1LNO24FGAJ0FOQ6I07NQCJ2G3CEH69
0 5
0 8
1 18
1 20
2 8
2 13
3 5
3 13
4 20
4 22
5 14
5 17
6 22
6 25
7 4
7 10
8 7
8 25
9 1
9 21
10 3
10 11
11 9
11 11
12 1
12 21
13 23
13 24
14 2
14 4
15 15
15 16
16 10
16 19
17 0
17 15
18 24
18 26
19 6
19 18
20 0
20 7
21 23
21 26
22 12
22 19
23 2
23 16
24 3
24 12
25 14
25 17
26 6
26 9

# solution 17
# n=27 sym=dia1 status=verified source=flammenkamp_cache/n27_dia1
# code=/5A9E2E9K3BGJ3N0L04BC1LCFOP17FHHM2QNP788D456Q6IKMAODGIJ
0 5
0 10
1 9
1 14
2 2
2 14
3 9
3 20
4 3
4 11
5 16
5 19
6 3
6 23
7 0
7 21
8 0
8 4
9 11
9 12
10 1
10 21
11 12
11 15
12 24
12 25
13 1
13 7
14 15
14 17
15 17
15 22
16 2
16 26
17 23
17 25
18 7
18 8
19 8
19 13
20 4
20 5
21 6
21 26
22 6
22 18
23 20
23 22
24 10
24 24
25 13
25 16
26 18
26 19

# solution 18
# n=27 sym=dia1 status=verified source=flammenkamp_cache/n27_dia1
# code=/BL8GNPAD489EIMGO14593C0OAM3J5QIN17JP6FDHLQ0K6C2F7B2HEK
0 11
0 21
1 8
1 16
2 23
2 25
3 10
3 13
4 4
4 8
5 9
5 14
6 18
6 22
7 16
7 24
8 1
8 4
9 5
9 9
10 3
10 12
11 0
11 24
12 10
12 22
13 3
13 19
14 5
14 26
15 18
15 23
16 1
16 7
17 19
17 25
18 6
18 15
19 13
19 17
20 21
20 26
21 0
21 20
22 6
22 12
23 2
23 15
24 7
24 11
25 2
25 17
26 14
26 20

# solution 19
# n=27 sym=dia1 status=verified source=flammenkamp_cache/n27_dia1
# code=/DE492IEI18MQHK9B4P17KP7HCD0C03LMNQ6B23LO6AFJ5FGOJN8A5G
0 13
0 14
1 4
1 9
2 2
2 18
3 14
3 18
4 1
4 8
5 22
5 26
6 17
6 20
7 9
7 11
8 4
8 25
9 1
9 7
10 20
10 25
11 7
11 17
12 12
12 13
13 0
13 12
14 0
14 3
15 21
15 22
16 23
16 26
17 6
17 11
18 2
18 3
19 21
19 24
20 6
20 10
21 15
21 19
22 5
22 15
23 16
23 24
24 19
24 23
25 8
25 10
26 5
26 16

# solution 20
# n=27 sym=dia1 status=verified source=flammenkamp_cache/n27_dia1
# code=/EJ6M69FNCIKQ128A7L2B7H9O4CLP0G3PEQAK4I0O5H8D1N3MBJDF5G
0 14
0 19
1 6
1 22
2 6
2 9
3 15
3 23
4 12
4 18
5 20
5 26
6 1
6 2
7 8
7 10
8 7
8 21
9 2
9 11
10 7
10 17
11 9
11 24
12 4
12 12
13 21
13 25
14 0
14 16
15 3
15 25
16 14
16 26
17 10
17 20
18 4
18 18
19 0
19 24
20 5
20 17
21 8
21 13
22 1
22 23
23 3
23 22
24 11
24 19
25 13
25 15
26 5
26 16

# solution 21
# n=27 sym=dia1 status=verified source=flammenkamp_cache/n27_dia1
# code=/9L9IEI58LM3DGP8A37017KMPCQ5F2QDJ6GKO12FNAH044BJOHN6BCE
0 9
0 21
1 9
1 18
2 14
2 18
3 5
3 8
4 21
4 22
5 3
5 13
6 16
6 25
7 8
7 10
8 3
8 7
9 0
9 1
10 7
10 20
11 22
11 25
12 12
12 26
13 5
13 15
14 2
14 26
15 13
15 19
16 6
16 16
17 20
17 24
18 1
18 2
19 15
19 23
20 10
20 17
21 0
21 4
22 4
22 11
23 19
23 24
24 17
24 23
25 6
25 11
26 12
26 14

# solution 22
# n=27 sym=dia1 status=verified source=flammenkamp_cache/n27_dia1
# code=/DE6AJO67CJ0L3DMO481FBC4H1QKQGM5G7P022IANNP3BFI5K89EH9L
0 13
0 14
1 6
1 10
2 19
2 24
3 6
3 7
4 12
4 19
5 0
5 21
6 3
6 13
7 22
7 24
8 4
8 8
9 1
9 15
10 11
10 12
11 4
11 17
12 1
12 26
13 20
13 26
14 16
14 22
15 5
15 16
16 7
16 25
17 0
17 2
18 2
18 18
19 10
19 23
20 23
20 25
21 3
21 11
22 15
22 18
23 5
23 20
24 8
24 9
25 14
25 17
26 9
26 21

# solution 23
# n=27 sym=dia1 status=verified source=flammenkamp_cache/n27_dia1
# code=/DG4JCO6I145A3IBNKPDQ5H7C2B09KOHM0PAF361L8EJQFN7M2E8G9L
0 13
0 16
1 4
1 19
2 12
2 24
3 6
3 18
4 1
4 4
5 5
5 10
6 3
6 18
7 11
7 23
8 20
8 25
9 13
9 26
10 5
10 17
11 7
11 12
12 2
12 11
13 0
13 9
14 20
14 24
15 17
15 22
16 0
16 25
17 10
17 15
18 3
18 6
19 1
19 21
20 8
20 14
21 19
21 26
22 15
22 23
23 7
23 22
24 2
24 14
25 8
25 16
26 9
26 21

# solution 24
# n=27 sym=dia1 status=verified source=flammenkamp_cache/n27_dia1
# code=/5HBHEKCG5904KPDMGM4CIP1L397Q2NJQ3801AIFL26BJ78EONO6ADF
0 5
0 17
1 11
1 17
2 14
2 20
3 12
3 16
4 5
4 9
5 0
5 4
6 20
6 25
7 13
7 22
8 16
8 22
9 4
9 12
10 18
10 25
11 1
11 21
12 3
12 9
13 7
13 26
14 2
14 23
15 19
15 26
16 3
16 8
17 0
17 1
18 10
18 18
19 15
19 21
20 2
20 6
21 11
21 19
22 7
22 8
23 14
23 24
24 23
24 24
25 6
25 10
26 13
26 15

# solution 25
# n=27 sym=dia1 status=verified source=flammenkamp_cache/n27_dia1
# code=/IKDK7DBI370CPQBHNQ3J1G8C14OPFLJN692A4FMO0A258EHM59EG6L
0 18
0 20
1 13
1 20
2 7
2 13
3 11
3 18
4 3
4 7
5 0
5 12
6 25
6 26
7 11
7 17
8 23
8 26
9 3
9 19
10 1
10 16
11 8
11 12
12 1
12 4
13 24
13 25
14 15
14 21
15 19
15 23
16 6
16 9
17 2
17 10
18 4
18 15
19 22
19 24
20 0
20 10
21 2
21 5
22 8
22 14
23 17
23 22
24 5
24 9
25 14
25 16
26 6
26 21

# solution 26
# n=27 sym=dia1 status=verified source=flammenkamp_cache/n27_dia1
# code=/IK8E6BDO6P9G24AC1O5H7L2H7C3Q1GNP5E9B0JIM0QALJNFM384FDK
0 18
0 20
1 8
1 14
2 6
2 11
3 13
3 24
4 6
4 25
5 9
5 16
6 2
6 4
7 10
7 12
8 1
8 24
9 5
9 17
10 7
10 21
11 2
11 17
12 7
12 12
13 3
13 26
14 1
14 16
15 23
15 25
16 5
16 14
17 9
17 11
18 0
18 19
19 18
19 22
20 0
20 26
21 10
21 21
22 19
22 23
23 15
23 22
24 3
24 8
25 4
25 15
26 13
26 20

# solution 27
# n=27 sym=dia1 status=verified source=flammenkamp_cache/n27_dia1
# code=/ACAMEH453B3NELBIDLHM01470C8O26IJPQ297FFJPQ68195ODNGKGK
0 10
0 12
1 10
1 22
2 14
2 17
3 4
3 5
4 3
4 11
5 3
5 23
6 14
6 21
7 11
7 18
8 13
8 21
9 17
9 22
10 0
10 1
11 4
11 7
12 0
12 12
13 8
13 24
14 2
14 6
15 18
15 19
16 25
16 26
17 2
17 9
18 7
18 15
19 15
19 19
20 25
20 26
21 6
21 8
22 1
22 9
23 5
23 24
24 13
24 23
25 16
25 20
26 16
26 20

# solution 28
# n=27 sym=dia1 status=verified source=flammenkamp_cache/n27_dia1
# code=/6C9JHJ5M5E34076OIQ1DMPDG0G9B4PFNBC2K8N12HQLO3AFI7LAE8K
0 6
0 12
1 9
1 19
2 17
2 19
3 5
3 22
4 5
4 14
5 3
5 4
6 0
6 7
7 6
7 24
8 18
8 26
9 1
9 13
10 22
10 25
11 13
11 16
12 0
12 16
13 9
13 11
14 4
14 25
15 15
15 23
16 11
16 12
17 2
17 20
18 8
18 23
19 1
19 2
20 17
20 26
21 21
21 24
22 3
22 10
23 15
23 18
24 7
24 21
25 10
25 14
26 8
26 20

# solution 29
# n=27 sym=dia1 status=verified source=flammenkamp_cache/n27_dia1
# code=/CF8C5L7DHMJO054L6GEMBI6Q0H3NPQ7G12189PBNFIKO3J4D2A9AEK
0 12
0 15
1 8
1 12
2 5
2 21
3 7
3 13
4 17
4 22
5 19
5 24
6 0
6 5
7 4
7 21
8 6
8 16
9 14
9 22
10 11
10 18
11 6
11 26
12 0
12 17
13 3
13 23
14 25
14 26
15 7
15 16
16 1
16 2
17 1
17 8
18 9
18 25
19 11
19 23
20 15
20 18
21 20
21 24
22 3
22 19
23 4
23 13
24 2
24 10
25 9
25 10
26 14
26 20

# solution 30
# n=27 sym=dia1 status=verified source=flammenkamp_cache/n27_dia1
# code=/9K9C5PGL8A2HKPEM4F014OJO1DCF7Q8D3G5QILBN063I7NJMAB26EH
0 9
0 20
1 9
1 12
2 5
2 25
3 16
3 21
4 8
4 10
5 2
5 17
6 20
6 25
7 14
7 22
8 4
8 15
9 0
9 1
10 4
10 24
11 19
11 24
12 1
12 13
13 12
13 15
14 7
14 26
15 8
15 13
16 3
16 16
17 5
17 26
18 18
18 21
19 11
19 23
20 0
20 6
21 3
21 18
22 7
22 23
23 19
23 22
24 10
24 11
25 2
25 6
26 14
26 17

# solution 31
# n=27 sym=dia1 status=verified source=flammenkamp_cache/n27_dia1
# code=/6IGM69BG9BJO02FQ8K24MO34DNCHHN7Q13DE0L5P8PIL1ACE5AJK7F
0 6
0 18
1 16
1 22
2 6
2 9
3 11
3 16
4 9
4 11
5 19
5 24
6 0
6 2
7 15
7 26
8 8
8 20
9 2
9 4
10 22
10 24
11 3
11 4
12 13
12 23
13 12
13 17
14 17
14 23
15 7
15 26
16 1
16 3
17 13
17 14
18 0
18 21
19 5
19 25
20 8
20 25
21 18
21 21
22 1
22 10
23 12
23 14
24 5
24 10
25 19
25 20
26 7
26 15

# solution 32
# n=27 sym=dia1 status=verified source=flammenkamp_cache/n27_dia1
# code=/EJ7K27FJ6MCK4612CNPQHMDP58BH0O3ILQADFL0315GI4A8OEN9B9G
0 14
0 19
1 7
1 20
2 2
2 7
3 15
3 19
4 6
4 22
5 12
5 20
6 4
6 6
7 1
7 2
8 12
8 23
9 25
9 26
10 17
10 22
11 13
11 25
12 5
12 8
13 11
13 17
14 0
14 24
15 3
15 18
16 21
16 26
17 10
17 13
18 15
18 21
19 0
19 3
20 1
20 5
21 16
21 18
22 4
22 10
23 8
23 24
24 14
24 23
25 9
25 11
26 9
26 16

# solution 33
# n=27 sym=dia1 status=verified source=flammenkamp_cache/n27_dia1
# code=/7D6BJM1EGOBL8E2O7803DMCFKNGQ0FLP5612IKIQAP4A354H9J9NCH
0 7
0 13
1 6
1 11
2 19
2 22
3 1
3 14
4 16
4 24
5 11
5 21
6 8
6 14
7 2
7 24
8 7
8 8
9 0
9 3
10 13
10 22
11 12
11 15
12 20
12 23
13 16
13 26
14 0
14 15
15 21
15 25
16 5
16 6
17 1
17 2
18 18
18 20
19 18
19 26
20 10
20 25
21 4
21 10
22 3
22 5
23 4
23 17
24 9
24 19
25 9
25 23
26 12
26 17

# solution 34
# n=27 sym=dia1 status=verified source=flammenkamp_cache/n27_dia1
# code=/DE68AM5KJO16FN1MCICF05HK4QDQHI239O2A4P03LPGN8E7B9BJL7G
0 13
0 14
1 6
1 8
2 10
2 22
3 5
3 20
4 19
4 24
5 1
5 6
6 15
6 23
7 1
7 22
8 12
8 18
9 12
9 15
10 0
10 5
11 17
11 20
12 4
12 26
13 13
13 26
14 17
14 18
15 2
15 3
16 9
16 24
17 2
17 10
18 4
18 25
19 0
19 3
20 21
20 25
21 16
21 23
22 8
22 14
23 7
23 11
24 9
24 11
25 19
25 21
26 7
26 16

# solution 35
# n=27 sym=dia1 status=verified source=flammenkamp_cache/n27_dia1
# code=/89AKDF4J3F8NCO9O05071GCI6B2QIM24AQHLBE3L1PHJEP5N67KMDG
0 8
0 9
1 10
1 20
2 13
2 15
3 4
3 19
4 3
4 15
5 8
5 23
6 12
6 24
7 9
7 24
8 0
8 5
9 0
9 7
10 1
10 16
11 12
11 18
12 6
12 11
13 2
13 26
14 18
14 22
15 2
15 4
16 10
16 26
17 17
17 21
18 11
18 14
19 3
19 21
20 1
20 25
21 17
21 19
22 14
22 25
23 5
23 23
24 6
24 7
25 20
25 22
26 13
26 16

# solution 36
# n=27 sym=dia1 status=verified source=flammenkamp_cache/n27_dia1
# code=/8C19EIGI5L465PBL0E1QJO7F0CKO28BQ3NJN23AHDM47KPGHAD6M9F
0 8
0 12
1 1
1 9
2 14
2 18
3 16
3 18
4 5
4 21
5 4
5 6
6 5
6 25
7 11
7 21
8 0
8 14
9 1
9 26
10 19
10 24
11 7
11 15
12 0
12 12
13 20
13 24
14 2
14 8
15 11
15 26
16 3
16 23
17 19
17 23
18 2
18 3
19 10
19 17
20 13
20 22
21 4
21 7
22 20
22 25
23 16
23 17
24 10
24 13
25 6
25 22
26 9
26 15

# solution 37
# n=27 sym=dia1 status=verified source=flammenkamp_cache/n27_dia1
# code=/CIDG7BJP6FAO4A2OFJHN562Q0C1QKL481P9N0I38EMEMKL9H573GBD
0 12
0 18
1 13
1 16
2 7
2 11
3 19
3 25
4 6
4 15
5 10
5 24
6 4
6 10
7 2
7 24
8 15
8 19
9 17
9 23
10 5
10 6
11 2
11 26
12 0
12 12
13 1
13 26
14 20
14 21
15 4
15 8
16 1
16 25
17 9
17 23
18 0
18 18
19 3
19 8
20 14
20 22
21 14
21 22
22 20
22 21
23 9
23 17
24 5
24 7
25 3
25 16
26 11
26 13

# solution 38
# n=27 sym=dia1 status=verified source=flammenkamp_cache/n27_dia1
# code=/8H1DAMCI574FKO4L0AIP28BQ3J1GJQ5HDN0F39CE6O7P2NGM6K9LBE
0 8
0 17
1 1
1 13
2 10
2 22
3 12
3 18
4 5
4 7
5 4
5 15
6 20
6 24
7 4
7 21
8 0
8 10
9 18
9 25
10 2
10 8
11 11
11 26
12 3
12 19
13 1
13 16
14 19
14 26
15 5
15 17
16 13
16 23
17 0
17 15
18 3
18 9
19 12
19 14
20 6
20 24
21 7
21 25
22 2
22 23
23 16
23 22
24 6
24 20
25 9
25 21
26 11
26 14

# solution 39
# n=27 sym=dia1 status=verified source=flammenkamp_cache/n27_dia1
# code=/GHHNAC569N353DGPDM4Q2AIK2O68OQIJ0701BFFPBLKM8L14CE7J9E
0 16
0 17
1 17
1 23
2 10
2 12
3 5
3 6
4 9
4 23
5 3
5 5
6 3
6 13
7 16
7 25
8 13
8 22
9 4
9 26
10 2
10 10
11 18
11 20
12 2
12 24
13 6
13 8
14 24
14 26
15 18
15 19
16 0
16 7
17 0
17 1
18 11
18 15
19 15
19 25
20 11
20 21
21 20
21 22
22 8
22 21
23 1
23 4
24 12
24 14
25 7
25 19
26 9
26 14

# solution 40
# n=27 sym=dia1 status=verified source=flammenkamp_cache/n27_dia1
# code=/9AGJAL5DLO3E8PEK6O0H02PQCH3Q57FI1M9CFM1N7N24GIJK486BBD
0 9
0 10
1 16
1 19
2 10
2 21
3 5
3 13
4 21
4 24
5 3
5 14
6 8
6 25
7 14
7 20
8 6
8 24
9 0
9 17
10 0
10 2
11 25
11 26
12 12
12 17
13 3
13 26
14 5
14 7
15 15
15 18
16 1
16 22
17 9
17 12
18 15
18 22
19 1
19 23
20 7
20 23
21 2
21 4
22 16
22 18
23 19
23 20
24 4
24 8
25 6
25 11
26 11
26 13

# solution 41
# n=27 sym=dia1 status=verified source=flammenkamp_cache/n27_dia1
# code=/BF264CLN3LMNAD1G482HDJ8Q0AGK3O7QEK01FI5B5P67IOCMHP9J9E
0 11
0 15
1 2
1 6
2 4
2 12
3 21
3 23
4 3
4 21
5 22
5 23
6 10
6 13
7 1
7 16
8 4
8 8
9 2
9 17
10 13
10 19
11 8
11 26
12 0
12 10
13 16
13 20
14 3
14 24
15 7
15 26
16 14
16 20
17 0
17 1
18 15
18 18
19 5
19 11
20 5
20 25
21 6
21 7
22 18
22 24
23 12
23 22
24 17
24 25
25 9
25 19
26 9
26 14

# solution 42
# n=27 sym=dia1 status=verified source=flammenkamp_cache/n27_dia1
# code=/CFCI57BMDJ265M2DGIPQKN3B0147NQ0G8FJL184HAOHO36AEKL9P9E
0 12
0 15
1 12
1 18
2 5
2 7
3 11
3 22
4 13
4 19
5 2
5 6
6 5
6 22
7 2
7 13
8 16
8 18
9 25
9 26
10 20
10 23
11 3
11 11
12 0
12 1
13 4
13 7
14 23
14 26
15 0
15 16
16 8
16 15
17 19
17 21
18 1
18 8
19 4
19 17
20 10
20 24
21 17
21 24
22 3
22 6
23 10
23 14
24 20
24 21
25 9
25 25
26 9
26 14

# solution 43
# n=27 sym=dia1 status=verified source=flammenkamp_cache/n27_dia1
# code=/DE9I2936BEBL3MKOCH12JP458O0J04NQIQ8K1GAD7H5M6LFP7CANFG
0 13
0 14
1 9
1 18
2 2
2 9
3 3
3 6
4 11
4 14
5 11
5 21
6 3
6 22
7 20
7 24
8 12
8 17
9 1
9 2
10 19
10 25
11 4
11 5
12 8
12 24
13 0
13 19
14 0
14 4
15 23
15 26
16 18
16 26
17 8
17 20
18 1
18 16
19 10
19 13
20 7
20 17
21 5
21 22
22 6
22 21
23 15
23 25
24 7
24 12
25 10
25 23
26 15
26 16

# solution 44
# n=27 sym=dia1 status=verified source=flammenkamp_cache/n27_dia1
# code=/BE79AG6KFHLP3716HO1J2A0QCOGI0Q4J2D48DP9F3M5NKNLM8C5IBE
0 11
0 14
1 7
1 9
2 10
2 16
3 6
3 20
4 15
4 17
5 21
5 25
6 3
6 7
7 1
7 6
8 17
8 24
9 1
9 19
10 2
10 10
11 0
11 26
12 12
12 24
13 16
13 18
14 0
14 26
15 4
15 19
16 2
16 13
17 4
17 8
18 13
18 25
19 9
19 15
20 3
20 22
21 5
21 23
22 20
22 23
23 21
23 22
24 8
24 12
25 5
25 18
26 11
26 14

