# solution 1
# n=27 sym=rct4 status=verified source=flammenkamp_cache/n27_rct4
# code=cIKHK7B3M3IBC019O041JCDLOGLAG5A25DE7PMQ2HPQEF8N4NFJ6968
0 18
0 20
1 17
1 20
2 7
2 11
3 3
3 22
4 3
4 18
5 11
5 12
6 0
6 1
7 9
7 24
8 0
8 4
9 1
9 19
10 12
10 13
11 21
11 24
12 16
12 21
13 10
13 16
14 5
14 10
15 2
15 5
16 13
16 14
17 7
17 25
18 22
18 26
19 2
19 17
20 25
20 26
21 14
21 15
22 8
22 23
23 4
23 23
24 15
24 19
25 6
25 9
26 6
26 8

# solution 2
# n=27 sym=rct4 status=verified source=flammenkamp_cache/n27_rct4
# code=cBI4IAE3LGP36BLCH017D4OKQ2J9H7O062MDJPQ9E5FKN1A5NCG8M8F
0 11
0 18
1 4
1 18
2 10
2 14
3 3
3 21
4 16
4 25
5 3
5 6
6 11
6 21
7 12
7 17
8 0
8 1
9 7
9 13
10 4
10 24
11 20
11 26
12 2
12 19
13 9
13 17
14 7
14 24
15 0
15 6
16 2
16 22
17 13
17 19
18 25
18 26
19 9
19 14
20 5
20 15
21 20
21 23
22 1
22 10
23 5
23 23
24 12
24 16
25 8
25 22
26 8
26 15

# solution 3
# n=27 sym=rct4 status=verified source=flammenkamp_cache/n27_rct4
# code=cAC3J573PCG6OBL1O9BDI4QIKMQ9H04680M8DFH2P5F2KAE1NJL7NEG
0 10
0 12
1 3
1 19
2 5
2 7
3 3
3 25
4 12
4 16
5 6
5 24
6 11
6 21
7 1
7 24
8 9
8 11
9 13
9 18
10 4
10 26
11 18
11 20
12 22
12 26
13 9
13 17
14 0
14 4
15 6
15 8
16 0
16 22
17 8
17 13
18 15
18 17
19 2
19 25
20 5
20 15
21 2
21 20
22 10
22 14
23 1
23 23
24 19
24 21
25 7
25 23
26 14
26 16

# solution 4
# n=27 sym=rct4 status=verified source=flammenkamp_cache/n27_rct4
# code=cFH8G5K35CINO29DE4P0K1B0G7M7J4JAQFP6Q1MCDHO238ELN6LAI9B
0 15
0 17
1 8
1 16
2 5
2 20
3 3
3 5
4 12
4 18
5 23
5 24
6 2
6 9
7 13
7 14
8 4
8 25
9 0
9 20
10 1
10 11
11 0
11 16
12 7
12 22
13 7
13 19
14 4
14 19
15 10
15 26
16 15
16 25
17 6
17 26
18 1
18 22
19 12
19 13
20 17
20 24
21 2
21 3
22 8
22 14
23 21
23 23
24 6
24 21
25 10
25 18
26 9
26 11

# solution 5
# n=27 sym=rct4 status=verified source=flammenkamp_cache/n27_rct4
# code=cGJCF6I35BGDNJO062H8C041MHP5L194PMQEI9OKQ273DAFLN8KBE7A
0 16
0 19
1 12
1 15
2 6
2 18
3 3
3 5
4 11
4 16
5 13
5 23
6 19
6 24
7 0
7 6
8 2
8 17
9 8
9 12
10 0
10 4
11 1
11 22
12 17
12 25
13 5
13 21
14 1
14 9
15 4
15 25
16 22
16 26
17 14
17 18
18 9
18 24
19 20
19 26
20 2
20 7
21 3
21 13
22 10
22 15
23 21
23 23
24 8
24 20
25 11
25 14
26 7
26 10

# solution 6
# n=27 sym=rct4 status=verified source=flammenkamp_cache/n27_rct4
# code=cGJCF6I36BG7DNO0L2H8C041MHP5L194PMQEI9O5Q23DJAFKN8KBE7A
0 16
0 19
1 12
1 15
2 6
2 18
3 3
3 6
4 11
4 16
5 7
5 13
6 23
6 24
7 0
7 21
8 2
8 17
9 8
9 12
10 0
10 4
11 1
11 22
12 17
12 25
13 5
13 21
14 1
14 9
15 4
15 25
16 22
16 26
17 14
17 18
18 9
18 24
19 5
19 26
20 2
20 3
21 13
21 19
22 10
22 15
23 20
23 23
24 8
24 20
25 11
25 14
26 7
26 10

# solution 7
# n=27 sym=rct4 status=verified source=flammenkamp_cache/n27_rct4
# code=c4BCG6C3KGQ7D3OHLBH7814IQOP5L1208MPIJ9F592NDJ0A6NEKAEFM
0 4
0 11
1 12
1 16
2 6
2 12
3 3
3 20
4 16
4 26
5 7
5 13
6 3
6 24
7 17
7 21
8 11
8 17
9 7
9 8
10 1
10 4
11 18
11 26
12 24
12 25
13 5
13 21
14 1
14 2
15 0
15 8
16 22
16 25
17 18
17 19
18 9
18 15
19 5
19 9
20 2
20 23
21 13
21 19
22 0
22 10
23 6
23 23
24 14
24 20
25 10
25 14
26 15
26 22

# solution 8
# n=27 sym=rct4 status=verified source=flammenkamp_cache/n27_rct4
# code=cBC7G8C3KHK7D34LP9O4I1BGQOQ5L020AFP8M2H15MNDJ696NEIAJEF
0 11
0 12
1 7
1 16
2 8
2 12
3 3
3 20
4 17
4 20
5 7
5 13
6 3
6 4
7 21
7 25
8 9
8 24
9 4
9 18
10 1
10 11
11 16
11 26
12 24
12 26
13 5
13 21
14 0
14 2
15 0
15 10
16 15
16 25
17 8
17 22
18 2
18 17
19 1
19 5
20 22
20 23
21 13
21 19
22 6
22 9
23 6
23 23
24 14
24 18
25 10
25 19
26 14
26 15

# solution 9
# n=27 sym=rct4 status=verified source=flammenkamp_cache/n27_rct4
# code=c8BCDAJJM3K8F4623LQCG9O5QHP1P190L2HAE05NOKMBI6N477GDEFI
0 8
0 11
1 12
1 13
2 10
2 19
3 19
3 22
4 3
4 20
5 8
5 15
6 4
6 6
7 2
7 3
8 21
8 26
9 12
9 16
10 9
10 24
11 5
11 26
12 17
12 25
13 1
13 25
14 1
14 9
15 0
15 21
16 2
16 17
17 10
17 14
18 0
18 5
19 23
19 24
20 20
20 22
21 11
21 18
22 6
22 23
23 4
23 7
24 7
24 16
25 13
25 14
26 15
26 18

