# solution 1
# n=28 sym=dia1 status=verified source=flammenkamp_cache/n28_dia1
# code=/69DQJMHK486C05BN4E0OLM7E5H1D8BKPIR3CGQ2R3FAO2A7P9LFN1IGJ
0 6
0 9
1 13
1 26
2 19
2 22
3 17
3 20
4 4
4 8
5 6
5 12
6 0
6 5
7 11
7 23
8 4
8 14
9 0
9 24
10 21
10 22
11 7
11 14
12 5
12 17
13 1
13 13
14 8
14 11
15 20
15 25
16 18
16 27
17 3
17 12
18 16
18 26
19 2
19 27
20 3
20 15
21 10
21 24
22 2
22 10
23 7
23 25
24 9
24 21
25 15
25 23
26 1
26 18
27 16
27 19

# solution 2
# n=28 sym=dia1 status=verified source=flammenkamp_cache/n28_dia1
# code=/674HCHEO18NQ0I094C7EFNOP28DG39AFDP126QKRJMMRKL5A3BBG5IJL
0 6
0 7
1 4
1 17
2 12
2 17
3 14
3 24
4 1
4 8
5 23
5 26
6 0
6 18
7 0
7 9
8 4
8 12
9 7
9 14
10 15
10 23
11 24
11 25
12 2
12 8
13 13
13 16
14 3
14 9
15 10
15 15
16 13
16 25
17 1
17 2
18 6
18 26
19 20
19 27
20 19
20 22
21 22
21 27
22 20
22 21
23 5
23 10
24 3
24 11
25 11
25 16
26 5
26 18
27 19
27 21

# solution 3
# n=28 sym=dia1 status=verified source=flammenkamp_cache/n28_dia1
# code=/AFCFIJ594M1NBJ5ELP2P198CQR2K68GQ0L7RHODG7A6DKO3N04EIHM3B
0 10
0 15
1 12
1 15
2 18
2 19
3 5
3 9
4 4
4 22
5 1
5 23
6 11
6 19
7 5
7 14
8 21
8 25
9 2
9 25
10 1
10 9
11 8
11 12
12 26
12 27
13 2
13 20
14 6
14 8
15 16
15 26
16 0
16 21
17 7
17 27
18 17
18 24
19 13
19 16
20 7
20 10
21 6
21 13
22 20
22 24
23 3
23 23
24 0
24 4
25 14
25 18
26 17
26 22
27 3
27 11

# solution 4
# n=28 sym=dia1 status=verified source=flammenkamp_cache/n28_dia1
# code=/ACDF2HKM594AELBELR4R057B0P1J671JOP2QKODF3I683NMQGICGHN89
0 10
0 12
1 13
1 15
2 2
2 17
3 20
3 22
4 5
4 9
5 4
5 10
6 14
6 21
7 11
7 14
8 21
8 27
9 4
9 27
10 0
10 5
11 7
11 11
12 0
12 25
13 1
13 19
14 6
14 7
15 1
15 19
16 24
16 25
17 2
17 26
18 20
18 24
19 13
19 15
20 3
20 18
21 6
21 8
22 3
22 23
23 22
23 26
24 16
24 18
25 12
25 16
26 17
26 23
27 8
27 9

# solution 5
# n=28 sym=dia1 status=verified source=flammenkamp_cache/n28_dia1
# code=/AN7FAIFI7BEMNP14ERGJ024JCOQR58139GLQ239BLOHK5P06CK6MDH8D
0 10
0 23
1 7
1 15
2 10
2 18
3 15
3 18
4 7
4 11
5 14
5 22
6 23
6 25
7 1
7 4
8 14
8 27
9 16
9 19
10 0
10 2
11 4
11 19
12 12
12 24
13 26
13 27
14 5
14 8
15 1
15 3
16 9
16 16
17 21
17 26
18 2
18 3
19 9
19 11
20 21
20 24
21 17
21 20
22 5
22 25
23 0
23 6
24 12
24 20
25 6
25 22
26 13
26 17
27 8
27 13

# solution 6
# n=28 sym=dia1 status=verified source=flammenkamp_cache/n28_dia1
# code=/CI7NFN6IPQEG5ACF14OR080MKPDM2EKR7B9L5A3HBQ3O9L2J684D1JGH
0 12
0 18
1 7
1 23
2 15
2 23
3 6
3 18
4 25
4 26
5 14
5 16
6 5
6 10
7 12
7 15
8 1
8 4
9 24
9 27
10 0
10 8
11 0
11 22
12 20
12 25
13 13
13 22
14 2
14 14
15 20
15 27
16 7
16 11
17 9
17 21
18 5
18 10
19 3
19 17
20 11
20 26
21 3
21 24
22 9
22 21
23 2
23 19
24 6
24 8
25 4
25 13
26 1
26 19
27 16
27 17

# solution 7
# n=28 sym=dia1 status=verified source=flammenkamp_cache/n28_dia1
# code=/5H8CIKGI187D29HP0EOPKR9O36DJEM4Q017AGLNQAM2F5R3C4F6LBNBJ
0 5
0 17
1 8
1 12
2 18
2 20
3 16
3 18
4 1
4 8
5 7
5 13
6 2
6 9
7 17
7 25
8 0
8 14
9 24
9 25
10 20
10 27
11 9
11 24
12 3
12 6
13 13
13 19
14 14
14 22
15 4
15 26
16 0
16 1
17 7
17 10
18 16
18 21
19 23
19 26
20 10
20 22
21 2
21 15
22 5
22 27
23 3
23 12
24 4
24 15
25 6
25 21
26 11
26 23
27 11
27 19

# solution 8
# n=28 sym=dia1 status=verified source=flammenkamp_cache/n28_dia1
# code=/CFFJGP569D3I3MNOGH4QBNAB0R4JKQ01288O5K1DEILP6R7A7H2L9ECM
0 12
0 15
1 15
1 19
2 16
2 25
3 5
3 6
4 9
4 13
5 3
5 18
6 3
6 22
7 23
7 24
8 16
8 17
9 4
9 26
10 11
10 23
11 10
11 11
12 0
12 27
13 4
13 19
14 20
14 26
15 0
15 1
16 2
16 8
17 8
17 24
18 5
18 20
19 1
19 13
20 14
20 18
21 21
21 25
22 6
22 27
23 7
23 10
24 7
24 17
25 2
25 21
26 9
26 14
27 12
27 22

# solution 9
# n=28 sym=dia1 status=verified source=flammenkamp_cache/n28_dia1
# code=/5BHIEM7C5O04NO3D9F8NCH0K3A7R2K8IQR1A1FJMBEPQ2J6946LPGLDG
0 5
0 11
1 17
1 18
2 14
2 22
3 7
3 12
4 5
4 24
5 0
5 4
6 23
6 24
7 3
7 13
8 9
8 15
9 8
9 23
10 12
10 17
11 0
11 20
12 3
12 10
13 7
13 27
14 2
14 20
15 8
15 18
16 26
16 27
17 1
17 10
18 1
18 15
19 19
19 22
20 11
20 14
21 25
21 26
22 2
22 19
23 6
23 9
24 4
24 6
25 21
25 25
26 16
26 21
27 13
27 16

# solution 10
# n=28 sym=dia1 status=verified source=flammenkamp_cache/n28_dia1
# code=/FR5A9E2E9K3BGJ3N0L04BC1LCROP17FHHM2QNP788D456Q6IKMAODGIJ
0 15
0 27
1 5
1 10
2 9
2 14
3 2
3 14
4 9
4 20
5 3
5 11
6 16
6 19
7 3
7 23
8 0
8 21
9 0
9 4
10 11
10 12
11 1
11 21
12 12
12 27
13 24
13 25
14 1
14 7
15 15
15 17
16 17
16 22
17 2
17 26
18 23
18 25
19 7
19 8
20 8
20 13
21 4
21 5
22 6
22 26
23 6
23 18
24 20
24 22
25 10
25 24
26 13
26 16
27 18
27 19

# solution 11
# n=28 sym=dia1 status=verified source=flammenkamp_cache/n28_dia1
# code=/JL5EBG5B470LMREJKR68161PADKQ3F89OP3F2CCI2NHIOQ0NAD79GH4M
0 19
0 21
1 5
1 14
2 11
2 16
3 5
3 11
4 4
4 7
5 0
5 21
6 22
6 27
7 14
7 19
8 20
8 27
9 6
9 8
10 1
10 6
11 1
11 25
12 10
12 13
13 20
13 26
14 3
14 15
15 8
15 9
16 24
16 25
17 3
17 15
18 2
18 12
19 12
19 18
20 2
20 23
21 17
21 18
22 24
22 26
23 0
23 23
24 10
24 13
25 7
25 9
26 16
26 17
27 4
27 22

# solution 12
# n=28 sym=dia1 status=verified source=flammenkamp_cache/n28_dia1
# code=/8D7DBNEKIP2759EOCIJN049C03KOQRGJ3P1AGL2RMQ164L5HBF8M6AFH
0 8
0 13
1 7
1 13
2 11
2 23
3 14
3 20
4 18
4 25
5 2
5 7
6 5
6 9
7 14
7 24
8 12
8 18
9 19
9 23
10 0
10 4
11 9
11 12
12 0
12 3
13 20
13 24
14 26
14 27
15 16
15 19
16 3
16 25
17 1
17 10
18 16
18 21
19 2
19 27
20 22
20 26
21 1
21 6
22 4
22 21
23 5
23 17
24 11
24 15
25 8
25 22
26 6
26 10
27 15
27 17

# solution 13
# n=28 sym=dia1 status=verified source=flammenkamp_cache/n28_dia1
# code=/8F4ECM395IMP2H0E6C4N1LDG9RKQ6GJP1A0BFO7R28DJ3NIQ5O7LBHAK
0 8
0 15
1 4
1 14
2 12
2 22
3 3
3 9
4 5
4 18
5 22
5 25
6 2
6 17
7 0
7 14
8 6
8 12
9 4
9 23
10 1
10 21
11 13
11 16
12 9
12 27
13 20
13 26
14 6
14 16
15 19
15 25
16 1
16 10
17 0
17 11
18 15
18 24
19 7
19 27
20 2
20 8
21 13
21 19
22 3
22 23
23 18
23 26
24 5
24 24
25 7
25 21
26 11
26 17
27 10
27 20

# solution 14
# n=28 sym=dia1 status=verified source=flammenkamp_cache/n28_dia1
# code=/AM676FKL7GDR5OEO2JAI25DN3P0KGM1409IR8B19NQPQHL3C4FHJ8CBE
0 10
0 22
1 6
1 7
2 6
2 15
3 20
3 21
4 7
4 16
5 13
5 27
6 5
6 24
7 14
7 24
8 2
8 19
9 10
9 18
10 2
10 5
11 13
11 23
12 3
12 25
13 0
13 20
14 16
14 22
15 1
15 4
16 0
16 9
17 18
17 27
18 8
18 11
19 1
19 9
20 23
20 26
21 25
21 26
22 17
22 21
23 3
23 12
24 4
24 15
25 17
25 19
26 8
26 12
27 11
27 14

# solution 15
# n=28 sym=dia1 status=verified source=flammenkamp_cache/n28_dia1
# code=/FI0PCQ46BGJMBH5D5M3RCL3N1R8DEKHPLN2801AE472OJK7OGI6A9F9Q
0 15
0 18
1 0
1 25
2 12
2 26
3 4
3 6
4 11
4 16
5 19
5 22
6 11
6 17
7 5
7 13
8 5
8 22
9 3
9 27
10 12
10 21
11 3
11 23
12 1
12 27
13 8
13 13
14 14
14 20
15 17
15 25
16 21
16 23
17 2
17 8
18 0
18 1
19 10
19 14
20 4
20 7
21 2
21 24
22 19
22 20
23 7
23 24
24 16
24 18
25 6
25 10
26 9
26 15
27 9
27 26

# solution 16
# n=28 sym=dia1 status=verified source=flammenkamp_cache/n28_dia1
# code=/FL9HAB4O3G6C5PIMIP1N2C2D5ABHKR0O4R1D78JNEQ0Q7M9J3F68KLEG
0 15
0 21
1 9
1 17
2 10
2 11
3 4
3 24
4 3
4 16
5 6
5 12
6 5
6 25
7 18
7 22
8 18
8 25
9 1
9 23
10 2
10 12
11 2
11 13
12 5
12 10
13 11
13 17
14 20
14 27
15 0
15 24
16 4
16 27
17 1
17 13
18 7
18 8
19 19
19 23
20 14
20 26
21 0
21 26
22 7
22 22
23 9
23 19
24 3
24 15
25 6
25 8
26 20
26 21
27 14
27 16

# solution 17
# n=28 sym=dia1 status=verified source=flammenkamp_cache/n28_dia1
# code=/9JDQ8I48CM5NHJ5ELRDPCL17160KIQHN7923BROPBG0FKM4O2A3AFG6E
0 9
0 19
1 13
1 26
2 8
2 18
3 4
3 8
4 12
4 22
5 5
5 23
6 17
6 19
7 5
7 14
8 21
8 27
9 13
9 25
10 12
10 21
11 1
11 7
12 1
12 6
13 0
13 20
14 18
14 26
15 17
15 23
16 7
16 9
17 2
17 3
18 11
18 27
19 24
19 25
20 11
20 16
21 0
21 15
22 20
22 22
23 4
23 24
24 2
24 10
25 3
25 10
26 15
26 16
27 6
27 14

# solution 18
# n=28 sym=dia1 status=verified source=flammenkamp_cache/n28_dia1
# code=/DGCOHK5Q242M9AHP4D8IKPCR0357JRGQ191LBL0I6E37EOJN6FMNAB8F
0 13
0 16
1 12
1 24
2 17
2 20
3 5
3 26
4 2
4 4
5 2
5 22
6 9
6 10
7 17
7 25
8 4
8 13
9 8
9 18
10 20
10 25
11 12
11 27
12 0
12 3
13 5
13 7
14 19
14 27
15 16
15 26
16 1
16 9
17 1
17 21
18 11
18 21
19 0
19 18
20 6
20 14
21 3
21 7
22 14
22 24
23 19
23 23
24 6
24 15
25 22
25 23
26 10
26 11
27 8
27 15

# solution 19
# n=28 sym=dia1 status=verified source=flammenkamp_cache/n28_dia1
# code=/AFGIBRFJ5A465PEKCQHN042M8CHP7N031R9D1Q3L7MJOBK9ELO6D8I2G
0 10
0 15
1 16
1 18
2 11
2 27
3 15
3 19
4 5
4 10
5 4
5 6
6 5
6 25
7 14
7 20
8 12
8 26
9 17
9 23
10 0
10 4
11 2
11 22
12 8
12 12
13 17
13 25
14 7
14 23
15 0
15 3
16 1
16 27
17 9
17 13
18 1
18 26
19 3
19 21
20 7
20 22
21 19
21 24
22 11
22 20
23 9
23 14
24 21
24 24
25 6
25 13
26 8
26 18
27 2
27 16

# solution 20
# n=28 sym=dia1 status=verified source=flammenkamp_cache/n28_dia1
# code=/9J3CMPFJABKP5E1MOR462D9C0O6LAHGQ0NDNGR2815EI7L3I4Q8H7KBF
0 9
0 19
1 3
1 12
2 22
2 25
3 15
3 19
4 10
4 11
5 20
5 25
6 5
6 14
7 1
7 22
8 24
8 27
9 4
9 6
10 2
10 13
11 9
11 12
12 0
12 24
13 6
13 21
14 10
14 17
15 16
15 26
16 0
16 23
17 13
17 23
18 16
18 27
19 2
19 8
20 1
20 5
21 14
21 18
22 7
22 21
23 3
23 18
24 4
24 26
25 8
25 17
26 7
26 20
27 11
27 15

# solution 21
# n=28 sym=dia1 status=verified source=flammenkamp_cache/n28_dia1
# code=/FOBC5RGH6A2645KPHMCR4I1M19DPLN0G3F38AQLN7QEJ8BEJ0O7DIK29
0 15
0 24
1 11
1 12
2 5
2 27
3 16
3 17
4 6
4 10
5 2
5 6
6 4
6 5
7 20
7 25
8 17
8 22
9 12
9 27
10 4
10 18
11 1
11 22
12 1
12 9
13 13
13 25
14 21
14 23
15 0
15 16
16 3
16 15
17 3
17 8
18 10
18 26
19 21
19 23
20 7
20 26
21 14
21 19
22 8
22 11
23 14
23 19
24 0
24 24
25 7
25 13
26 18
26 20
27 2
27 9

# solution 22
# n=28 sym=dia1 status=verified source=flammenkamp_cache/n28_dia1
# code=/AH7A5LGOCM2H6Q1QCM9G01DP48BOLPJR3905KNFRIN2E48IK3DBE67FJ
0 10
0 17
1 7
1 10
2 5
2 21
3 16
3 24
4 12
4 22
5 2
5 17
6 6
6 26
7 1
7 26
8 12
8 22
9 9
9 16
10 0
10 1
11 13
11 25
12 4
12 8
13 11
13 24
14 21
14 25
15 19
15 27
16 3
16 9
17 0
17 5
18 20
18 23
19 15
19 27
20 18
20 23
21 2
21 14
22 4
22 8
23 18
23 20
24 3
24 13
25 11
25 14
26 6
26 7
27 15
27 19

# solution 23
# n=28 sym=dia1 status=verified source=flammenkamp_cache/n28_dia1
# code=/5C57DJ8GAC01MQ1M3NGI4RDF042BLPBR39HJ9Q2HKNEO678KLPEO6IAF
0 5
0 12
1 5
1 7
2 13
2 19
3 8
3 16
4 10
4 12
5 0
5 1
6 22
6 26
7 1
7 22
8 3
8 23
9 16
9 18
10 4
10 27
11 13
11 15
12 0
12 4
13 2
13 11
14 21
14 25
15 11
15 27
16 3
16 9
17 17
17 19
18 9
18 26
19 2
19 17
20 20
20 23
21 14
21 24
22 6
22 7
23 8
23 20
24 21
24 25
25 14
25 24
26 6
26 18
27 10
27 15

# solution 24
# n=28 sym=dia1 status=verified source=flammenkamp_cache/n28_dia1
# code=/9A6IDMJPAL6G15KP8N0H04CQBQ2HLRIJ5O9D1F3F7N4E2R8KGO37BCEM
0 9
0 10
1 6
1 18
2 13
2 22
3 19
3 25
4 10
4 21
5 6
5 16
6 1
6 5
7 20
7 25
8 8
8 23
9 0
9 17
10 0
10 4
11 12
11 26
12 11
12 26
13 2
13 17
14 21
14 27
15 18
15 19
16 5
16 24
17 9
17 13
18 1
18 15
19 3
19 15
20 7
20 23
21 4
21 14
22 2
22 27
23 8
23 20
24 16
24 24
25 3
25 7
26 11
26 12
27 14
27 22

# solution 25
# n=28 sym=dia1 status=verified source=flammenkamp_cache/n28_dia1
# code=/BPDGGO4A385MDE8O47JP3M0BIR166RIN12KQCF9LHQJN5AFL2709HKCE
0 11
0 25
1 13
1 16
2 16
2 24
3 4
3 10
4 3
4 8
5 5
5 22
6 13
6 14
7 8
7 24
8 4
8 7
9 19
9 25
10 3
10 22
11 0
11 11
12 18
12 27
13 1
13 6
14 6
14 27
15 18
15 23
16 1
16 2
17 20
17 26
18 12
18 15
19 9
19 21
20 17
20 26
21 19
21 23
22 5
22 10
23 15
23 21
24 2
24 7
25 0
25 9
26 17
26 20
27 12
27 14

# solution 26
# n=28 sym=dia1 status=verified source=flammenkamp_cache/n28_dia1
# code=/FJLQAJ483DFLMQ7KPR2C6C59MR025NHI187P0GBOAK4HDG6O1NEI3B9E
0 15
0 19
1 21
1 26
2 10
2 19
3 4
3 8
4 3
4 13
5 15
5 21
6 22
6 26
7 7
7 20
8 25
8 27
9 2
9 12
10 6
10 12
11 5
11 9
12 22
12 27
13 0
13 2
14 5
14 23
15 17
15 18
16 1
16 8
17 7
17 25
18 0
18 16
19 11
19 24
20 10
20 20
21 4
21 17
22 13
22 16
23 6
23 24
24 1
24 23
25 14
25 18
26 3
26 11
27 9
27 14

# solution 27
# n=28 sym=dia1 status=verified source=flammenkamp_cache/n28_dia1
# code=/BHBG67LO5KDEKOLN2649DRAQ020MHM47QRAG3I13CPJP1NCI89FJ58EF
0 11
0 17
1 11
1 16
2 6
2 7
3 21
3 24
4 5
4 20
5 13
5 14
6 20
6 24
7 21
7 23
8 2
8 6
9 4
9 9
10 13
10 27
11 10
11 26
12 0
12 2
13 0
13 22
14 17
14 22
15 4
15 7
16 26
16 27
17 10
17 16
18 3
18 18
19 1
19 3
20 12
20 25
21 19
21 25
22 1
22 23
23 12
23 18
24 8
24 9
25 15
25 19
26 5
26 8
27 14
27 15

# solution 28
# n=28 sym=dia1 status=verified source=flammenkamp_cache/n28_dia1
# code=/FJ7A49DH2KDH39KNCR08MO3C5R01MOGJ6B1QLP2I6Q7B4F5PGL8NAEEI
0 15
0 19
1 7
1 10
2 4
2 9
3 13
3 17
4 2
4 20
5 13
5 17
6 3
6 9
7 20
7 23
8 12
8 27
9 0
9 8
10 22
10 24
11 3
11 12
12 5
12 27
13 0
13 1
14 22
14 24
15 16
15 19
16 6
16 11
17 1
17 26
18 21
18 25
19 2
19 18
20 6
20 26
21 7
21 11
22 4
22 15
23 5
23 25
24 16
24 21
25 8
25 23
26 10
26 14
27 14
27 18

# solution 29
# n=28 sym=dia1 status=verified source=flammenkamp_cache/n28_dia1
# code=/8NFH4DHN268G4I7A05LP7FBQJR2MIJ1A5Q136ECEOR9MDL03KP9OBGCK
0 8
0 23
1 15
1 17
2 4
2 13
3 17
3 23
4 2
4 6
5 8
5 16
6 4
6 18
7 7
7 10
8 0
8 5
9 21
9 25
10 7
10 15
11 11
11 26
12 19
12 27
13 2
13 22
14 18
14 19
15 1
15 10
16 5
16 26
17 1
17 3
18 6
18 14
19 12
19 14
20 24
20 27
21 9
21 22
22 13
22 21
23 0
23 3
24 20
24 25
25 9
25 24
26 11
26 16
27 12
27 20

# solution 30
# n=28 sym=dia1 status=verified source=flammenkamp_cache/n28_dia1
# code=/DF4AEK288EJMDH3PGM9A3L6J0RNPLR6715IQ2INO0CCG1B4QHK9O5B7F
0 13
0 15
1 4
1 10
2 14
2 20
3 2
3 8
4 8
4 14
5 19
5 22
6 13
6 17
7 3
7 25
8 16
8 22
9 9
9 10
10 3
10 21
11 6
11 19
12 0
12 27
13 23
13 25
14 21
14 27
15 6
15 7
16 1
16 5
17 18
17 26
18 2
18 18
19 23
19 24
20 0
20 12
21 12
21 16
22 1
22 11
23 4
23 26
24 17
24 20
25 9
25 24
26 5
26 11
27 7
27 15

# solution 31
# n=28 sym=dia1 status=verified source=flammenkamp_cache/n28_dia1
# code=/EI8CBN6KEP12JLDOGL7R59DJ05NRGK6Q0P39AH4Q1ICOFH384A2M7MBF
0 14
0 18
1 8
1 12
2 11
2 23
3 6
3 20
4 14
4 25
5 1
5 2
6 19
6 21
7 13
7 24
8 16
8 21
9 7
9 27
10 5
10 9
11 13
11 19
12 0
12 5
13 23
13 27
14 16
14 20
15 6
15 26
16 0
16 25
17 3
17 9
18 10
18 17
19 4
19 26
20 1
20 18
21 12
21 24
22 15
22 17
23 3
23 8
24 4
24 10
25 2
25 22
26 7
26 22
27 11
27 15

# solution 32
# n=28 sym=dia1 status=verified source=flammenkamp_cache/n28_dia1
# code=/7F5BCILO4P1LAB0PDMGM6D162Q8ANR0O9HGJ2QHRKN3589EK3F47CIEJ
0 7
0 15
1 5
1 11
2 12
2 18
3 21
3 24
4 4
4 25
5 1
5 21
6 10
6 11
7 0
7 25
8 13
8 22
9 16
9 22
10 6
10 13
11 1
11 6
12 2
12 26
13 8
13 10
14 23
14 27
15 0
15 24
16 9
16 17
17 16
17 19
18 2
18 26
19 17
19 27
20 20
20 23
21 3
21 5
22 8
22 9
23 14
23 20
24 3
24 15
25 4
25 7
26 12
26 18
27 14
27 19

# solution 33
# n=28 sym=dia1 status=verified source=flammenkamp_cache/n28_dia1
# code=/46HIIOBD07AO064EHQEN5R3BJL3P79PRJK1812CGGQCMLN9M25DF8KAF
0 4
0 6
1 17
1 18
2 18
2 24
3 11
3 13
4 0
4 7
5 10
5 24
6 0
6 6
7 4
7 14
8 17
8 26
9 14
9 23
10 5
10 27
11 3
11 11
12 19
12 21
13 3
13 25
14 7
14 9
15 25
15 27
16 19
16 20
17 1
17 8
18 1
18 2
19 12
19 16
20 16
20 26
21 12
21 22
22 21
22 23
23 9
23 22
24 2
24 5
25 13
25 15
26 8
26 20
27 10
27 15

# solution 34
# n=28 sym=dia1 status=verified source=flammenkamp_cache/n28_dia1
# code=/FG5KKM8N6R1D476A3PIQ7DHLIO5AOQ0J0PBM9CFR12BN2H3LCE8G9E4J
0 15
0 16
1 5
1 20
2 20
2 22
3 8
3 23
4 6
4 27
5 1
5 13
6 4
6 7
7 6
7 10
8 3
8 25
9 18
9 26
10 7
10 13
11 17
11 21
12 18
12 24
13 5
13 10
14 24
14 26
15 0
15 19
16 0
16 25
17 11
17 22
18 9
18 12
19 15
19 27
20 1
20 2
21 11
21 23
22 2
22 17
23 3
23 21
24 12
24 14
25 8
25 16
26 9
26 14
27 4
27 19

# solution 35
# n=28 sym=dia1 status=verified source=flammenkamp_cache/n28_dia1
# code=/ANCE3G243L9GDLMN8O5F0CHK1A6Q1O9K25BJQRHRBF467P078EMPDIIJ
0 10
0 23
1 12
1 14
2 3
2 16
3 2
3 4
4 3
4 21
5 9
5 16
6 13
6 21
7 22
7 23
8 8
8 24
9 5
9 15
10 0
10 12
11 17
11 20
12 1
12 10
13 6
13 26
14 1
14 24
15 9
15 20
16 2
16 5
17 11
17 19
18 26
18 27
19 17
19 27
20 11
20 15
21 4
21 6
22 7
22 25
23 0
23 7
24 8
24 14
25 22
25 25
26 13
26 18
27 18
27 19

# solution 36
# n=28 sym=dia1 status=verified source=flammenkamp_cache/n28_dia1
# code=/AE9LHJEO583C2QGJKP29CP0K07OR14HM7ABRIQ1NBF463N6D5MIL8DFG
0 10
0 14
1 9
1 21
2 17
2 19
3 14
3 24
4 5
4 8
5 3
5 12
6 2
6 26
7 16
7 19
8 20
8 25
9 2
9 9
10 12
10 25
11 0
11 20
12 0
12 7
13 24
13 27
14 1
14 4
15 17
15 22
16 7
16 10
17 11
17 27
18 18
18 26
19 1
19 23
20 11
20 15
21 4
21 6
22 3
22 23
23 6
23 13
24 5
24 22
25 18
25 21
26 8
26 13
27 15
27 16

# solution 37
# n=28 sym=dia1 status=verified source=flammenkamp_cache/n28_dia1
# code=/FOABGMFR79MPAE2I1E7K2B8PORJL0356HQLQ1N6GIN8C0C344DHK9J5D
0 15
0 24
1 10
1 11
2 16
2 22
3 15
3 27
4 7
4 9
5 22
5 25
6 10
6 14
7 2
7 18
8 1
8 14
9 7
9 20
10 2
10 11
11 8
11 25
12 24
12 27
13 19
13 21
14 0
14 3
15 5
15 6
16 17
16 26
17 21
17 26
18 1
18 23
19 6
19 16
20 18
20 23
21 8
21 12
22 0
22 12
23 3
23 4
24 4
24 13
25 17
25 20
26 9
26 19
27 5
27 13

# solution 38
# n=28 sym=dia1 status=verified source=flammenkamp_cache/n28_dia1
# code=/8CFGHJ785N4OCK3703LRDFHK06AQOR1A1Q2BJM2I6B9NIP4L5EMPDG9E
0 8
0 12
1 15
1 16
2 17
2 19
3 7
3 8
4 5
4 23
5 4
5 24
6 12
6 20
7 3
7 7
8 0
8 3
9 21
9 27
10 13
10 15
11 17
11 20
12 0
12 6
13 10
13 26
14 24
14 27
15 1
15 10
16 1
16 26
17 2
17 11
18 19
18 22
19 2
19 18
20 6
20 11
21 9
21 23
22 18
22 25
23 4
23 21
24 5
24 14
25 22
25 25
26 13
26 16
27 9
27 14

# solution 39
# n=28 sym=dia1 status=verified source=flammenkamp_cache/n28_dia1
# code=/8R9FGO4E3AHO69EQ0K164KLRDNCI371L2P5HDMNQ8ABFIPCJ25GM7J0B
0 8
0 27
1 9
1 15
2 16
2 24
3 4
3 14
4 3
4 10
5 17
5 24
6 6
6 9
7 14
7 26
8 0
8 20
9 1
9 6
10 4
10 20
11 21
11 27
12 13
12 23
13 12
13 18
14 3
14 7
15 1
15 21
16 2
16 25
17 5
17 17
18 13
18 22
19 23
19 26
20 8
20 10
21 11
21 15
22 18
22 25
23 12
23 19
24 2
24 5
25 16
25 22
26 7
26 19
27 0
27 11

# solution 40
# n=28 sym=dia1 status=verified source=flammenkamp_cache/n28_dia1
# code=/BE9J2D6G4H8O3MBQ5O1LHP07DR2C0KGM3F4AKR1NEI9Q6FJP58AN7LCI
0 11
0 14
1 9
1 19
2 2
2 13
3 6
3 16
4 4
4 17
5 8
5 24
6 3
6 22
7 11
7 26
8 5
8 24
9 1
9 21
10 17
10 25
11 0
11 7
12 13
12 27
13 2
13 12
14 0
14 20
15 16
15 22
16 3
16 15
17 4
17 10
18 20
18 27
19 1
19 23
20 14
20 18
21 9
21 26
22 6
22 15
23 19
23 25
24 5
24 8
25 10
25 23
26 7
26 21
27 12
27 18

# solution 41
# n=28 sym=dia1 status=verified source=flammenkamp_cache/n28_dia1
# code=/677IJNAF5C4F0K019N8O3JBD4QBHPQ35IKDR1G2A6GLOPR289LEMCEHM
0 6
0 7
1 7
1 18
2 19
2 23
3 10
3 15
4 5
4 12
5 4
5 15
6 0
6 20
7 0
7 1
8 9
8 23
9 8
9 24
10 3
10 19
11 11
11 13
12 4
12 26
13 11
13 17
14 25
14 26
15 3
15 5
16 18
16 20
17 13
17 27
18 1
18 16
19 2
19 10
20 6
20 16
21 21
21 24
22 25
22 27
23 2
23 8
24 9
24 21
25 14
25 22
26 12
26 14
27 17
27 22

# solution 42
# n=28 sym=dia1 status=verified source=flammenkamp_cache/n28_dia1
# code=/9BEG45BJ282KHOCH4R09NO037FDJ1QCM1P67KQ3D5IPRFNAM6AGLEI8L
0 9
0 11
1 14
1 16
2 4
2 5
3 11
3 19
4 2
4 8
5 2
5 20
6 17
6 24
7 12
7 17
8 4
8 27
9 0
9 9
10 23
10 24
11 0
11 3
12 7
12 15
13 13
13 19
14 1
14 26
15 12
15 22
16 1
16 25
17 6
17 7
18 20
18 26
19 3
19 13
20 5
20 18
21 25
21 27
22 15
22 23
23 10
23 22
24 6
24 10
25 16
25 21
26 14
26 18
27 8
27 21

# solution 43
# n=28 sym=dia1 status=verified source=flammenkamp_cache/n28_dia1
# code=/DP7GCG9I5N4F9K1FBR36LM8M2C0QNQ5712HJ3RHO6OAPAB4EJK0LDE8I
0 13
0 25
1 7
1 16
2 12
2 16
3 9
3 18
4 5
4 23
5 4
5 15
6 9
6 20
7 1
7 15
8 11
8 27
9 3
9 6
10 21
10 22
11 8
11 22
12 2
12 12
13 0
13 26
14 23
14 26
15 5
15 7
16 1
16 2
17 17
17 19
18 3
18 27
19 17
19 24
20 6
20 24
21 10
21 25
22 10
22 11
23 4
23 14
24 19
24 20
25 0
25 21
26 13
26 14
27 8
27 18

# solution 44
# n=28 sym=dia1 status=verified source=flammenkamp_cache/n28_dia1
# code=/EH8KKPDF487D2FPQ5B274RCGLO0RMOAG6J3C16NQIM9B1JHN0AIL593E
0 14
0 17
1 8
1 20
2 20
2 25
3 13
3 15
4 4
4 8
5 7
5 13
6 2
6 15
7 25
7 26
8 5
8 11
9 2
9 7
10 4
10 27
11 12
11 16
12 21
12 24
13 0
13 27
14 22
14 24
15 10
15 16
16 6
16 19
17 3
17 12
18 1
18 6
19 23
19 26
20 18
20 22
21 9
21 11
22 1
22 19
23 17
23 23
24 0
24 10
25 18
25 21
26 5
26 9
27 3
27 14

# solution 45
# n=28 sym=dia1 status=verified source=flammenkamp_cache/n28_dia1
# code=/EF9B5K6AKN2Q3HJMDM1R3A1LDP8C0R0OIO6LGP7N24BH784JFGCI5Q9E
0 14
0 15
1 9
1 11
2 5
2 20
3 6
3 10
4 20
4 23
5 2
5 26
6 3
6 17
7 19
7 22
8 13
8 22
9 1
9 27
10 3
10 10
11 1
11 21
12 13
12 25
13 8
13 12
14 0
14 27
15 0
15 24
16 18
16 24
17 6
17 21
18 16
18 25
19 7
19 23
20 2
20 4
21 11
21 17
22 7
22 8
23 4
23 19
24 15
24 16
25 12
25 18
26 5
26 26
27 9
27 14

# solution 46
# n=28 sym=dia1 status=verified source=flammenkamp_cache/n28_dia1
# code=/HOBJ47CRFG1L9M5KGQ183RJNDN0A9F3O6Q2EDL8I6P7B0K2PCH4AIM5E
0 17
0 24
1 11
1 19
2 4
2 7
3 12
3 27
4 15
4 16
5 1
5 21
6 9
6 22
7 5
7 20
8 16
8 26
9 1
9 8
10 3
10 27
11 19
11 23
12 13
12 23
13 0
13 10
14 9
14 15
15 3
15 24
16 6
16 26
17 2
17 14
18 13
18 21
19 8
19 18
20 6
20 25
21 7
21 11
22 0
22 20
23 2
23 25
24 12
24 17
25 4
25 10
26 18
26 22
27 5
27 14

# solution 47
# n=28 sym=dia1 status=verified source=flammenkamp_cache/n28_dia1
# code=/EJAH277I4L8NBE235LIM1D6DQRAB06MRKO1O390PGQ489F5PGHJNCKCF
0 14
0 19
1 10
1 17
2 2
2 7
3 7
3 18
4 4
4 21
5 8
5 23
6 11
6 14
7 2
7 3
8 5
8 21
9 18
9 22
10 1
10 13
11 6
11 13
12 26
12 27
13 10
13 11
14 0
14 6
15 22
15 27
16 20
16 24
17 1
17 24
18 3
18 9
19 0
19 25
20 16
20 26
21 4
21 8
22 9
22 15
23 5
23 25
24 16
24 17
25 19
25 23
26 12
26 20
27 12
27 15

# solution 48
# n=28 sym=dia1 status=verified source=flammenkamp_cache/n28_dia1
# code=/58DJ7AIOMO0EAJ2R0FMN26BDIQ1B5L8PHQGK3C16HLEK499P34FNCG7R
0 5
0 8
1 13
1 19
2 7
2 10
3 18
3 24
4 22
4 24
5 0
5 14
6 10
6 19
7 2
7 27
8 0
8 15
9 22
9 23
10 2
10 6
11 11
11 13
12 18
12 26
13 1
13 11
14 5
14 21
15 8
15 25
16 17
16 26
17 16
17 20
18 3
18 12
19 1
19 6
20 17
20 21
21 14
21 20
22 4
22 9
23 9
23 25
24 3
24 4
25 15
25 23
26 12
26 16
27 7
27 27

# solution 49
# n=28 sym=dia1 status=verified source=flammenkamp_cache/n28_dia1
# code=/EKGKAN6AJO5E3C9OJM7Q23DF6LBP05BR1LHRMN4801CG8I2I47DQ9PFH
0 14
0 20
1 16
1 20
2 10
2 23
3 6
3 10
4 19
4 24
5 5
5 14
6 3
6 12
7 9
7 24
8 19
8 22
9 7
9 26
10 2
10 3
11 13
11 15
12 6
12 21
13 11
13 25
14 0
14 5
15 11
15 27
16 1
16 21
17 17
17 27
18 22
18 23
19 4
19 8
20 0
20 1
21 12
21 16
22 8
22 18
23 2
23 18
24 4
24 7
25 13
25 26
26 9
26 25
27 15
27 17

# solution 50
# n=28 sym=dia1 status=verified source=flammenkamp_cache/n28_dia1
# code=/KLBM8EAGEN6O5J7A2NOR371DGQBH24HR3CDFJP6I0P0Q1M4859IKCL9F
0 20
0 21
1 11
1 22
2 8
2 14
3 10
3 16
4 14
4 23
5 6
5 24
6 5
6 19
7 7
7 10
8 2
8 23
9 24
9 27
10 3
10 7
11 1
11 13
12 16
12 26
13 11
13 17
14 2
14 4
15 17
15 27
16 3
16 12
17 13
17 15
18 19
18 25
19 6
19 18
20 0
20 25
21 0
21 26
22 1
22 22
23 4
23 8
24 5
24 9
25 18
25 20
26 12
26 21
27 9
27 15

# solution 51
# n=28 sym=dia1 status=verified source=flammenkamp_cache/n28_dia1
# code=/HI7K8D4G3N9R7G16285PIKDRLO2BHLOQ360E0ANQ1ACEMP4JCF9MFJ5B
0 17
0 18
1 7
1 20
2 8
2 13
3 4
3 16
4 3
4 23
5 9
5 27
6 7
6 16
7 1
7 6
8 2
8 8
9 5
9 25
10 18
10 20
11 13
11 27
12 21
12 24
13 2
13 11
14 17
14 21
15 24
15 26
16 3
16 6
17 0
17 14
18 0
18 10
19 23
19 26
20 1
20 10
21 12
21 14
22 22
22 25
23 4
23 19
24 12
24 15
25 9
25 22
26 15
26 19
27 5
27 11

# solution 52
# n=28 sym=dia1 status=verified source=flammenkamp_cache/n28_dia1
# code=/AKDH9AKL3J396OORHN06JQDG1508GQ1B4CPRMP2E25IL7F4BMN78CFEI
0 10
0 20
1 13
1 17
2 9
2 10
3 20
3 21
4 3
4 19
5 3
5 9
6 6
6 24
7 24
7 27
8 17
8 23
9 0
9 6
10 19
10 26
11 13
11 16
12 1
12 5
13 0
13 8
14 16
14 26
15 1
15 11
16 4
16 12
17 25
17 27
18 22
18 25
19 2
19 14
20 2
20 5
21 18
21 21
22 7
22 15
23 4
23 11
24 22
24 23
25 7
25 8
26 12
26 15
27 14
27 18

# solution 53
# n=28 sym=dia1 status=verified source=flammenkamp_cache/n28_dia1
# code=/8JLQ6J69BI2E5Q3IPRKN5ACD14BM7G1GEN0H0O7R8DOPHL3F4K2MCF9A
0 8
0 19
1 21
1 26
2 6
2 19
3 6
3 9
4 11
4 18
5 2
5 14
6 5
6 26
7 3
7 18
8 25
8 27
9 20
9 23
10 5
10 10
11 12
11 13
12 1
12 4
13 11
13 22
14 7
14 16
15 1
15 16
16 14
16 23
17 0
17 17
18 0
18 24
19 7
19 27
20 8
20 13
21 24
21 25
22 17
22 21
23 3
23 15
24 4
24 20
25 2
25 22
26 12
26 15
27 9
27 10

# solution 54
# n=28 sym=dia1 status=verified source=flammenkamp_cache/n28_dia1
# code=/BC24HIAMCL0OFN0H471PKPBD3L7A2GNRGREO3889EJ1556JQ9FDQ6IKM
0 11
0 12
1 2
1 4
2 17
2 18
3 10
3 22
4 12
4 21
5 0
5 24
6 15
6 23
7 0
7 17
8 4
8 7
9 1
9 25
10 20
10 25
11 11
11 13
12 3
12 21
13 7
13 10
14 2
14 16
15 23
15 27
16 16
16 27
17 14
17 24
18 3
18 8
19 8
19 9
20 14
20 19
21 1
21 5
22 5
22 6
23 19
23 26
24 9
24 15
25 13
25 26
26 6
26 18
27 20
27 22

# solution 55
# n=28 sym=dia1 status=verified source=flammenkamp_cache/n28_dia1
# code=/GOCF7KOR8H1F58DP3619DNCRMQ24HKGQ360A0ILN5PBJ7L2EBJ4EIM9A
0 16
0 24
1 12
1 15
2 7
2 20
3 24
3 27
4 8
4 17
5 1
5 15
6 5
6 8
7 13
7 25
8 3
8 6
9 1
9 9
10 13
10 23
11 12
11 27
12 22
12 26
13 2
13 4
14 17
14 20
15 16
15 26
16 3
16 6
17 0
17 10
18 0
18 18
19 21
19 23
20 5
20 25
21 11
21 19
22 7
22 21
23 2
23 14
24 11
24 19
25 4
25 14
26 18
26 22
27 9
27 10

# solution 56
# n=28 sym=dia1 status=verified source=flammenkamp_cache/n28_dia1
# code=/BGAL37AKGJ38CQKO1NBD79NR26280I0LIROQ9HEMHP5F4615MPEF4JCD
0 11
0 16
1 10
1 21
2 3
2 7
3 10
3 20
4 16
4 19
5 3
5 8
6 12
6 26
7 20
7 24
8 1
8 23
9 11
9 13
10 7
10 9
11 23
11 27
12 2
12 6
13 2
13 8
14 0
14 18
15 0
15 21
16 18
16 27
17 24
17 26
18 9
18 17
19 14
19 22
20 17
20 25
21 5
21 15
22 4
22 6
23 1
23 5
24 22
24 25
25 14
25 15
26 4
26 19
27 12
27 13

# solution 57
# n=28 sym=dia1 status=verified source=flammenkamp_cache/n28_dia1
# code=/6CFLCP5K9H26LQAOGH9DJN4J7Q240IPR381KIN1B0FMR3OEG5BEM8A7D
0 6
0 12
1 15
1 21
2 12
2 25
3 5
3 20
4 9
4 17
5 2
5 6
6 21
6 26
7 10
7 24
8 16
8 17
9 9
9 13
10 19
10 23
11 4
11 19
12 7
12 26
13 2
13 4
14 0
14 18
15 25
15 27
16 3
16 8
17 1
17 20
18 18
18 23
19 1
19 11
20 0
20 15
21 22
21 27
22 3
22 24
23 14
23 16
24 5
24 11
25 14
25 22
26 8
26 10
27 7
27 13

# solution 58
# n=28 sym=dia1 status=verified source=flammenkamp_cache/n28_dia1
# code=/8MAH3FFNAO2R69CH7JDGKQ5IOP016I8K05NQ9LCR1JDLBG234P4M7EBE
0 8
0 22
1 10
1 17
2 3
2 15
3 15
3 23
4 10
4 24
5 2
5 27
6 6
6 9
7 12
7 17
8 7
8 19
9 13
9 16
10 20
10 26
11 5
11 18
12 24
12 25
13 0
13 1
14 6
14 18
15 8
15 20
16 0
16 5
17 23
17 26
18 9
18 21
19 12
19 27
20 1
20 19
21 13
21 21
22 11
22 16
23 2
23 3
24 4
24 25
25 4
25 22
26 7
26 14
27 11
27 14

# solution 59
# n=28 sym=dia1 status=verified source=flammenkamp_cache/n28_dia1
# code=/DG69KN6QGH7N135BOP1IEP7CBR0IAOMQ044J9DHR2KLMFL258E8A3FCJ
0 13
0 16
1 6
1 9
2 20
2 23
3 6
3 26
4 16
4 17
5 7
5 23
6 1
6 3
7 5
7 11
8 24
8 25
9 1
9 18
10 14
10 25
11 7
11 12
12 11
12 27
13 0
13 18
14 10
14 24
15 22
15 26
16 0
16 4
17 4
17 19
18 9
18 13
19 17
19 27
20 2
20 20
21 21
21 22
22 15
22 21
23 2
23 5
24 8
24 14
25 8
25 10
26 3
26 15
27 12
27 19

