# solution 1
# n=28 sym=rot4 status=verified source=flammenkamp_cache/n28_rot4
# code=o8H5LAFJL5GNQ13GI3R7C0P472IDEDE9PKN2RFK0O9BOQ14BM68CH6MAJ
0 8
0 17
1 5
1 21
2 10
2 15
3 19
3 21
4 5
4 16
5 23
5 26
6 1
6 3
7 16
7 18
8 3
8 27
9 7
9 12
10 0
10 25
11 4
11 7
12 2
12 18
13 13
13 14
14 13
14 14
15 9
15 25
16 20
16 23
17 2
17 27
18 15
18 20
19 0
19 24
20 9
20 11
21 24
21 26
22 1
22 4
23 11
23 22
24 6
24 8
25 12
25 17
26 6
26 22
27 10
27 19

# solution 2
# n=28 sym=rot4 status=verified source=flammenkamp_cache/n28_rot4
# code=o1JBR6ICIKLAG4P4H0C237M5QJODEDE381M5KOPFRAN2NBH679F9L0G8Q
0 1
0 19
1 11
1 27
2 6
2 18
3 12
3 18
4 20
4 21
5 10
5 16
6 4
6 25
7 4
7 17
8 0
8 12
9 2
9 3
10 7
10 22
11 5
11 26
12 19
12 24
13 13
13 14
14 13
14 14
15 3
15 8
16 1
16 22
17 5
17 20
18 24
18 25
19 15
19 27
20 10
20 23
21 2
21 23
22 11
22 17
23 6
23 7
24 9
24 15
25 9
25 21
26 0
26 16
27 8
27 26

# solution 3
# n=28 sym=rot4 status=verified source=flammenkamp_cache/n28_rot4
# code=o4MGI89ELAR0L35CGHP1P8N17DK3FCO7EKQ4J2Q2ABFMO6R0H6DIJ9B5N
0 4
0 22
1 16
1 18
2 8
2 9
3 14
3 21
4 10
4 27
5 0
5 21
6 3
6 5
7 12
7 16
8 17
8 25
9 1
9 25
10 8
10 23
11 1
11 7
12 13
12 20
13 3
13 15
14 12
14 24
15 7
15 14
16 20
16 26
17 4
17 19
18 2
18 26
19 2
19 10
20 11
20 15
21 22
21 24
22 6
22 27
23 0
23 17
24 6
24 13
25 18
25 19
26 9
26 11
27 5
27 23

# solution 4
# n=28 sym=rot4 status=verified source=flammenkamp_cache/n28_rot4
# code=oAMFI7D6I8A06MOGPBN13NR7J1DFP2CEQ8K04OQ4G2B35LRHJ9LEK9C5H
0 10
0 22
1 15
1 18
2 7
2 13
3 6
3 18
4 8
4 10
5 0
5 6
6 22
6 24
7 16
7 25
8 11
8 23
9 1
9 3
10 23
10 27
11 7
11 19
12 1
12 13
13 15
13 25
14 2
14 12
15 14
15 26
16 8
16 20
17 0
17 4
18 24
18 26
19 4
19 16
20 2
20 11
21 3
21 5
22 21
22 27
23 17
23 19
24 9
24 21
25 14
25 20
26 9
26 12
27 5
27 17

# solution 5
# n=28 sym=rot4 status=verified source=flammenkamp_cache/n28_rot4
# code=oBE7A5K69FGAPJO2Q69JOMQ4R4D0FCREN0N1538IL1P382HBCIL7MHKDG
0 11
0 14
1 7
1 10
2 5
2 20
3 6
3 9
4 15
4 16
5 10
5 25
6 19
6 24
7 2
7 26
8 6
8 9
9 19
9 24
10 22
10 26
11 4
11 27
12 4
12 13
13 0
13 15
14 12
14 27
15 14
15 23
16 0
16 23
17 1
17 5
18 3
18 8
19 18
19 21
20 1
20 25
21 3
21 8
22 2
22 17
23 11
23 12
24 18
24 21
25 7
25 22
26 17
26 20
27 13
27 16

# solution 6
# n=28 sym=rot4 status=verified source=flammenkamp_cache/n28_rot4
# code=o3L9FHNKR2BAC0K369DJQ2MDN1MGJ8B5Q4E5P18EILO7RFHGP074ACI6O
0 3
0 21
1 9
1 15
2 17
2 23
3 20
3 27
4 2
4 11
5 10
5 12
6 0
6 20
7 3
7 6
8 9
8 13
9 19
9 26
10 2
10 22
11 13
11 23
12 1
12 22
13 16
13 19
14 8
14 11
15 5
15 26
16 4
16 14
17 5
17 25
18 1
18 8
19 14
19 18
20 21
20 24
21 7
21 27
22 15
22 17
23 16
23 25
24 0
24 7
25 4
25 10
26 12
26 18
27 6
27 24

# solution 7
# n=28 sym=rot4 status=verified source=flammenkamp_cache/n28_rot4
# code=o6A6IEK3OFH89QR2J7M1M4RDF4B2GBPGNCE0N5Q5K8P01IJAC3O7D9LHL
0 6
0 10
1 6
1 18
2 14
2 20
3 3
3 24
4 15
4 17
5 8
5 9
6 26
6 27
7 2
7 19
8 7
8 22
9 1
9 22
10 4
10 27
11 13
11 15
12 4
12 11
13 2
13 16
14 11
14 25
15 16
15 23
16 12
16 14
17 0
17 23
18 5
18 26
19 5
19 20
20 8
20 25
21 0
21 1
22 18
22 19
23 10
23 12
24 3
24 24
25 7
25 13
26 9
26 21
27 17
27 21

# solution 8
# n=28 sym=rot4 status=verified source=flammenkamp_cache/n28_rot4
# code=o5KEH4M7F9P2R6L0OCI8N1BDH3J1GBQ8OAEGQ4J9F3R6L0P2ICK5NAD7M
0 5
0 20
1 14
1 17
2 4
2 22
3 7
3 15
4 9
4 25
5 2
5 27
6 6
6 21
7 0
7 24
8 12
8 18
9 8
9 23
10 1
10 11
11 13
11 17
12 3
12 19
13 1
13 16
14 11
14 26
15 8
15 24
16 10
16 14
17 16
17 26
18 4
18 19
19 9
19 15
20 3
20 27
21 6
21 21
22 0
22 25
23 2
23 18
24 12
24 20
25 5
25 23
26 10
26 13
27 7
27 22

# solution 9
# n=28 sym=rot4 status=verified source=flammenkamp_cache/n28_rot4
# code=oAK6DHN892F89KQ06MOMO2RDF4BGQ1BGNCE0P3535LR17IJCPIJ4AEL7H
0 10
0 20
1 6
1 13
2 17
2 23
3 8
3 9
4 2
4 15
5 8
5 9
6 20
6 26
7 0
7 6
8 22
8 24
9 22
9 24
10 2
10 27
11 13
11 15
12 4
12 11
13 16
13 26
14 1
14 11
15 16
15 23
16 12
16 14
17 0
17 25
18 3
18 5
19 3
19 5
20 21
20 27
21 1
21 7
22 18
22 19
23 12
23 25
24 18
24 19
25 4
25 10
26 14
26 21
27 7
27 17

# solution 10
# n=28 sym=rot4 status=verified source=flammenkamp_cache/n28_rot4
# code=oCLBI9K5JFLGO04283K1PDE5Q4RAHAH0N1MDE2Q7OJPNR3B6C8M7I9G6F
0 12
0 21
1 11
1 18
2 9
2 20
3 5
3 19
4 15
4 21
5 16
5 24
6 0
6 4
7 2
7 8
8 3
8 20
9 1
9 25
10 13
10 14
11 5
11 26
12 4
12 27
13 10
13 17
14 10
14 17
15 0
15 23
16 1
16 22
17 13
17 14
18 2
18 26
19 7
19 24
20 19
20 25
21 23
21 27
22 3
22 11
23 6
23 12
24 8
24 22
25 7
25 18
26 9
26 16
27 6
27 15

# solution 11
# n=28 sym=rot4 status=verified source=flammenkamp_cache/n28_rot4
# code=oACCK8O258ELO591INP7LDRBGQR4HAN01BG0E6K249QIM36DJMP3J7FFH
0 10
0 12
1 12
1 20
2 8
2 24
3 2
3 5
4 8
4 14
5 21
5 24
6 5
6 9
7 1
7 18
8 23
8 25
9 7
9 21
10 13
10 27
11 11
11 16
12 26
12 27
13 4
13 17
14 10
14 23
15 0
15 1
16 11
16 16
17 0
17 14
18 6
18 20
19 2
19 4
20 9
20 26
21 18
21 22
22 3
22 6
23 13
23 19
24 22
24 25
25 3
25 19
26 7
26 15
27 15
27 17

# solution 12
# n=28 sym=rot4 status=verified source=flammenkamp_cache/n28_rot4
# code=o7F36ILMQEH3B2QCRGI284D8M0K4HAN7R5JENJP9B0F1PGOAD1569LOCK
0 7
0 15
1 3
1 6
2 18
2 21
3 22
3 26
4 14
4 17
5 3
5 11
6 2
6 26
7 12
7 27
8 16
8 18
9 2
9 8
10 4
10 13
11 8
11 22
12 0
12 20
13 4
13 17
14 10
14 23
15 7
15 27
16 5
16 19
17 14
17 23
18 19
18 25
19 9
19 11
20 0
20 15
21 1
21 25
22 16
22 24
23 10
23 13
24 1
24 5
25 6
25 9
26 21
26 24
27 12
27 20

# solution 13
# n=28 sym=rot4 status=verified source=flammenkamp_cache/n28_rot4
# code=oCM9G58FJAD0P7K6L3PGQDN193RHN4A0OIQ4E1B2O6L7K2REH8CJMBI5F
0 12
0 22
1 9
1 16
2 5
2 8
3 15
3 19
4 10
4 13
5 0
5 25
6 7
6 20
7 6
7 21
8 3
8 25
9 16
9 26
10 13
10 23
11 1
11 9
12 3
12 27
13 17
13 23
14 4
14 10
15 0
15 24
16 18
16 26
17 4
17 14
18 1
18 11
19 2
19 24
20 6
20 21
21 7
21 20
22 2
22 27
23 14
23 17
24 8
24 12
25 19
25 22
26 11
26 18
27 5
27 15

# solution 14
# n=28 sym=rot4 status=verified source=flammenkamp_cache/n28_rot4
# code=o7C9P18BJDKCI6L4R3P5QDGAOMRHN4A053HBE1M2O0N6L9F7E8GJQ2IFK
0 7
0 12
1 9
1 25
2 1
2 8
3 11
3 19
4 13
4 20
5 12
5 18
6 6
6 21
7 4
7 27
8 3
8 25
9 5
9 26
10 13
10 16
11 10
11 24
12 22
12 27
13 17
13 23
14 4
14 10
15 0
15 5
16 3
16 17
17 11
17 14
18 1
18 22
19 2
19 24
20 0
20 23
21 6
21 21
22 9
22 15
23 7
23 14
24 8
24 16
25 19
25 26
26 2
26 18
27 15
27 20

# solution 15
# n=28 sym=rot4 status=verified source=flammenkamp_cache/n28_rot4
# code=o9A5E4F9JGPLQ5K6F3BORDR4J271HAQKP8N0E03GOCL7M162B8ICNDMHI
0 9
0 10
1 5
1 14
2 4
2 15
3 9
3 19
4 16
4 25
5 21
5 26
6 5
6 20
7 6
7 15
8 3
8 11
9 24
9 27
10 13
10 27
11 4
11 19
12 2
12 7
13 1
13 17
14 10
14 26
15 20
15 25
16 8
16 23
17 0
17 14
18 0
18 3
19 16
19 24
20 12
20 21
21 7
21 22
22 1
22 6
23 2
23 11
24 8
24 18
25 12
25 23
26 13
26 22
27 17
27 18

# solution 16
# n=28 sym=rot4 status=verified source=flammenkamp_cache/n28_rot4
# code=o6FDI8M4H8O26MRCINP173DBG0KHQ1A7RBGEOKQ249F05LP3JAN5J9ECL
0 6
0 15
1 13
1 18
2 8
2 22
3 4
3 17
4 8
4 24
5 2
5 6
6 22
6 27
7 12
7 18
8 23
8 25
9 1
9 7
10 3
10 13
11 11
11 16
12 0
12 20
13 17
13 26
14 1
14 10
15 7
15 27
16 11
16 16
17 14
17 24
18 20
18 26
19 2
19 4
20 9
20 15
21 0
21 5
22 21
22 25
23 3
23 19
24 10
24 23
25 5
25 19
26 9
26 14
27 12
27 21

# solution 17
# n=28 sym=rot4 status=verified source=flammenkamp_cache/n28_rot4
# code=oDG7IACJL6I7G3NMQ3C14DP05JPHR0A28MR2ENQFO154OBK9L68FH9KBE
0 13
0 16
1 7
1 18
2 10
2 12
3 19
3 21
4 6
4 18
5 7
5 16
6 3
6 23
7 22
7 26
8 3
8 12
9 1
9 4
10 13
10 25
11 0
11 5
12 19
12 25
13 17
13 27
14 0
14 10
15 2
15 8
16 22
16 27
17 2
17 14
18 23
18 26
19 15
19 24
20 1
20 5
21 4
21 24
22 11
22 20
23 9
23 21
24 6
24 8
25 15
25 17
26 9
26 20
27 11
27 14

# solution 18
# n=28 sym=rot4 status=verified source=flammenkamp_cache/n28_rot4
# code=o8DKP1B6IFG6AMO1IFR37DM4P48HR0AJN2N5EKO0C9Q35HLBC9LGQ27EJ
0 8
0 13
1 20
1 25
2 1
2 11
3 6
3 18
4 15
4 16
5 6
5 10
6 22
6 24
7 1
7 18
8 15
8 27
9 3
9 7
10 13
10 22
11 4
11 25
12 4
12 8
13 17
13 27
14 0
14 10
15 19
15 23
16 2
16 23
17 5
17 14
18 20
18 24
19 0
19 12
20 9
20 26
21 3
21 5
22 17
22 21
23 11
23 12
24 9
24 21
25 16
25 26
26 2
26 7
27 14
27 19

# solution 19
# n=28 sym=rot4 status=verified source=flammenkamp_cache/n28_rot4
# code=oHK6HCO256GDONQ0J7BCD014JIPIM59298NQREFGK8R143EBLMP3FAL7A
0 17
0 20
1 6
1 17
2 12
2 24
3 2
3 5
4 6
4 16
5 13
5 24
6 23
6 26
7 0
7 19
8 7
8 11
9 12
9 13
10 0
10 1
11 4
11 19
12 18
12 25
13 18
13 22
14 5
14 9
15 2
15 9
16 8
16 23
17 26
17 27
18 14
18 15
19 16
19 20
20 8
20 27
21 1
21 4
22 3
22 14
23 11
23 21
24 22
24 25
25 3
25 15
26 10
26 21
27 7
27 10

# solution 20
# n=28 sym=rot4 status=verified source=flammenkamp_cache/n28_rot4
# code=oBHDOIO128ACG6LFJ7N2D0N5R7MIQ195K0M4REP4K8C6LBFHJPQ393EAG
0 11
0 17
1 13
1 24
2 18
2 24
3 1
3 2
4 8
4 10
5 12
5 16
6 6
6 21
7 15
7 19
8 7
8 23
9 2
9 13
10 0
10 23
11 5
11 27
12 7
12 22
13 18
13 26
14 1
14 9
15 5
15 20
16 0
16 22
17 4
17 27
18 14
18 25
19 4
19 20
20 8
20 12
21 6
21 21
22 11
22 15
23 17
23 19
24 25
24 26
25 3
25 9
26 3
26 14
27 10
27 16

# solution 21
# n=28 sym=rot4 status=verified source=flammenkamp_cache/n28_rot4
# code=oDJ5N8BLM1G3Q3CFI0P7DAH4P7LIR096K2NAHEK2R9CFO1OBQ56GJ4M8E
0 13
0 19
1 5
1 23
2 8
2 11
3 21
3 22
4 1
4 16
5 3
5 26
6 3
6 12
7 15
7 18
8 0
8 25
9 7
9 13
10 10
10 17
11 4
11 25
12 7
12 21
13 18
13 27
14 0
14 9
15 6
15 20
16 2
16 23
17 10
17 17
18 14
18 20
19 2
19 27
20 9
20 12
21 15
21 24
22 1
22 24
23 11
23 26
24 5
24 6
25 16
25 19
26 4
26 22
27 8
27 14

# solution 22
# n=28 sym=rot4 status=verified source=flammenkamp_cache/n28_rot4
# code=o7EAB5K9FCM4P8H2RELBO6QIQ3N08JR4O191L3G6D0PAJ2N5FCI7MGHDK
0 7
0 14
1 10
1 11
2 5
2 20
3 9
3 15
4 12
4 22
5 4
5 25
6 8
6 17
7 2
7 27
8 14
8 21
9 11
9 24
10 6
10 26
11 18
11 26
12 3
12 23
13 0
13 8
14 19
14 27
15 4
15 24
16 1
16 9
17 1
17 21
18 3
18 16
19 6
19 13
20 0
20 25
21 10
21 19
22 2
22 23
23 5
23 15
24 12
24 18
25 7
25 22
26 16
26 17
27 13
27 20

# solution 23
# n=28 sym=rot4 status=verified source=flammenkamp_cache/n28_rot4
# code=oCH59FMHN382QIK6DDN6Q03BG2RJK780PBGOR1L4EEL791PJO4A5CIMAF
0 12
0 17
1 5
1 9
2 15
2 22
3 17
3 23
4 3
4 8
5 2
5 26
6 18
6 20
7 6
7 13
8 13
8 23
9 6
9 26
10 0
10 3
11 11
11 16
12 2
12 27
13 19
13 20
14 7
14 8
15 0
15 25
16 11
16 16
17 24
17 27
18 1
18 21
19 4
19 14
20 14
20 21
21 7
21 9
22 1
22 25
23 19
23 24
24 4
24 10
25 5
25 12
26 18
26 22
27 10
27 15

# solution 24
# n=28 sym=rot4 status=verified source=flammenkamp_cache/n28_rot4
# code=o3HCGAMCR9L294JBD6DMN0P1KOQJK78137Q2R45ELEG8NIP6I0F5HBFAO
0 3
0 17
1 12
1 16
2 10
2 22
3 12
3 27
4 9
4 21
5 2
5 9
6 4
6 19
7 11
7 13
8 6
8 13
9 22
9 23
10 0
10 25
11 1
11 20
12 24
12 26
13 19
13 20
14 7
14 8
15 1
15 3
16 7
16 26
17 2
17 27
18 4
18 5
19 14
19 21
20 14
20 16
21 8
21 23
22 18
22 25
23 6
23 18
24 0
24 15
25 5
25 17
26 11
26 15
27 10
27 24

# solution 25
# n=28 sym=rot4 status=verified source=flammenkamp_cache/n28_rot4
# code=o4Q0HGH9KMR48DG39DMKO1226CFJL68CFLPPQ375EIOBEJN057IABAR1N
0 4
0 26
1 0
1 17
2 16
2 17
3 9
3 20
4 22
4 27
5 4
5 8
6 13
6 16
7 3
7 9
8 13
8 22
9 20
9 24
10 1
10 2
11 2
11 6
12 12
12 15
13 19
13 21
14 6
14 8
15 12
15 15
16 21
16 25
17 25
17 26
18 3
18 7
19 5
19 14
20 18
20 24
21 11
21 14
22 19
22 23
23 0
23 5
24 7
24 18
25 10
25 11
26 10
26 27
27 1
27 23

# solution 26
# n=28 sym=rot4 status=verified source=flammenkamp_cache/n28_rot4
# code=oGNIJ56DF0I6PMPCE1H148B0H3K7O3K7OARGJNQAQDF252L9RCELM894B
0 16
0 23
1 18
1 19
2 5
2 6
3 13
3 15
4 0
4 18
5 6
5 25
6 22
6 25
7 12
7 14
8 1
8 17
9 1
9 4
10 8
10 11
11 0
11 17
12 3
12 20
13 7
13 24
14 3
14 20
15 7
15 24
16 10
16 27
17 16
17 19
18 23
18 26
19 10
19 26
20 13
20 15
21 2
21 5
22 2
22 21
23 9
23 27
24 12
24 14
25 21
25 22
26 8
26 9
27 4
27 11

# solution 27
# n=28 sym=rot4 status=verified source=flammenkamp_cache/n28_rot4
# code=oCM9IDF46AO0JKO6E5A1QJNBG2R7P2K0PBG481QHMDL378R3HLNCE9I5F
0 12
0 22
1 9
1 18
2 13
2 15
3 4
3 6
4 10
4 24
5 0
5 19
6 20
6 24
7 6
7 14
8 5
8 10
9 1
9 26
10 19
10 23
11 11
11 16
12 2
12 27
13 7
13 25
14 2
14 20
15 0
15 25
16 11
16 16
17 4
17 8
18 1
18 26
19 17
19 22
20 13
20 21
21 3
21 7
22 8
22 27
23 3
23 17
24 21
24 23
25 12
25 14
26 9
26 18
27 5
27 15

# solution 28
# n=28 sym=rot4 status=verified source=flammenkamp_cache/n28_rot4
# code=oHP7E0AJL8M4I3BEQ3N5B0PILCF17KQCF692RGM4O1DGO9N5J68HRDK2A
0 17
0 25
1 7
1 14
2 0
2 10
3 19
3 21
4 8
4 22
5 4
5 18
6 3
6 11
7 14
7 26
8 3
8 23
9 5
9 11
10 0
10 25
11 18
11 21
12 12
12 15
13 1
13 7
14 20
14 26
15 12
15 15
16 6
16 9
17 2
17 27
18 16
18 22
19 4
19 24
20 1
20 13
21 16
21 24
22 9
22 23
23 5
23 19
24 6
24 8
25 17
25 27
26 13
26 20
27 2
27 10

# solution 29
# n=28 sym=rot4 status=verified source=flammenkamp_cache/n28_rot4
# code=oEH5G9KBF688Q9N2EMNLP0C1O3H07KRAO3QFR2645DP4I1JJLCG7IBMAD
0 14
0 17
1 5
1 16
2 9
2 20
3 11
3 15
4 6
4 8
5 8
5 26
6 9
6 23
7 2
7 14
8 22
8 23
9 21
9 25
10 0
10 12
11 1
11 24
12 3
12 17
13 0
13 7
14 20
14 27
15 10
15 24
16 3
16 26
17 15
17 27
18 2
18 6
19 4
19 5
20 13
20 25
21 4
21 18
22 1
22 19
23 19
23 21
24 12
24 16
25 7
25 18
26 11
26 22
27 10
27 13

# solution 30
# n=28 sym=rot4 status=verified source=flammenkamp_cache/n28_rot4
# code=oAGCLANCK28DL153DIN8BPR0IOQKM57139R02GJ49EOMQ6EJP7F4H6FBH
0 10
0 16
1 12
1 21
2 10
2 23
3 12
3 20
4 2
4 8
5 13
5 21
6 1
6 5
7 3
7 13
8 18
8 23
9 8
9 11
10 25
10 27
11 0
11 18
12 24
12 26
13 20
13 22
14 5
14 7
15 1
15 3
16 9
16 27
17 0
17 2
18 16
18 19
19 4
19 9
20 14
20 24
21 22
21 26
22 6
22 14
23 19
23 25
24 7
24 15
25 4
25 17
26 6
26 15
27 11
27 17

# solution 31
# n=28 sym=rot4 status=verified source=flammenkamp_cache/n28_rot4
# code=oABCLANCK28DL153DIN8BPRIROQKM57130902GJ49EOMQ6EJP7F4H6FGH
0 10
0 11
1 12
1 21
2 10
2 23
3 12
3 20
4 2
4 8
5 13
5 21
6 1
6 5
7 3
7 13
8 18
8 23
9 8
9 11
10 25
10 27
11 18
11 27
12 24
12 26
13 20
13 22
14 5
14 7
15 1
15 3
16 0
16 9
17 0
17 2
18 16
18 19
19 4
19 9
20 14
20 24
21 22
21 26
22 6
22 14
23 19
23 25
24 7
24 15
25 4
25 17
26 6
26 15
27 16
27 17

# solution 32
# n=28 sym=rot4 status=verified source=flammenkamp_cache/n28_rot4
# code=oAF4IHO2JDQ8IFK6D3M152RBG06KN47LRBG0PMQ5OEL7C9J1E8P3A9NCH
0 10
0 15
1 4
1 18
2 17
2 24
3 2
3 19
4 13
4 26
5 8
5 18
6 15
6 20
7 6
7 13
8 3
8 22
9 1
9 5
10 2
10 27
11 11
11 16
12 0
12 6
13 20
13 23
14 4
14 7
15 21
15 27
16 11
16 16
17 0
17 25
18 22
18 26
19 5
19 24
20 14
20 21
21 7
21 12
22 9
22 19
23 1
23 14
24 8
24 25
25 3
25 10
26 9
26 23
27 12
27 17

# solution 33
# n=28 sym=rot4 status=verified source=flammenkamp_cache/n28_rot4
# code=oFIBI6KDN3LAB4P2DCH018MMQ0JKO378R155JQRAFEP2NGH6O4E7L9G9C
0 15
0 18
1 11
1 18
2 6
2 20
3 13
3 23
4 3
4 21
5 10
5 11
6 4
6 25
7 2
7 13
8 12
8 17
9 0
9 1
10 8
10 22
11 22
11 26
12 0
12 19
13 20
13 24
14 3
14 7
15 8
15 27
16 1
16 5
17 5
17 19
18 26
18 27
19 10
19 15
20 14
20 25
21 2
21 23
22 16
22 17
23 6
23 24
24 4
24 14
25 7
25 21
26 9
26 16
27 9
27 12

# solution 34
# n=28 sym=rot4 status=verified source=flammenkamp_cache/n28_rot4
# code=o4H8IEFIN3R8L5ADFMQ130LBG272K7PKPBG6ROQ15CEHM6J0O49CD9JAN
0 4
0 17
1 8
1 18
2 14
2 15
3 18
3 23
4 3
4 27
5 8
5 21
6 5
6 10
7 13
7 15
8 22
8 26
9 1
9 3
10 0
10 21
11 11
11 16
12 2
12 7
13 2
13 20
14 7
14 25
15 20
15 25
16 11
16 16
17 6
17 27
18 24
18 26
19 1
19 5
20 12
20 14
21 17
21 22
22 6
22 19
23 0
23 24
24 4
24 9
25 12
25 13
26 9
26 19
27 10
27 23

# solution 35
# n=28 sym=rot4 status=verified source=flammenkamp_cache/n28_rot4
# code=oEF9AKLFJ4N8B2H2D3MBQ6QIM030K7ROR591L1G5OEPAPGJ4N8C67HICD
0 14
0 15
1 9
1 10
2 20
2 21
3 15
3 19
4 4
4 23
5 8
5 11
6 2
6 17
7 2
7 13
8 3
8 22
9 11
9 26
10 6
10 26
11 18
11 22
12 0
12 3
13 0
13 20
14 7
14 27
15 24
15 27
16 5
16 9
17 1
17 21
18 1
18 16
19 5
19 24
20 14
20 25
21 10
21 25
22 16
22 19
23 4
23 23
24 8
24 12
25 6
25 7
26 17
26 18
27 12
27 13

# solution 36
# n=28 sym=rot4 status=verified source=flammenkamp_cache/n28_rot4
# code=oDH8BGJ5N3M4OAI9D2Q6K0L2QCFKR07CF1P6R7L1PEI9H3N5O4M8BGJAE
0 13
0 17
1 8
1 11
2 16
2 19
3 5
3 23
4 3
4 22
5 4
5 24
6 10
6 18
7 9
7 13
8 2
8 26
9 6
9 20
10 0
10 21
11 2
11 26
12 12
12 15
13 20
13 27
14 0
14 7
15 12
15 15
16 1
16 25
17 6
17 27
18 7
18 21
19 1
19 25
20 14
20 18
21 9
21 17
22 3
22 23
23 5
23 24
24 4
24 22
25 8
25 11
26 16
26 19
27 10
27 14

# solution 37
# n=28 sym=rot4 status=verified source=flammenkamp_cache/n28_rot4
# code=oDH8BGJ45MO4OAI9D2Q6K0L2QCFKR07CF1P6R7L1PEI9H3N35MN8BGJAE
0 13
0 17
1 8
1 11
2 16
2 19
3 4
3 5
4 22
4 24
5 4
5 24
6 10
6 18
7 9
7 13
8 2
8 26
9 6
9 20
10 0
10 21
11 2
11 26
12 12
12 15
13 20
13 27
14 0
14 7
15 12
15 15
16 1
16 25
17 6
17 27
18 7
18 21
19 1
19 25
20 14
20 18
21 9
21 17
22 3
22 23
23 3
23 5
24 22
24 23
25 8
25 11
26 16
26 19
27 10
27 14

# solution 38
# n=28 sym=rot4 status=verified source=flammenkamp_cache/n28_rot4
# code=oBHKLBD47JO8F1D1O4MCH09PR5ILP269M02IRAF5N3QEQCJ38KNEG67AG
0 11
0 17
1 20
1 21
2 11
2 13
3 4
3 7
4 19
4 24
5 8
5 15
6 1
6 13
7 1
7 24
8 4
8 22
9 12
9 17
10 0
10 9
11 25
11 27
12 5
12 18
13 21
13 25
14 2
14 6
15 9
15 22
16 0
16 2
17 18
17 27
18 10
18 15
19 5
19 23
20 3
20 26
21 14
21 26
22 12
22 19
23 3
23 8
24 20
24 23
25 14
25 16
26 6
26 7
27 10
27 16

# solution 39
# n=28 sym=rot4 status=verified source=flammenkamp_cache/n28_rot4
# code=oAK9CDMIJ5K2NCD043A3QJRBGLQLP2616BG081OHONREF4P7M895EFI7H
0 10
0 20
1 9
1 12
2 13
2 22
3 18
3 19
4 5
4 20
5 2
5 23
6 12
6 13
7 0
7 4
8 3
8 10
9 3
9 26
10 19
10 27
11 11
11 16
12 21
12 26
13 21
13 25
14 2
14 6
15 1
15 6
16 11
16 16
17 0
17 8
18 1
18 24
19 17
19 24
20 23
20 27
21 14
21 15
22 4
22 25
23 7
23 22
24 8
24 9
25 5
25 14
26 15
26 18
27 7
27 17

# solution 40
# n=28 sym=rot4 status=verified source=flammenkamp_cache/n28_rot4
# code=oELCJ78CN3LEI04AP1P5AIKBGOQ05MR13BG79HM2Q2HNR9D6O4FJK8F6D
0 14
0 21
1 12
1 19
2 7
2 8
3 12
3 23
4 3
4 21
5 14
5 18
6 0
6 4
7 10
7 25
8 1
8 25
9 5
9 10
10 18
10 20
11 11
11 16
12 24
12 26
13 0
13 5
14 22
14 27
15 1
15 3
16 11
16 16
17 7
17 9
18 17
18 22
19 2
19 26
20 2
20 17
21 23
21 27
22 9
22 13
23 6
23 24
24 4
24 15
25 19
25 20
26 8
26 15
27 6
27 13

# solution 41
# n=28 sym=rot4 status=verified source=flammenkamp_cache/n28_rot4
# code=oEL8C78CN3LEI04APPQ5AIKBGOQ05MR13BG79HM122HNR9D6O4FJKFJ6D
0 14
0 21
1 8
1 12
2 7
2 8
3 12
3 23
4 3
4 21
5 14
5 18
6 0
6 4
7 10
7 25
8 25
8 26
9 5
9 10
10 18
10 20
11 11
11 16
12 24
12 26
13 0
13 5
14 22
14 27
15 1
15 3
16 11
16 16
17 7
17 9
18 17
18 22
19 1
19 2
20 2
20 17
21 23
21 27
22 9
22 13
23 6
23 24
24 4
24 15
25 19
25 20
26 15
26 19
27 6
27 13

# solution 42
# n=28 sym=rot4 status=verified source=flammenkamp_cache/n28_rot4
# code=oEF7J78CN36EIHNPQ1P5A6IBG0O05MR3RBG9LHM2Q124A9DLO4FJK8KCD
0 14
0 15
1 7
1 19
2 7
2 8
3 12
3 23
4 3
4 6
5 14
5 18
6 17
6 23
7 25
7 26
8 1
8 25
9 5
9 10
10 6
10 18
11 11
11 16
12 0
12 24
13 0
13 5
14 22
14 27
15 3
15 27
16 11
16 16
17 9
17 21
18 17
18 22
19 2
19 26
20 1
20 2
21 4
21 10
22 9
22 13
23 21
23 24
24 4
24 15
25 19
25 20
26 8
26 20
27 12
27 13

# solution 43
# n=28 sym=rot4 status=verified source=flammenkamp_cache/n28_rot4
# code=o8FEP1A7JEH5MGK6O3RCG4P690I14NQ9RIL2NBF0O3L7B5MAD8KHQ2DCJ
0 8
0 15
1 14
1 25
2 1
2 10
3 7
3 19
4 14
4 17
5 5
5 22
6 16
6 20
7 6
7 24
8 3
8 27
9 12
9 16
10 4
10 25
11 6
11 9
12 0
12 18
13 1
13 4
14 23
14 26
15 9
15 27
16 18
16 21
17 2
17 23
18 11
18 15
19 0
19 24
20 3
20 21
21 7
21 11
22 5
22 22
23 10
23 13
24 8
24 20
25 17
25 26
26 2
26 13
27 12
27 19

# solution 44
# n=28 sym=rot4 status=verified source=flammenkamp_cache/n28_rot4
# code=oIK6O6N1D2DABPQ08BK0AIMJMCFNO34CF5859HR7GJR12GHEPEQ4L3L79
0 18
0 20
1 6
1 24
2 6
2 23
3 1
3 13
4 2
4 13
5 10
5 11
6 25
6 26
7 0
7 8
8 11
8 20
9 0
9 10
10 18
10 22
11 19
11 22
12 12
12 15
13 23
13 24
14 3
14 4
15 12
15 15
16 5
16 8
17 5
17 9
18 17
18 27
19 7
19 16
20 19
20 27
21 1
21 2
22 16
22 17
23 14
23 25
24 14
24 26
25 4
25 21
26 3
26 21
27 7
27 9

# solution 45
# n=28 sym=rot4 status=verified source=flammenkamp_cache/n28_rot4
# code=oFKEFHJ679D9GGO0O2AMN2J56011N4QQRLM8P45HP3R3BBIEIKL8ACD7C
0 15
0 20
1 14
1 15
2 17
2 19
3 6
3 7
4 9
4 13
5 9
5 16
6 16
6 24
7 0
7 24
8 2
8 10
9 22
9 23
10 2
10 19
11 5
11 6
12 0
12 1
13 1
13 23
14 4
14 26
15 26
15 27
16 21
16 22
17 8
17 25
18 4
18 5
19 17
19 25
20 3
20 27
21 3
21 11
22 11
22 18
23 14
23 18
24 20
24 21
25 8
25 10
26 12
26 13
27 7
27 12

# solution 46
# n=28 sym=rot4 status=verified source=flammenkamp_cache/n28_rot4
# code=o67DGBMJMDH23IRCR3F6A4I1P8KNQ147J2Q9NHLCO0F09OPAE585GBEKL
0 6
0 7
1 13
1 16
2 11
2 22
3 19
3 22
4 13
4 17
5 2
5 3
6 18
6 27
7 12
7 27
8 3
8 15
9 6
9 10
10 4
10 18
11 1
11 25
12 8
12 20
13 23
13 26
14 1
14 4
15 7
15 19
16 2
16 26
17 9
17 23
18 17
18 21
19 12
19 24
20 0
20 15
21 0
21 9
22 24
22 25
23 10
23 14
24 5
24 8
25 5
25 16
26 11
26 14
27 20
27 21

# solution 47
# n=28 sym=rot4 status=verified source=flammenkamp_cache/n28_rot4
# code=oDG6HKO29DG8KAQ25FMCO1L048INR049JNR6Q3F5CMP1H7JBEIP37ALBE
0 13
0 16
1 6
1 17
2 20
2 24
3 2
3 9
4 13
4 16
5 8
5 20
6 10
6 26
7 2
7 5
8 15
8 22
9 12
9 24
10 1
10 21
11 0
11 4
12 8
12 18
13 23
13 27
14 0
14 4
15 9
15 19
16 23
16 27
17 6
17 26
18 3
18 15
19 5
19 12
20 22
20 25
21 1
21 17
22 7
22 19
23 11
23 14
24 18
24 25
25 3
25 7
26 10
26 21
27 11
27 14

# solution 48
# n=28 sym=rot4 status=verified source=flammenkamp_cache/n28_rot4
# code=o8D5B38LPDGAQ3A9CPRCKLM4QIKNR04791N567F02FIHO1HBE26JOGMEJ
0 8
0 13
1 5
1 11
2 3
2 8
3 21
3 25
4 13
4 16
5 10
5 26
6 3
6 10
7 9
7 12
8 25
8 27
9 12
9 20
10 21
10 22
11 4
11 26
12 18
12 20
13 23
13 27
14 0
14 4
15 7
15 9
16 1
16 23
17 5
17 6
18 7
18 15
19 0
19 2
20 15
20 18
21 17
21 24
22 1
22 17
23 11
23 14
24 2
24 6
25 19
25 24
26 16
26 22
27 14
27 19

# solution 49
# n=28 sym=rot4 status=verified source=flammenkamp_cache/n28_rot4
# code=oDF8GMN8A2D26IMCGOQ6AIO170KNR047RKQ39HL13BF59LPEPHJ45BJCE
0 13
0 15
1 8
1 16
2 22
2 23
3 8
3 10
4 2
4 13
5 2
5 6
6 18
6 22
7 12
7 16
8 24
8 26
9 6
9 10
10 18
10 24
11 1
11 7
12 0
12 20
13 23
13 27
14 0
14 4
15 7
15 27
16 20
16 26
17 3
17 9
18 17
18 21
19 1
19 3
20 11
20 15
21 5
21 9
22 21
22 25
23 14
23 25
24 17
24 19
25 4
25 5
26 11
26 19
27 12
27 14

# solution 50
# n=28 sym=rot4 status=verified source=flammenkamp_cache/n28_rot4
# code=oDF89AMFJDH26KM693QKQ4PBG03NR04ORBG2N171OIL57LPAE8C5HIJCE
0 13
0 15
1 8
1 9
2 10
2 22
3 15
3 19
4 13
4 17
5 2
5 6
6 20
6 22
7 6
7 9
8 3
8 26
9 20
9 26
10 4
10 25
11 11
11 16
12 0
12 3
13 23
13 27
14 0
14 4
15 24
15 27
16 11
16 16
17 2
17 23
18 1
18 7
19 1
19 24
20 18
20 21
21 5
21 7
22 21
22 25
23 10
23 14
24 8
24 12
25 5
25 17
26 18
26 19
27 12
27 14

# solution 51
# n=28 sym=rot4 status=verified source=flammenkamp_cache/n28_rot4
# code=oBFEI4JAE7PCI6LGN2A15JO7R0M13OQ5R0K38MQHP4B6L9F2KDH8N9DCG
0 11
0 15
1 14
1 18
2 4
2 19
3 10
3 14
4 7
4 25
5 12
5 18
6 6
6 21
7 16
7 23
8 2
8 10
9 1
9 5
10 19
10 24
11 7
11 27
12 0
12 22
13 1
13 3
14 24
14 26
15 5
15 27
16 0
16 20
17 3
17 8
18 22
18 26
19 17
19 25
20 4
20 11
21 6
21 21
22 9
22 15
23 2
23 20
24 13
24 17
25 8
25 23
26 9
26 13
27 12
27 16

# solution 52
# n=28 sym=rot4 status=verified source=flammenkamp_cache/n28_rot4
# code=oAECH58DIGKIP6L4J7P351R4CGQ0O3R1BFN0QMO2K8N6L297B9EJMAFDH
0 10
0 14
1 12
1 17
2 5
2 8
3 13
3 18
4 16
4 20
5 18
5 25
6 6
6 21
7 4
7 19
8 7
8 25
9 3
9 5
10 1
10 27
11 4
11 12
12 16
12 26
13 0
13 24
14 3
14 27
15 1
15 11
16 15
16 23
17 0
17 26
18 22
18 24
19 2
19 20
20 8
20 23
21 6
21 21
22 2
22 9
23 7
23 11
24 9
24 14
25 19
25 22
26 10
26 15
27 13
27 17

# solution 53
# n=28 sym=rot4 status=verified source=flammenkamp_cache/n28_rot4
# code=oEL9H6JDM9C370PHM2CNQ17BGJN0O3R48BGKQ14FP5A2RKOFI5E8LAI6D
0 14
0 21
1 9
1 17
2 6
2 19
3 13
3 22
4 9
4 12
5 3
5 7
6 0
6 25
7 17
7 22
8 2
8 12
9 23
9 26
10 1
10 7
11 11
11 16
12 19
12 23
13 0
13 24
14 3
14 27
15 4
15 8
16 11
16 16
17 20
17 26
18 1
18 4
19 15
19 25
20 5
20 10
21 2
21 27
22 20
22 24
23 15
23 18
24 5
24 14
25 8
25 21
26 10
26 18
27 6
27 13

# solution 54
# n=28 sym=rot4 status=verified source=flammenkamp_cache/n28_rot4
# code=oCD4K8CDL8QAL351INP7AIMBGPROR0302BG59HK249QMO6H1J6EFJ7NEF
0 12
0 13
1 4
1 20
2 8
2 12
3 13
3 21
4 8
4 26
5 10
5 21
6 3
6 5
7 1
7 18
8 23
8 25
9 7
9 10
10 18
10 22
11 11
11 16
12 25
12 27
13 24
13 27
14 0
14 3
15 0
15 2
16 11
16 16
17 5
17 9
18 17
18 20
19 2
19 4
20 9
20 26
21 22
21 24
22 6
22 17
23 1
23 19
24 6
24 14
25 15
25 19
26 7
26 23
27 14
27 15

# solution 55
# n=28 sym=rot4 status=verified source=flammenkamp_cache/n28_rot4
# code=oEN6ADGIJ067BNQJM373AIQ2MCF0P2RCF5P19HOKO5814GKLR89BEHL4D
0 14
0 23
1 6
1 10
2 13
2 16
3 18
3 19
4 0
4 6
5 7
5 11
6 23
6 26
7 19
7 22
8 3
8 7
9 3
9 10
10 18
10 26
11 2
11 22
12 12
12 15
13 0
13 25
14 2
14 27
15 12
15 15
16 5
16 25
17 1
17 9
18 17
18 24
19 20
19 24
20 5
20 8
21 1
21 4
22 16
22 20
23 21
23 27
24 8
24 9
25 11
25 14
26 17
26 21
27 4
27 13

# solution 56
# n=28 sym=rot4 status=verified source=flammenkamp_cache/n28_rot4
# code=oDKAFDN9L2KAC3J0469JOMQBG1MPR025QBG1538ILNR8OFH7P6I4ECH7E
0 13
0 20
1 10
1 15
2 13
2 23
3 9
3 21
4 2
4 20
5 10
5 12
6 3
6 19
7 0
7 4
8 6
8 9
9 19
9 24
10 22
10 26
11 11
11 16
12 1
12 22
13 25
13 27
14 0
14 2
15 5
15 26
16 11
16 16
17 1
17 5
18 3
18 8
19 18
19 21
20 23
20 27
21 8
21 24
22 15
22 17
23 7
23 25
24 6
24 18
25 4
25 14
26 12
26 17
27 7
27 14

# solution 57
# n=28 sym=rot4 status=verified source=flammenkamp_cache/n28_rot4
# code=oEOCEHI07785MCGNOIN282B6HLQ01QR16ALGPJP4934BF5MJKKR9ADF3D
0 14
0 24
1 12
1 14
2 17
2 18
3 0
3 7
4 7
4 8
5 5
5 22
6 12
6 16
7 23
7 24
8 18
8 23
9 2
9 8
10 2
10 11
11 6
11 17
12 21
12 26
13 0
13 1
14 26
14 27
15 1
15 6
16 10
16 21
17 16
17 25
18 19
18 25
19 4
19 9
20 3
20 4
21 11
21 15
22 5
22 22
23 19
23 20
24 20
24 27
25 9
25 10
26 13
26 15
27 3
27 13

# solution 58
# n=28 sym=rot4 status=verified source=flammenkamp_cache/n28_rot4
# code=oDIDLAGLN3C7G13AMCI08KP25JNQR0148MP27JR9F5HOQBKFO46BH6E9E
0 13
0 18
1 13
1 21
2 10
2 16
3 21
3 23
4 3
4 12
5 7
5 16
6 1
6 3
7 10
7 22
8 12
8 18
9 0
9 8
10 20
10 25
11 2
11 5
12 19
12 23
13 26
13 27
14 0
14 1
15 4
15 8
16 22
16 25
17 2
17 7
18 19
18 27
19 9
19 15
20 5
20 17
21 24
21 26
22 11
22 20
23 15
23 24
24 4
24 6
25 11
25 17
26 6
26 14
27 9
27 14

# solution 59
# n=28 sym=rot4 status=verified source=results/solution_m14_sat.json
# code=solution_m14_sat.json
0 8
19 0
27 19
8 27
0 13
14 0
27 14
13 27
2 1
26 2
25 26
1 25
2 11
16 2
25 16
11 25
3 6
21 3
24 21
6 24
5 6
21 5
22 21
6 22
5 10
17 5
22 17
10 22
7 1
26 7
20 26
1 20
9 3
24 9
18 24
3 18
9 7
20 9
18 20
7 18
10 13
14 10
17 14
13 17
11 4
23 11
16 23
4 16
12 4
23 12
15 23
4 15
12 8
19 12
15 19
8 15

# solution 60
# n=28 sym=rot4 status=verified source=results/solution_m37_sat.json
# code=solution_m37_sat.json
0 8
19 0
27 19
8 27
0 13
14 0
27 14
13 27
2 1
26 2
25 26
1 25
2 11
16 2
25 16
11 25
3 6
21 3
24 21
6 24
5 6
21 5
22 21
6 22
5 10
17 5
22 17
10 22
7 1
26 7
20 26
1 20
9 3
24 9
18 24
3 18
9 7
20 9
18 20
7 18
10 13
14 10
17 14
13 17
11 4
23 11
16 23
4 16
12 4
23 12
15 23
4 15
12 8
19 12
15 19
8 15

