# solution 1
# n=29 sym=rct4 status=verified source=flammenkamp_cache/n29_rct4
# code=c6DAKGL9F4H69NS2I1BNP7R4K2E3SCG0PEQ8O1L35HRAQ05JMBODJ7C8IFM
0 6
0 13
1 10
1 20
2 16
2 21
3 9
3 15
4 4
4 17
5 6
5 9
6 23
6 28
7 2
7 18
8 1
8 11
9 23
9 25
10 7
10 27
11 4
11 20
12 2
12 14
13 3
13 28
14 12
14 16
15 0
15 25
16 14
16 26
17 8
17 24
18 1
18 21
19 3
19 5
20 17
20 27
21 10
21 26
22 0
22 5
23 19
23 22
24 11
24 24
25 13
25 19
26 7
26 12
27 8
27 18
28 15
28 22

# solution 2
# n=29 sym=rct4 status=verified source=flammenkamp_cache/n29_rct4
# code=c9CJL4F58GQ5PBF18LP1SBEIM4S26AIMQ0O6AEH0R37KRDH3N2CKNDO79GJ
0 9
0 12
1 19
1 21
2 4
2 15
3 5
3 8
4 16
4 26
5 5
5 25
6 11
6 15
7 1
7 8
8 21
8 25
9 1
9 28
10 11
10 14
11 18
11 22
12 4
12 28
13 2
13 6
14 10
14 18
15 22
15 26
16 0
16 24
17 6
17 10
18 14
18 17
19 0
19 27
20 3
20 7
21 20
21 27
22 13
22 17
23 3
23 23
24 2
24 12
25 20
25 23
26 13
26 24
27 7
27 9
28 16
28 19

# solution 3
# n=29 sym=rct4 status=verified source=flammenkamp_cache/n29_rct4
# code=cAFGJ5O392GLQBF5K7B1PESKM1406AIMSOR680E3RHL8NDH27CQJP4N9CDI
0 10
0 15
1 16
1 19
2 5
2 24
3 3
3 9
4 2
4 16
5 21
5 26
6 11
6 15
7 5
7 20
8 7
8 11
9 1
9 25
10 14
10 28
11 20
11 22
12 1
12 4
13 0
13 6
14 10
14 18
15 22
15 28
16 24
16 27
17 6
17 8
18 0
18 14
19 3
19 27
20 17
20 21
21 8
21 23
22 13
22 17
23 2
23 7
24 12
24 26
25 19
25 25
26 4
26 23
27 9
27 12
28 13
28 18

# solution 4
# n=29 sym=rct4 status=verified source=flammenkamp_cache/n29_rct4
# code=cCFFH78CH7M684NOQNQ9AEJ13PS01AIRS03PR9EIJ25245OKM6LBGKLBDDG
0 12
0 15
1 15
1 17
2 7
2 8
3 12
3 17
4 7
4 22
5 6
5 8
6 4
6 23
7 24
7 26
8 23
8 26
9 9
9 10
10 14
10 19
11 1
11 3
12 25
12 28
13 0
13 1
14 10
14 18
15 27
15 28
16 0
16 3
17 25
17 27
18 9
18 14
19 18
19 19
20 2
20 5
21 2
21 4
22 5
22 24
23 20
23 22
24 6
24 21
25 11
25 16
26 20
26 21
27 11
27 13
28 13
28 16

# solution 5
# n=29 sym=rct4 status=verified source=flammenkamp_cache/n29_rct4
# code=cGH8BDOAN2L35AG4K7RDEMP0R06JQ9J29MS1S36EF1L8OCINP7Q5I4FHKBC
0 16
0 17
1 8
1 11
2 13
2 24
3 10
3 23
4 2
4 21
5 3
5 5
6 10
6 16
7 4
7 20
8 7
8 27
9 13
9 14
10 22
10 25
11 0
11 27
12 0
12 6
13 19
13 26
14 9
14 19
15 2
15 9
16 22
16 28
17 1
17 28
18 3
18 6
19 14
19 15
20 1
20 21
21 8
21 24
22 12
22 18
23 23
23 25
24 7
24 26
25 5
25 18
26 4
26 15
27 17
27 20
28 11
28 12

# solution 6
# n=29 sym=rct4 status=verified source=flammenkamp_cache/n29_rct4
# code=c9GDI463HLQDIHQ48ELCS15360JNR8K159SMPNR0G7EKO2BAF27BPMOAFCJ
0 9
0 16
1 13
1 18
2 4
2 6
3 3
3 17
4 21
4 26
5 13
5 18
6 17
6 26
7 4
7 8
8 14
8 21
9 12
9 28
10 1
10 5
11 3
11 6
12 0
12 19
13 23
13 27
14 8
14 20
15 1
15 5
16 9
16 28
17 22
17 25
18 23
18 27
19 0
19 16
20 7
20 14
21 20
21 24
22 2
22 11
23 10
23 15
24 2
24 7
25 11
25 25
26 22
26 24
27 10
27 15
28 12
28 19

# solution 7
# n=29 sym=rct4 status=verified source=flammenkamp_cache/n29_rct4
# code=cMOAPFM130EIL025F9BGK5RCK9H274OLQBJ8G1N8CHJDNQS7AESPR6D3I46
0 22
0 24
1 10
1 25
2 15
2 22
3 1
3 3
4 0
4 14
5 18
5 21
6 0
6 2
7 5
7 15
8 9
8 11
9 16
9 20
10 5
10 27
11 12
11 20
12 9
12 17
13 2
13 7
14 4
14 24
15 21
15 26
16 11
16 19
17 8
17 16
18 1
18 23
19 8
19 12
20 17
20 19
21 13
21 23
22 26
22 28
23 7
23 10
24 14
24 28
25 25
25 27
26 6
26 13
27 3
27 18
28 4
28 6

# solution 8
# n=29 sym=rct4 status=verified source=flammenkamp_cache/n29_rct4
# code=cAE6GBN7C4N24JRDP9A6KKSDQ1PHL0S7B3R2F088MIJ3F19OQ5OGL5HCMEI
0 10
0 14
1 6
1 16
2 11
2 23
3 7
3 12
4 4
4 23
5 2
5 4
6 19
6 27
7 13
7 25
8 9
8 10
9 6
9 20
10 20
10 28
11 13
11 26
12 1
12 25
13 17
13 21
14 0
14 28
15 7
15 11
16 3
16 27
17 2
17 15
18 0
18 8
19 8
19 22
20 18
20 19
21 3
21 15
22 1
22 9
23 24
23 26
24 5
24 24
25 16
25 21
26 5
26 17
27 12
27 22
28 14
28 18

