# solution 1
# n=29 sym=dia1 status=verified source=flammenkamp_cache/n29_dia1
# code=/HK8N7CIM8FNR5P4J6S1LGPDS3I9O2E0HBQ6C250FOR1QBKAM3L4GAE7J9D
0 17
0 20
1 8
1 23
2 7
2 12
3 18
3 22
4 8
4 15
5 23
5 27
6 5
6 25
7 4
7 19
8 6
8 28
9 1
9 21
10 16
10 25
11 13
11 28
12 3
12 18
13 9
13 24
14 2
14 14
15 0
15 17
16 11
16 26
17 6
17 12
18 2
18 5
19 0
19 15
20 24
20 27
21 1
21 26
22 11
22 20
23 10
23 22
24 3
24 21
25 4
25 16
26 10
26 14
27 7
27 19
28 9
28 13

# solution 2
# n=29 sym=dia1 status=verified source=flammenkamp_cache/n29_dia1
# code=/AEBGGK483HKM9P9R3R670S1IPSDH0ELQ124DBLNQ25FI5OJOMN6CFJ78AC
0 10
0 14
1 11
1 16
2 16
2 20
3 4
3 8
4 3
4 17
5 20
5 22
6 9
6 25
7 9
7 27
8 3
8 27
9 6
9 7
10 0
10 28
11 1
11 18
12 25
12 28
13 13
13 17
14 0
14 14
15 21
15 26
16 1
16 2
17 4
17 13
18 11
18 21
19 23
19 26
20 2
20 5
21 15
21 18
22 5
22 24
23 19
23 24
24 22
24 23
25 6
25 12
26 15
26 19
27 7
27 8
28 10
28 12

# solution 3
# n=29 sym=dia1 status=verified source=flammenkamp_cache/n29_dia1
# code=/9GMRCG9MBH4APR5I25BHDLJOQS060E3I8QJO1NPS2C167FKL3N4D8K7AEF
0 9
0 16
1 22
1 27
2 12
2 16
3 9
3 22
4 11
4 17
5 4
5 10
6 25
6 27
7 5
7 18
8 2
8 5
9 11
9 17
10 13
10 21
11 19
11 24
12 26
12 28
13 0
13 6
14 0
14 14
15 3
15 18
16 8
16 26
17 19
17 24
18 1
18 23
19 25
19 28
20 2
20 12
21 1
21 6
22 7
22 15
23 20
23 21
24 3
24 23
25 4
25 13
26 8
26 20
27 7
27 10
28 14
28 15

# solution 4
# n=29 sym=dia1 status=verified source=flammenkamp_cache/n29_dia1
# code=/4D9BHK6I07CF3A4NOS1G6L1G5P0DEK5N9B2M3RPS2EAMHL7F8QCJORIQ8J
0 4
0 13
1 9
1 11
2 17
2 20
3 6
3 18
4 0
4 7
5 12
5 15
6 3
6 10
7 4
7 23
8 24
8 28
9 1
9 16
10 6
10 21
11 1
11 16
12 5
12 25
13 0
13 13
14 14
14 20
15 5
15 23
16 9
16 11
17 2
17 22
18 3
18 27
19 25
19 28
20 2
20 14
21 10
21 22
22 17
22 21
23 7
23 15
24 8
24 26
25 12
25 19
26 24
26 27
27 18
27 26
28 8
28 19

# solution 5
# n=29 sym=dia1 status=verified source=flammenkamp_cache/n29_dia1
# code=/FI9BKM68DHPR3HIO3C1A9O1F8R4EDE0BMQ4607QS2KNS2GLP7A5NGJ5CJL
0 15
0 18
1 9
1 11
2 20
2 22
3 6
3 8
4 13
4 17
5 25
5 27
6 3
6 17
7 18
7 24
8 3
8 12
9 1
9 10
10 9
10 24
11 1
11 15
12 8
12 27
13 4
13 14
14 13
14 14
15 0
15 11
16 22
16 26
17 4
17 6
18 0
18 7
19 26
19 28
20 2
20 20
21 23
21 28
22 2
22 16
23 21
23 25
24 7
24 10
25 5
25 23
26 16
26 19
27 5
27 12
28 19
28 21

# solution 6
# n=29 sym=dia1 status=verified source=flammenkamp_cache/n29_dia1
# code=/4EKP9B5F0S3I9ADKMN266F2MCR7L0E3ALQIS5HPR17DG8B8ONQ1JGOCJ4H
0 4
0 14
1 20
1 25
2 9
2 11
3 5
3 15
4 0
4 28
5 3
5 18
6 9
6 10
7 13
7 20
8 22
8 23
9 2
9 6
10 6
10 15
11 2
11 22
12 12
12 27
13 7
13 21
14 0
14 14
15 3
15 10
16 21
16 26
17 18
17 28
18 5
18 17
19 25
19 27
20 1
20 7
21 13
21 16
22 8
22 11
23 8
23 24
24 23
24 26
25 1
25 19
26 16
26 24
27 12
27 19
28 4
28 17

# solution 7
# n=29 sym=dia1 status=verified source=flammenkamp_cache/n29_dia1
# code=/AODE597KFSDJ26241PENBC39010OJRNRAI8ICSHQ5B7P4M8Q6L3HLMGKFG
0 10
0 24
1 13
1 14
2 5
2 9
3 7
3 20
4 15
4 28
5 13
5 19
6 2
6 6
7 2
7 4
8 1
8 25
9 14
9 23
10 11
10 12
11 3
11 9
12 0
12 1
13 0
13 24
14 19
14 27
15 23
15 27
16 10
16 18
17 8
17 18
18 12
18 28
19 17
19 26
20 5
20 11
21 7
21 25
22 4
22 22
23 8
23 26
24 6
24 21
25 3
25 17
26 21
26 22
27 16
27 20
28 15
28 16

# solution 8
# n=29 sym=dia1 status=verified source=flammenkamp_cache/n29_dia1
# code=/FGGOJR57AF365C3NKQDQ4MCP6B9DJS0401KOLR2E8HISAM7P1HBN892IEL
0 15
0 16
1 16
1 24
2 19
2 27
3 5
3 7
4 10
4 15
5 3
5 6
6 5
6 12
7 3
7 23
8 20
8 26
9 13
9 26
10 4
10 22
11 12
11 25
12 6
12 11
13 9
13 13
14 19
14 28
15 0
15 4
16 0
16 1
17 20
17 24
18 21
18 27
19 2
19 14
20 8
20 17
21 18
21 28
22 10
22 22
23 7
23 25
24 1
24 17
25 11
25 23
26 8
26 9
27 2
27 18
28 14
28 21

# solution 9
# n=29 sym=dia1 status=verified source=flammenkamp_cache/n29_dia1
# code=/EH8P8BMR3CFIAP4J16ELBN7S1C5NJS02GOIQ6M02QR7HAK5F3L4O9DGK9D
0 14
0 17
1 8
1 25
2 8
2 11
3 22
3 27
4 3
4 12
5 15
5 18
6 10
6 25
7 4
7 19
8 1
8 6
9 14
9 21
10 11
10 23
11 7
11 28
12 1
12 12
13 5
13 23
14 19
14 28
15 0
15 2
16 16
16 24
17 18
17 26
18 6
18 22
19 0
19 2
20 26
20 27
21 7
21 17
22 10
22 20
23 5
23 15
24 3
24 21
25 4
25 24
26 9
26 13
27 16
27 20
28 9
28 13

# solution 10
# n=29 sym=dia1 status=verified source=flammenkamp_cache/n29_dia1
# code=/79BHAG2ELMIK4O3OBN0E4NDR9Q13JP1H58KR2QGS0C6S576CIMFLAPDF8J
0 7
0 9
1 11
1 17
2 10
2 16
3 2
3 14
4 21
4 22
5 18
5 20
6 4
6 24
7 3
7 24
8 11
8 23
9 0
9 14
10 4
10 23
11 13
11 27
12 9
12 26
13 1
13 3
14 19
14 25
15 1
15 17
16 5
16 8
17 20
17 27
18 2
18 26
19 16
19 28
20 0
20 12
21 6
21 28
22 5
22 7
23 6
23 12
24 18
24 22
25 15
25 21
26 10
26 25
27 13
27 15
28 8
28 19

# solution 11
# n=29 sym=dia1 status=verified source=flammenkamp_cache/n29_dia1
# code=/EG46AI5M1B351LCFIPMQ2K4D7RBR0K7L0SOQ28JNAE6F39JOHN8S9HCDGP
0 14
0 16
1 4
1 6
2 10
2 18
3 5
3 22
4 1
4 11
5 3
5 5
6 1
6 21
7 12
7 15
8 18
8 25
9 22
9 26
10 2
10 20
11 4
11 13
12 7
12 27
13 11
13 27
14 0
14 20
15 7
15 21
16 0
16 28
17 24
17 26
18 2
18 8
19 19
19 23
20 10
20 14
21 6
21 15
22 3
22 9
23 19
23 24
24 17
24 23
25 8
25 28
26 9
26 17
27 12
27 13
28 16
28 25

# solution 12
# n=29 sym=dia1 status=verified source=flammenkamp_cache/n29_dia1
# code=/AL6IAI4P7B3JFH7S0E2NQRDM2B4M8K1H01GOQS689ELO9R35FP5NGJCDCK
0 10
0 21
1 6
1 18
2 10
2 18
3 4
3 25
4 7
4 11
5 3
5 19
6 15
6 17
7 7
7 28
8 0
8 14
9 2
9 23
10 26
10 27
11 13
11 22
12 2
12 11
13 4
13 22
14 8
14 20
15 1
15 17
16 0
16 1
17 16
17 24
18 26
18 28
19 6
19 8
20 9
20 14
21 21
21 24
22 9
22 27
23 3
23 5
24 15
24 25
25 5
25 23
26 16
26 19
27 12
27 13
28 12
28 20

# solution 13
# n=29 sym=dia1 status=verified source=flammenkamp_cache/n29_dia1
# code=/37BCMN03AHCO9P0KES6O4I1L15DH8NKQIS4DAGLR7FBJ2R2E596QFPJM8G
0 3
0 7
1 11
1 12
2 22
2 23
3 0
3 3
4 10
4 17
5 12
5 24
6 9
6 25
7 0
7 20
8 14
8 28
9 6
9 24
10 4
10 18
11 1
11 21
12 1
12 5
13 13
13 17
14 8
14 23
15 20
15 26
16 18
16 28
17 4
17 13
18 10
18 16
19 21
19 27
20 7
20 15
21 11
21 19
22 2
22 27
23 2
23 14
24 5
24 9
25 6
25 26
26 15
26 25
27 19
27 22
28 8
28 16

# solution 14
# n=29 sym=dia1 status=verified source=flammenkamp_cache/n29_dia1
# code=/8IJM2BORBF59AFOQ0L5H6C24APNRKS46MS9I0H1QEL8K1GDP37CN7J3DEG
0 8
0 18
1 19
1 22
2 2
2 11
3 24
3 27
4 11
4 15
5 5
5 9
6 10
6 15
7 24
7 26
8 0
8 21
9 5
9 17
10 6
10 12
11 2
11 4
12 10
12 25
13 23
13 27
14 20
14 28
15 4
15 6
16 22
16 28
17 9
17 18
18 0
18 17
19 1
19 26
20 14
20 21
21 8
21 20
22 1
22 16
23 13
23 25
24 3
24 7
25 12
25 23
26 7
26 19
27 3
27 13
28 14
28 16

# solution 15
# n=29 sym=dia1 status=verified source=flammenkamp_cache/n29_dia1
# code=/IJ9GCM1PDH7J5Q2EBENS3S0O4R7DKLFO2Q8K584RABFN03AM9G6ICL1P6H
0 18
0 19
1 9
1 16
2 12
2 22
3 1
3 25
4 13
4 17
5 7
5 19
6 5
6 26
7 2
7 14
8 11
8 14
9 23
9 28
10 3
10 28
11 0
11 24
12 4
12 27
13 7
13 13
14 20
14 21
15 15
15 24
16 2
16 26
17 8
17 20
18 5
18 8
19 4
19 27
20 10
20 11
21 15
21 23
22 0
22 3
23 10
23 22
24 9
24 16
25 6
25 18
26 12
26 21
27 1
27 25
28 6
28 17

# solution 16
# n=29 sym=dia1 status=verified source=flammenkamp_cache/n29_dia1
# code=/AL6E4COQ2G7P1H5CEG9O0LHR27DS18JR486BMQFKJN0AINKM395S3IBFDP
0 10
0 21
1 6
1 14
2 4
2 12
3 24
3 26
4 2
4 16
5 7
5 25
6 1
6 17
7 5
7 12
8 14
8 16
9 9
9 24
10 0
10 21
11 17
11 27
12 2
12 7
13 13
13 28
14 1
14 8
15 19
15 27
16 4
16 8
17 6
17 11
18 22
18 26
19 15
19 20
20 19
20 23
21 0
21 10
22 18
22 23
23 20
23 22
24 3
24 9
25 5
25 28
26 3
26 18
27 11
27 15
28 13
28 25

# solution 17
# n=29 sym=dia1 status=verified source=flammenkamp_cache/n29_dia1
# code=/894JGKOP1PBE7I6E0F0QFL5SKODH578A2QDN6S1J2CAMLRHR3C349GMNBI
0 8
0 9
1 4
1 19
2 16
2 20
3 24
3 25
4 1
4 25
5 11
5 14
6 7
6 18
7 6
7 14
8 0
8 15
9 0
9 26
10 15
10 21
11 5
11 28
12 20
12 24
13 13
13 17
14 5
14 7
15 8
15 10
16 2
16 26
17 13
17 23
18 6
18 28
19 1
19 19
20 2
20 12
21 10
21 22
22 21
22 27
23 17
23 27
24 3
24 12
25 3
25 4
26 9
26 16
27 22
27 23
28 11
28 18

# solution 18
# n=29 sym=dia1 status=verified source=flammenkamp_cache/n29_dia1
# code=/2AGK0IACJN675O5F8KFR03MN3QDILR791LPS2D4P18EGBQ4B6SHJCM9EHO
0 2
0 10
1 16
1 20
2 0
2 18
3 10
3 12
4 19
4 23
5 6
5 7
6 5
6 24
7 5
7 15
8 8
8 20
9 15
9 27
10 0
10 3
11 22
11 23
12 3
12 26
13 13
13 18
14 21
14 27
15 7
15 9
16 1
16 21
17 25
17 28
18 2
18 13
19 4
19 25
20 1
20 8
21 14
21 16
22 11
22 26
23 4
23 11
24 6
24 28
25 17
25 19
26 12
26 22
27 9
27 14
28 17
28 24

# solution 19
# n=29 sym=dia1 status=verified source=flammenkamp_cache/n29_dia1
# code=/BDHL568ACNMOFNJR480L4G6RDI2M17GS2O5S1P09KP3EHQBQIK37CFAE9J
0 11
0 13
1 17
1 21
2 5
2 6
3 8
3 10
4 12
4 23
5 22
5 24
6 15
6 23
7 19
7 27
8 4
8 8
9 0
9 21
10 4
10 16
11 6
11 27
12 13
12 18
13 2
13 22
14 1
14 7
15 16
15 28
16 2
16 24
17 5
17 28
18 1
18 25
19 0
19 9
20 20
20 25
21 3
21 14
22 17
22 26
23 11
23 26
24 18
24 20
25 3
25 7
26 12
26 15
27 10
27 14
28 9
28 19

# solution 20
# n=29 sym=dia1 status=verified source=flammenkamp_cache/n29_dia1
# code=/FIABBHKS6OFH48QR6GGS1M12INDRMP0589250CPQ3LKLAECO4NEJ7J7D39
0 15
0 18
1 10
1 11
2 11
2 17
3 20
3 28
4 6
4 24
5 15
5 17
6 4
6 8
7 26
7 27
8 6
8 16
9 16
9 28
10 1
10 22
11 1
11 2
12 18
12 23
13 13
13 27
14 22
14 25
15 0
15 5
16 8
16 9
17 2
17 5
18 0
18 12
19 25
19 26
20 3
20 21
21 20
21 21
22 10
22 14
23 12
23 24
24 4
24 23
25 14
25 19
26 7
26 19
27 7
27 13
28 3
28 9

# solution 21
# n=29 sym=dia1 status=verified source=flammenkamp_cache/n29_dia1
# code=/GJ9F89FI7O3I237C1H8SNPDK0SPR165HAL064CQRJQLOBE2D4AMN5MEKBG
0 16
0 19
1 9
1 15
2 8
2 9
3 15
3 18
4 7
4 24
5 3
5 18
6 2
6 3
7 7
7 12
8 1
8 17
9 8
9 28
10 23
10 25
11 13
11 20
12 0
12 28
13 25
13 27
14 1
14 6
15 5
15 17
16 10
16 21
17 0
17 6
18 4
18 12
19 26
19 27
20 19
20 26
21 21
21 24
22 11
22 14
23 2
23 13
24 4
24 10
25 22
25 23
26 5
26 22
27 14
27 20
28 11
28 16

# solution 22
# n=29 sym=dia1 status=verified source=flammenkamp_cache/n29_dia1
# code=/DN7C9AJP4JMS9N3HACOP05GLDH4606GSKR12KQMQ183REF2IFO7L5B8BEI
0 13
0 23
1 7
1 12
2 9
2 10
3 19
3 25
4 4
4 19
5 22
5 28
6 9
6 23
7 3
7 17
8 10
8 12
9 24
9 25
10 0
10 5
11 16
11 21
12 13
12 17
13 4
13 6
14 0
14 6
15 16
15 28
16 20
16 27
17 1
17 2
18 20
18 26
19 22
19 26
20 1
20 8
21 3
21 27
22 14
22 15
23 2
23 18
24 15
24 24
25 7
25 21
26 5
26 11
27 8
27 11
28 14
28 18

# solution 23
# n=29 sym=dia1 status=verified source=flammenkamp_cache/n29_dia1
# code=/79DG2B5JLO365H0CMR0KGS2Q7C1LMSHP1A6FNP3K9J4D8EIQ4RFIBN8OAE
0 7
0 9
1 13
1 16
2 2
2 11
3 5
3 19
4 21
4 24
5 3
5 6
6 5
6 17
7 0
7 12
8 22
8 27
9 0
9 20
10 16
10 28
11 2
11 26
12 7
12 12
13 1
13 21
14 22
14 28
15 17
15 25
16 1
16 10
17 6
17 15
18 23
18 25
19 3
19 20
20 9
20 19
21 4
21 13
22 8
22 14
23 18
23 26
24 4
24 27
25 15
25 18
26 11
26 23
27 8
27 24
28 10
28 14

# solution 24
# n=29 sym=dia1 status=verified source=flammenkamp_cache/n29_dia1
# code=/8OBH3FAE2S1MIN9L7H4C0MKR04DQ5P8F2JBR5P1LDS6K37AEGJ6QCO9NGI
0 8
0 24
1 11
1 17
2 3
2 15
3 10
3 14
4 2
4 28
5 1
5 22
6 18
6 23
7 9
7 21
8 7
8 17
9 4
9 12
10 0
10 22
11 20
11 27
12 0
12 4
13 13
13 26
14 5
14 25
15 8
15 15
16 2
16 19
17 11
17 27
18 5
18 25
19 1
19 21
20 13
20 28
21 6
21 20
22 3
22 7
23 10
23 14
24 16
24 19
25 6
25 26
26 12
26 24
27 9
27 23
28 16
28 18

# solution 25
# n=29 sym=dia1 status=verified source=flammenkamp_cache/n29_dia1
# code=/BF9IAJ36GK8S3CIS5Q1R2H0C6BDJNO0P4PAM172D4OMQHLEREKFG8L9N57
0 11
0 15
1 9
1 18
2 10
2 19
3 3
3 6
4 16
4 20
5 8
5 28
6 3
6 12
7 18
7 28
8 5
8 26
9 1
9 27
10 2
10 17
11 0
11 12
12 6
12 11
13 13
13 19
14 23
14 24
15 0
15 25
16 4
16 25
17 10
17 22
18 1
18 7
19 2
19 13
20 4
20 24
21 22
21 26
22 17
22 21
23 14
23 27
24 14
24 20
25 15
25 16
26 8
26 21
27 9
27 23
28 5
28 7

# solution 26
# n=29 sym=dia1 status=verified source=flammenkamp_cache/n29_dia1
# code=/7IBF69GMAOIS2O087S2F4B1AKNDGNP193DLQ05LRCPHJ3RCE46EKHQJM58
0 7
0 18
1 11
1 15
2 6
2 9
3 16
3 22
4 10
4 24
5 18
5 28
6 2
6 24
7 0
7 8
8 7
8 28
9 2
9 15
10 4
10 11
11 1
11 10
12 20
12 23
13 13
13 16
14 23
14 25
15 1
15 9
16 3
16 13
17 21
17 26
18 0
18 5
19 21
19 27
20 12
20 25
21 17
21 19
22 3
22 27
23 12
23 14
24 4
24 6
25 14
25 20
26 17
26 26
27 19
27 22
28 5
28 8

# solution 27
# n=29 sym=dia1 status=verified source=flammenkamp_cache/n29_dia1
# code=/EJDR6AKOOP085FDH4P7SBHIL6C0M4SLR1G9I1Q3B2N2JGQ3MEK5978ACFN
0 14
0 19
1 13
1 27
2 6
2 10
3 20
3 24
4 24
4 25
5 0
5 8
6 5
6 15
7 13
7 17
8 4
8 25
9 7
9 28
10 11
10 17
11 18
11 21
12 6
12 12
13 0
13 22
14 4
14 28
15 21
15 27
16 1
16 16
17 9
17 18
18 1
18 26
19 3
19 11
20 2
20 23
21 2
21 19
22 16
22 26
23 3
23 22
24 14
24 20
25 5
25 9
26 7
26 8
27 10
27 12
28 15
28 23

# solution 28
# n=29 sym=dia1 status=verified source=flammenkamp_cache/n29_dia1
# code=/0B3NDL1R8G9CLRFO485NGJ0P5D2COQ7S4AKMQSAMHP26HJ197EBKEI36FI
0 0
0 11
1 3
1 23
2 13
2 21
3 1
3 27
4 8
4 16
5 9
5 12
6 21
6 27
7 15
7 24
8 4
8 8
9 5
9 23
10 16
10 19
11 0
11 25
12 5
12 13
13 2
13 12
14 24
14 26
15 7
15 28
16 4
16 10
17 20
17 22
18 26
18 28
19 10
19 22
20 17
20 25
21 2
21 6
22 17
22 19
23 1
23 9
24 7
24 14
25 11
25 20
26 14
26 18
27 3
27 6
28 15
28 18

# solution 29
# n=29 sym=dia1 status=verified source=flammenkamp_cache/n29_dia1
# code=/9G3E5I1LEH2Q6HCL9R08FJJP7RDP14AM0Q462MABNS37FIKONSBD5G8CKO
0 9
0 16
1 3
1 14
2 5
2 18
3 1
3 21
4 14
4 17
5 2
5 26
6 6
6 17
7 12
7 21
8 9
8 27
9 0
9 8
10 15
10 19
11 19
11 25
12 7
12 27
13 13
13 25
14 1
14 4
15 10
15 22
16 0
16 26
17 4
17 6
18 2
18 22
19 10
19 11
20 23
20 28
21 3
21 7
22 15
22 18
23 20
23 24
24 23
24 28
25 11
25 13
26 5
26 16
27 8
27 12
28 20
28 24

# solution 30
# n=29 sym=dia1 status=verified source=flammenkamp_cache/n29_dia1
# code=/8D3G7NJN3IPQ2C5ACKGPBO45JR8D04FSKM6I1L01FS6Q7BHLEHOR2M9A9E
0 8
0 13
1 3
1 16
2 7
2 23
3 19
3 23
4 3
4 18
5 25
5 26
6 2
6 12
7 5
7 10
8 12
8 20
9 16
9 25
10 11
10 24
11 4
11 5
12 19
12 27
13 8
13 13
14 0
14 4
15 15
15 28
16 20
16 22
17 6
17 18
18 1
18 21
19 0
19 1
20 15
20 28
21 6
21 26
22 7
22 11
23 17
23 21
24 14
24 17
25 24
25 27
26 2
26 22
27 9
27 10
28 9
28 14

# solution 31
# n=29 sym=dia1 status=verified source=flammenkamp_cache/n29_dia1
# code=/GHAK56DNBH2P6LLMKR4B18OSDS0704GP89JO1R3CCI2FMQ3QEJ597NAIEF
0 16
0 17
1 10
1 20
2 5
2 6
3 13
3 23
4 11
4 17
5 2
5 25
6 6
6 21
7 21
7 22
8 20
8 27
9 4
9 11
10 1
10 8
11 24
11 28
12 13
12 28
13 0
13 7
14 0
14 4
15 16
15 25
16 8
16 9
17 19
17 24
18 1
18 27
19 3
19 12
20 12
20 18
21 2
21 15
22 22
22 26
23 3
23 26
24 14
24 19
25 5
25 9
26 7
26 23
27 10
27 18
28 14
28 15

# solution 32
# n=29 sym=dia1 status=verified source=flammenkamp_cache/n29_dia1
# code=/FG7B8MEKGH6N57162Q9LHP1IPQDI3S0O044ABDLS3O9J2R5RFKAC8CMNEJ
0 15
0 16
1 7
1 11
2 8
2 22
3 14
3 20
4 16
4 17
5 6
5 23
6 5
6 7
7 1
7 6
8 2
8 26
9 9
9 21
10 17
10 25
11 1
11 18
12 25
12 26
13 13
13 18
14 3
14 28
15 0
15 24
16 0
16 4
17 4
17 10
18 11
18 13
19 21
19 28
20 3
20 24
21 9
21 19
22 2
22 27
23 5
23 27
24 15
24 20
25 10
25 12
26 8
26 12
27 22
27 23
28 14
28 19

# solution 33
# n=29 sym=dia1 status=verified source=flammenkamp_cache/n29_dia1
# code=/7L59CHAL4O1M6R09IM173DKQ2DACPQHKRS2F8NNSBF0358IJ4PEOBE6GGJ
0 7
0 21
1 5
1 9
2 12
2 17
3 10
3 21
4 4
4 24
5 1
5 22
6 6
6 27
7 0
7 9
8 18
8 22
9 1
9 7
10 3
10 13
11 20
11 26
12 2
12 13
13 10
13 12
14 25
14 26
15 17
15 20
16 27
16 28
17 2
17 15
18 8
18 23
19 23
19 28
20 11
20 15
21 0
21 3
22 5
22 8
23 18
23 19
24 4
24 25
25 14
25 24
26 11
26 14
27 6
27 16
28 16
28 19

# solution 34
# n=29 sym=dia1 status=verified source=flammenkamp_cache/n29_dia1
# code=/9JBE4KEM2PFRKO79DG07IR1CBQ8M135S8SHOAL0N26IP3DJQ6H4LCN5AFG
0 9
0 19
1 11
1 14
2 4
2 20
3 14
3 22
4 2
4 25
5 15
5 27
6 20
6 24
7 7
7 9
8 13
8 16
9 0
9 7
10 18
10 27
11 1
11 12
12 11
12 26
13 8
13 22
14 1
14 3
15 5
15 28
16 8
16 28
17 17
17 24
18 10
18 21
19 0
19 23
20 2
20 6
21 18
21 25
22 3
22 13
23 19
23 26
24 6
24 17
25 4
25 21
26 12
26 23
27 5
27 10
28 15
28 16

# solution 35
# n=29 sym=dia1 status=verified source=flammenkamp_cache/n29_dia1
# code=/GP3LAEIS2I9C57KRHL6COP0K8S5D0Q9FJN121QDN7G8M4JFM463RBOABEH
0 16
0 25
1 3
1 21
2 10
2 14
3 18
3 28
4 2
4 18
5 9
5 12
6 5
6 7
7 20
7 27
8 17
8 21
9 6
9 12
10 24
10 25
11 0
11 20
12 8
12 28
13 5
13 13
14 0
14 26
15 9
15 15
16 19
16 23
17 1
17 2
18 1
18 26
19 13
19 23
20 7
20 16
21 8
21 22
22 4
22 19
23 15
23 22
24 4
24 6
25 3
25 27
26 11
26 24
27 10
27 11
28 14
28 17

# solution 36
# n=29 sym=dia1 status=verified source=flammenkamp_cache/n29_dia1
# code=/EN57EHJP9R1G6K1M9R48KMDGPSBQ02IJ5B2QFS3F6ANO7A0LLO3CDH48CI
0 14
0 23
1 5
1 7
2 14
2 17
3 19
3 25
4 9
4 27
5 1
5 16
6 6
6 20
7 1
7 22
8 9
8 27
9 4
9 8
10 20
10 22
11 13
11 16
12 25
12 28
13 11
13 26
14 0
14 2
15 18
15 19
16 5
16 11
17 2
17 26
18 15
18 28
19 3
19 15
20 6
20 10
21 23
21 24
22 7
22 10
23 0
23 21
24 21
24 24
25 3
25 12
26 13
26 17
27 4
27 8
28 12
28 18

# solution 37
# n=29 sym=dia1 status=verified source=flammenkamp_cache/n29_dia1
# code=/2CEK0I8DMN58GJAN359R7PDM0H3B1SJO6OCQ2Q6F1LKP4B47FGALHI9SER
0 2
0 12
1 14
1 20
2 0
2 18
3 8
3 13
4 22
4 23
5 5
5 8
6 16
6 19
7 10
7 23
8 3
8 5
9 9
9 27
10 7
10 25
11 13
11 22
12 0
12 17
13 3
13 11
14 1
14 28
15 19
15 24
16 6
16 24
17 12
17 26
18 2
18 26
19 6
19 15
20 1
20 21
21 20
21 25
22 4
22 11
23 4
23 7
24 15
24 16
25 10
25 21
26 17
26 18
27 9
27 28
28 14
28 27

# solution 38
# n=29 sym=dia1 status=verified source=flammenkamp_cache/n29_dia1
# code=/DI9LMP364A7F3H5AIK1P47KSDN0CRS5HLO6F08OQ8B1G2QCRGJ29JMENBE
0 13
0 18
1 9
1 21
2 22
2 25
3 3
3 6
4 4
4 10
5 7
5 15
6 3
6 17
7 5
7 10
8 18
8 20
9 1
9 25
10 4
10 7
11 20
11 28
12 13
12 23
13 0
13 12
14 27
14 28
15 5
15 17
16 21
16 24
17 6
17 15
18 0
18 8
19 24
19 26
20 8
20 11
21 1
21 16
22 2
22 26
23 12
23 27
24 16
24 19
25 2
25 9
26 19
26 22
27 14
27 23
28 11
28 14

# solution 39
# n=29 sym=dia1 status=verified source=flammenkamp_cache/n29_dia1
# code=/DI9LMP36AP7F3H5AIK1R47KSDN0CRS5HLO6F08OQ8B1G2QCNGJ24JM9EBE
0 13
0 18
1 9
1 21
2 22
2 25
3 3
3 6
4 10
4 25
5 7
5 15
6 3
6 17
7 5
7 10
8 18
8 20
9 1
9 27
10 4
10 7
11 20
11 28
12 13
12 23
13 0
13 12
14 27
14 28
15 5
15 17
16 21
16 24
17 6
17 15
18 0
18 8
19 24
19 26
20 8
20 11
21 1
21 16
22 2
22 26
23 12
23 23
24 16
24 19
25 2
25 4
26 19
26 22
27 9
27 14
28 11
28 14

# solution 40
# n=29 sym=dia1 status=verified source=flammenkamp_cache/n29_dia1
# code=/HJAFAO6P6LFI34787EPR12IMCQES8D15LO0S5B0NNR4GBQJK2G39CM9KDH
0 17
0 19
1 10
1 15
2 10
2 24
3 6
3 25
4 6
4 21
5 15
5 18
6 3
6 4
7 7
7 8
8 7
8 14
9 25
9 27
10 1
10 2
11 18
11 22
12 12
12 26
13 14
13 28
14 8
14 13
15 1
15 5
16 21
16 24
17 0
17 28
18 5
18 11
19 0
19 23
20 23
20 27
21 4
21 16
22 11
22 26
23 19
23 20
24 2
24 16
25 3
25 9
26 12
26 22
27 9
27 20
28 13
28 17

# solution 41
# n=29 sym=dia1 status=verified source=flammenkamp_cache/n29_dia1
# code=/CF499JJM14BE8KGN6R12OR5L0OEI5D0S7HGMDQ236QBS3H7PACNPIK8AFL
0 12
0 15
1 4
1 9
2 9
2 19
3 19
3 22
4 1
4 4
5 11
5 14
6 8
6 20
7 16
7 23
8 6
8 27
9 1
9 2
10 24
10 27
11 5
11 21
12 0
12 24
13 14
13 18
14 5
14 13
15 0
15 28
16 7
16 17
17 16
17 22
18 13
18 26
19 2
19 3
20 6
20 26
21 11
21 28
22 3
22 17
23 7
23 25
24 10
24 12
25 23
25 25
26 18
26 20
27 8
27 10
28 15
28 21

# solution 42
# n=29 sym=dia1 status=verified source=flammenkamp_cache/n29_dia1
# code=/DG1L5D6IEL273O5HNOAI9RNPEQ024CKS0P7S39KRFJ14MQ8B68BGCMAJFH
0 13
0 16
1 1
1 21
2 5
2 13
3 6
3 18
4 14
4 21
5 2
5 7
6 3
6 24
7 5
7 17
8 23
8 24
9 10
9 18
10 9
10 27
11 23
11 25
12 14
12 26
13 0
13 2
14 4
14 12
15 20
15 28
16 0
16 25
17 7
17 28
18 3
18 9
19 20
19 27
20 15
20 19
21 1
21 4
22 22
22 26
23 8
23 11
24 6
24 8
25 11
25 16
26 12
26 22
27 10
27 19
28 15
28 17

# solution 43
# n=29 sym=dia1 status=verified source=flammenkamp_cache/n29_dia1
# code=/0CFJ5LAPIK29NQAEPR5937JK0EOS7C1LIMQS4G1B4B2FGR6ODN386H8MDH
0 0
0 12
1 15
1 19
2 5
2 21
3 10
3 25
4 18
4 20
5 2
5 9
6 23
6 26
7 10
7 14
8 25
8 27
9 5
9 9
10 3
10 7
11 19
11 20
12 0
12 14
13 24
13 28
14 7
14 12
15 1
15 21
16 18
16 22
17 26
17 28
18 4
18 16
19 1
19 11
20 4
20 11
21 2
21 15
22 16
22 27
23 6
23 24
24 13
24 23
25 3
25 8
26 6
26 17
27 8
27 22
28 13
28 17

# solution 44
# n=29 sym=dia1 status=verified source=flammenkamp_cache/n29_dia1
# code=/FI5O6F4B3I182PEG58NPJQ3JENKQ7C027SKS04ABDHLROR9C1M69ADLMGH
0 15
0 18
1 5
1 24
2 6
2 15
3 4
3 11
4 3
4 18
5 1
5 8
6 2
6 25
7 14
7 16
8 5
8 8
9 23
9 25
10 19
10 26
11 3
11 19
12 14
12 23
13 20
13 26
14 7
14 12
15 0
15 2
16 7
16 28
17 20
17 28
18 0
18 4
19 10
19 11
20 13
20 17
21 21
21 27
22 24
22 27
23 9
23 12
24 1
24 22
25 6
25 9
26 10
26 13
27 21
27 22
28 16
28 17

# solution 45
# n=29 sym=dia1 status=verified source=flammenkamp_cache/n29_dia1
# code=/FJ7F4AAP2DIS8K1N6NPR23BECH4JBO01OQCK5R0D6HMSLQ78EG39GM9I5L
0 15
0 19
1 7
1 15
2 4
2 10
3 10
3 25
4 2
4 13
5 18
5 28
6 8
6 20
7 1
7 23
8 6
8 23
9 25
9 27
10 2
10 3
11 11
11 14
12 12
12 17
13 4
13 19
14 11
14 24
15 0
15 1
16 24
16 26
17 12
17 20
18 5
18 27
19 0
19 13
20 6
20 17
21 22
21 28
22 21
22 26
23 7
23 8
24 14
24 16
25 3
25 9
26 16
26 22
27 9
27 18
28 5
28 21

# solution 46
# n=29 sym=dia1 status=verified source=flammenkamp_cache/n29_dia1
# code=/9G5I8DNOPQ1658DH260OMQCEBJ27BSNS0L7H1LCRPRGIAM3F394K4AJKEF
0 9
0 16
1 5
1 18
2 8
2 13
3 23
3 24
4 25
4 26
5 1
5 6
6 5
6 8
7 13
7 17
8 2
8 6
9 0
9 24
10 22
10 26
11 12
11 14
12 11
12 19
13 2
13 7
14 11
14 28
15 23
15 28
16 0
16 21
17 7
17 17
18 1
18 21
19 12
19 27
20 25
20 27
21 16
21 18
22 10
22 22
23 3
23 15
24 3
24 9
25 4
25 20
26 4
26 10
27 19
27 20
28 14
28 15

# solution 47
# n=29 sym=dia1 status=verified source=flammenkamp_cache/n29_dia1
# code=/9D4M9IDP1P5A6QKNGS025CEQAJ03BJOR8ILR2GCE7LHK1S7OFN346BFH8M
0 9
0 13
1 4
1 22
2 9
2 18
3 13
3 25
4 1
4 25
5 5
5 10
6 6
6 26
7 20
7 23
8 16
8 28
9 0
9 2
10 5
10 12
11 14
11 26
12 10
12 19
13 0
13 3
14 11
14 19
15 24
15 27
16 8
16 18
17 21
17 27
18 2
18 16
19 12
19 14
20 7
20 21
21 17
21 20
22 1
22 28
23 7
23 24
24 15
24 23
25 3
25 4
26 6
26 11
27 15
27 17
28 8
28 22

# solution 48
# n=29 sym=dia1 status=verified source=flammenkamp_cache/n29_dia1
# code=/DK7G4ACJ2549NO1GJR592SEN3K0RBHLQ17EMPS380CFQHM6B6PIOFL8DAI
0 13
0 20
1 7
1 16
2 4
2 10
3 12
3 19
4 2
4 5
5 4
5 9
6 23
6 24
7 1
7 16
8 19
8 27
9 5
9 9
10 2
10 28
11 14
11 23
12 3
12 20
13 0
13 27
14 11
14 17
15 21
15 26
16 1
16 7
17 14
17 22
18 25
18 28
19 3
19 8
20 0
20 12
21 15
21 26
22 17
22 22
23 6
23 11
24 6
24 25
25 18
25 24
26 15
26 21
27 8
27 13
28 10
28 18

# solution 49
# n=29 sym=dia1 status=verified source=flammenkamp_cache/n29_dia1
# code=/DEGI698NFK5P9C5HKO4H0RJLDR1OBSGS1M6E02MQ7P28BQLN3J347ACFAI
0 13
0 14
1 16
1 18
2 6
2 9
3 8
3 23
4 15
4 20
5 5
5 25
6 9
6 12
7 5
7 17
8 20
8 24
9 4
9 17
10 0
10 27
11 19
11 21
12 13
12 27
13 1
13 24
14 11
14 28
15 16
15 28
16 1
16 22
17 6
17 14
18 0
18 2
19 22
19 26
20 7
20 25
21 2
21 8
22 11
22 26
23 21
23 23
24 3
24 19
25 3
25 4
26 7
26 10
27 12
27 15
28 10
28 18

# solution 50
# n=29 sym=dia1 status=verified source=flammenkamp_cache/n29_dia1
# code=/FLAFALJKGO8B45QSJPKP3E17CORS3I062GBNQR072N9H5D6M1MEI8C4H9D
0 15
0 21
1 10
1 15
2 10
2 21
3 19
3 20
4 16
4 24
5 8
5 11
6 4
6 5
7 26
7 28
8 19
8 25
9 20
9 25
10 3
10 14
11 1
11 7
12 12
12 24
13 27
13 28
14 3
14 18
15 0
15 6
16 2
16 16
17 11
17 23
18 26
18 27
19 0
19 7
20 2
20 23
21 9
21 17
22 5
22 13
23 6
23 22
24 1
24 22
25 14
25 18
26 8
26 12
27 4
27 17
28 9
28 13

# solution 51
# n=29 sym=dia1 status=verified source=flammenkamp_cache/n29_dia1
# code=/CL6E2H6JJR9C139DKO57EKOP057D1AMNHP2GRS348A0MFLFQ8BBGNS4IIQ
0 12
0 21
1 6
1 14
2 2
2 17
3 6
3 19
4 19
4 27
5 9
5 12
6 1
6 3
7 9
7 13
8 20
8 24
9 5
9 7
10 14
10 20
11 24
11 25
12 0
12 5
13 7
13 13
14 1
14 10
15 22
15 23
16 17
16 25
17 2
17 16
18 27
18 28
19 3
19 4
20 8
20 10
21 0
21 22
22 15
22 21
23 15
23 26
24 8
24 11
25 11
25 16
26 23
26 28
27 4
27 18
28 18
28 26

# solution 52
# n=29 sym=dia1 status=verified source=flammenkamp_cache/n29_dia1
# code=/9G2M1G9BMOCFJR8C7J03OR3B57NSIQ5K02QSEK68FILP14DP4ALNEH6ADH
0 9
0 16
1 2
1 22
2 1
2 16
3 9
3 11
4 22
4 24
5 12
5 15
6 19
6 27
7 8
7 12
8 7
8 19
9 0
9 3
10 24
10 27
11 3
11 11
12 5
12 7
13 23
13 28
14 18
14 26
15 5
15 20
16 0
16 2
17 26
17 28
18 14
18 20
19 6
19 8
20 15
20 18
21 21
21 25
22 1
22 4
23 13
23 25
24 4
24 10
25 21
25 23
26 14
26 17
27 6
27 10
28 13
28 17

# solution 53
# n=29 sym=dia1 status=verified source=flammenkamp_cache/n29_dia1
# code=/78DF29FI5Q4AHL0A0S2K57DHMS1BIN13MQ6B3EOR9L6KCGEPJRNP4GJO8C
0 7
0 8
1 13
1 15
2 2
2 9
3 15
3 18
4 5
4 26
5 4
5 10
6 17
6 21
7 0
7 10
8 0
8 28
9 2
9 20
10 5
10 7
11 13
11 17
12 22
12 28
13 1
13 11
14 18
14 23
15 1
15 3
16 22
16 26
17 6
17 11
18 3
18 14
19 24
19 27
20 9
20 21
21 6
21 20
22 12
22 16
23 14
23 25
24 19
24 27
25 23
25 25
26 4
26 16
27 19
27 24
28 8
28 12

