# solution 1
# n=30 sym=dia1 status=verified source=flammenkamp_cache/n30_dia1
# code=/DP7A8EGK8KLR9O1F246C1PMQ9H0R2E7J3NCSNSFT345LBTGI6Q0ABO5DHIJM
0 13
0 25
1 7
1 10
2 8
2 14
3 16
3 20
4 8
4 20
5 21
5 27
6 9
6 24
7 1
7 15
8 2
8 4
9 6
9 12
10 1
10 25
11 22
11 26
12 9
12 17
13 0
13 27
14 2
14 14
15 7
15 19
16 3
16 23
17 12
17 28
18 23
18 28
19 15
19 29
20 3
20 4
21 5
21 21
22 11
22 29
23 16
23 18
24 6
24 26
25 0
25 10
26 11
26 24
27 5
27 13
28 17
28 18
29 19
29 22

# solution 2
# n=30 sym=dia1 status=verified source=flammenkamp_cache/n30_dia1
# code=/7EGJCNPQ6QAG3R1F7L0F0S9B1DOSKM8T2H9R6I4OCI5ELTBP382A5N4DHMJK
0 7
0 14
1 16
1 19
2 12
2 23
3 25
3 26
4 6
4 26
5 10
5 16
6 3
6 27
7 1
7 15
8 7
8 21
9 0
9 15
10 0
10 28
11 9
11 11
12 1
12 13
13 24
13 28
14 20
14 22
15 8
15 29
16 2
16 17
17 9
17 27
18 6
18 18
19 4
19 24
20 12
20 18
21 5
21 14
22 21
22 29
23 11
23 25
24 3
24 8
25 2
25 10
26 5
26 23
27 4
27 13
28 17
28 22
29 19
29 20

# solution 3
# n=30 sym=dia1 status=verified source=flammenkamp_cache/n30_dia1
# code=/EJ6F9OIL68CM14BR4P2EKS7B5NJS091LORKT3Q0DAH3F5NCM2G8PIT7GADHQ
0 14
0 19
1 6
1 15
2 9
2 24
3 18
3 21
4 6
4 8
5 12
5 22
6 1
6 4
7 11
7 27
8 4
8 25
9 2
9 14
10 20
10 28
11 7
11 11
12 5
12 23
13 19
13 28
14 0
14 9
15 1
15 21
16 24
16 27
17 20
17 29
18 3
18 26
19 0
19 13
20 10
20 17
21 3
21 15
22 5
22 23
23 12
23 22
24 2
24 16
25 8
25 25
26 18
26 29
27 7
27 16
28 10
28 13
29 17
29 26

# solution 4
# n=30 sym=dia1 status=verified source=flammenkamp_cache/n30_dia1
# code=/CE5LHN4C3514LMJPAPES8KDR03BI09QSJT2RDO7GAK166T2QIO78FNBH9FGM
0 12
0 14
1 5
1 21
2 17
2 23
3 4
3 12
4 3
4 5
5 1
5 4
6 21
6 22
7 19
7 25
8 10
8 25
9 14
9 28
10 8
10 20
11 13
11 27
12 0
12 3
13 11
13 18
14 0
14 9
15 26
15 28
16 19
16 29
17 2
17 27
18 13
18 24
19 7
19 16
20 10
20 20
21 1
21 6
22 6
22 29
23 2
23 26
24 18
24 24
25 7
25 8
26 15
26 23
27 11
27 17
28 9
28 15
29 16
29 22

# solution 5
# n=30 sym=dia1 status=verified source=flammenkamp_cache/n30_dia1
# code=/25FIACAGNOLPHP673OCF2E7S9NEQKSGJ06KR05QR8H19IMDMBT143LJT48BD
0 2
0 5
1 15
1 18
2 10
2 12
3 10
3 16
4 23
4 24
5 21
5 25
6 17
6 25
7 6
7 7
8 3
8 24
9 12
9 15
10 2
10 14
11 7
11 28
12 9
12 23
13 14
13 26
14 20
14 28
15 16
15 19
16 0
16 6
17 20
17 27
18 0
18 5
19 26
19 27
20 8
20 17
21 1
21 9
22 18
22 22
23 13
23 22
24 11
24 29
25 1
25 4
26 3
26 21
27 19
27 29
28 4
28 8
29 11
29 13

# solution 6
# n=30 sym=dia1 status=verified source=flammenkamp_cache/n30_dia1
# code=/BHEO58HMCE4S3IMQ49DI2CKNQT3D59PSGKJP1T17FL6R2A08FRLOGN7JAB06
0 11
0 17
1 14
1 24
2 5
2 8
3 17
3 22
4 12
4 14
5 4
5 28
6 3
6 18
7 22
7 26
8 4
8 9
9 13
9 18
10 2
10 12
11 20
11 23
12 26
12 29
13 3
13 13
14 5
14 9
15 25
15 28
16 16
16 20
17 19
17 25
18 1
18 29
19 1
19 7
20 15
20 21
21 6
21 27
22 2
22 10
23 0
23 8
24 15
24 27
25 21
25 24
26 16
26 23
27 7
27 19
28 10
28 11
29 0
29 6

# solution 7
# n=30 sym=dia1 status=verified source=flammenkamp_cache/n30_dia1
# code=/LT6NCFHM7C45LSGQNT35EG08EQJM9RHJ12PR1A3B8F9I0P4SKO6OAK2DBD7I
0 21
0 29
1 6
1 23
2 12
2 15
3 17
3 22
4 7
4 12
5 4
5 5
6 21
6 28
7 16
7 26
8 23
8 29
9 3
9 5
10 14
10 16
11 0
11 8
12 14
12 26
13 19
13 22
14 9
14 27
15 17
15 19
16 1
16 2
17 25
17 27
18 1
18 10
19 3
19 11
20 8
20 15
21 9
21 18
22 0
22 25
23 4
23 28
24 20
24 24
25 6
25 24
26 10
26 20
27 2
27 13
28 11
28 13
29 7
29 18

# solution 8
# n=30 sym=dia1 status=verified source=flammenkamp_cache/n30_dia1
# code=/OTEJ6AEI3OPT6I9D3F5JKSNQDH1A1LQSHM2947GRCM050BNR8K2BLP4CFG78
0 24
0 29
1 14
1 19
2 6
2 10
3 14
3 18
4 3
4 24
5 25
5 29
6 6
6 18
7 9
7 13
8 3
8 15
9 5
9 19
10 20
10 28
11 23
11 26
12 13
12 17
13 1
13 10
14 1
14 21
15 26
15 28
16 17
16 22
17 2
17 9
18 4
18 7
19 16
19 27
20 12
20 22
21 0
21 5
22 0
22 11
23 23
23 27
24 8
24 20
25 2
25 11
26 21
26 25
27 4
27 12
28 15
28 16
29 7
29 8

# solution 9
# n=30 sym=dia1 status=verified source=flammenkamp_cache/n30_dia1
# code=/8D5QJKDS9G67064GEFKR9R3E28MP3LILQT140157JPHTAONOASCMFI2HBCBN
0 8
0 13
1 5
1 26
2 19
2 20
3 13
3 28
4 9
4 16
5 6
5 7
6 0
6 6
7 4
7 16
8 14
8 15
9 20
9 27
10 9
10 27
11 3
11 14
12 2
12 8
13 22
13 25
14 3
14 21
15 18
15 21
16 26
16 29
17 1
17 4
18 0
18 1
19 5
19 7
20 19
20 25
21 17
21 29
22 10
22 24
23 23
23 24
24 10
24 28
25 12
25 22
26 15
26 18
27 2
27 17
28 11
28 12
29 11
29 23

# solution 10
# n=30 sym=dia1 status=verified source=flammenkamp_cache/n30_dia1
# code=/AM68DQ5HDJ3G1SOQ1AHN08EGCP24BTLN5B39RS4MKOFR0J9F7KCT27IL6IEP
0 10
0 22
1 6
1 8
2 13
2 26
3 5
3 17
4 13
4 19
5 3
5 16
6 1
6 28
7 24
7 26
8 1
8 10
9 17
9 23
10 0
10 8
11 14
11 16
12 12
12 25
13 2
13 4
14 11
14 29
15 21
15 23
16 5
16 11
17 3
17 9
18 27
18 28
19 4
19 22
20 20
20 24
21 15
21 27
22 0
22 19
23 9
23 15
24 7
24 20
25 12
25 29
26 2
26 7
27 18
27 21
28 6
28 18
29 14
29 25

# solution 11
# n=30 sym=dia1 status=verified source=flammenkamp_cache/n30_dia1
# code=/CD6G232DMT9J1CEOOQ5QHTEJ06037BLS1PAPKS5BIKFN4RLR78GH89MNFI4A
0 12
0 13
1 6
1 16
2 2
2 3
3 2
3 13
4 22
4 29
5 9
5 19
6 1
6 12
7 14
7 24
8 24
8 26
9 5
9 26
10 17
10 29
11 14
11 19
12 0
12 6
13 0
13 3
14 7
14 11
15 21
15 28
16 1
16 25
17 10
17 25
18 20
18 28
19 5
19 11
20 18
20 20
21 15
21 23
22 4
22 27
23 21
23 27
24 7
24 8
25 16
25 17
26 8
26 9
27 22
27 23
28 15
28 18
29 4
29 10

# solution 12
# n=30 sym=dia1 status=verified source=flammenkamp_cache/n30_dia1
# code=/9Q09GKJT8F3M3BKOBFMRAQ7C127RLP6A014ILNEJST4PGI5E268CNO5HDHDS
0 9
0 26
1 0
1 9
2 16
2 20
3 19
3 29
4 8
4 15
5 3
5 22
6 3
6 11
7 20
7 24
8 11
8 15
9 22
9 27
10 10
10 26
11 7
11 12
12 1
12 2
13 7
13 27
14 21
14 25
15 6
15 10
16 0
16 1
17 4
17 18
18 21
18 23
19 14
19 19
20 28
20 29
21 4
21 25
22 16
22 18
23 5
23 14
24 2
24 6
25 8
25 12
26 23
26 24
27 5
27 17
28 13
28 17
29 13
29 28

# solution 13
# n=30 sym=dia1 status=verified source=flammenkamp_cache/n30_dia1
# code=/FOASDK6D9OPTEJ5B5A0RHN3CCJ138T2NQRHI2MLS9P7F184QLM06GIBE7G4K
0 15
0 24
1 10
1 28
2 13
2 20
3 6
3 13
4 9
4 24
5 25
5 29
6 14
6 19
7 5
7 11
8 5
8 10
9 0
9 27
10 17
10 23
11 3
11 12
12 12
12 19
13 1
13 3
14 8
14 29
15 2
15 23
16 26
16 27
17 17
17 18
18 2
18 22
19 21
19 28
20 9
20 25
21 7
21 15
22 1
22 8
23 4
23 26
24 21
24 22
25 0
25 6
26 16
26 18
27 11
27 14
28 7
28 16
29 4
29 20

# solution 14
# n=30 sym=dia1 status=verified source=flammenkamp_cache/n30_dia1
# code=/GI6GIM39FH5A176QQS3H5PCJBTJROS4M014902BDNTOP2FKRELAL78DN8ECK
0 16
0 18
1 6
1 16
2 18
2 22
3 3
3 9
4 15
4 17
5 5
5 10
6 1
6 7
7 6
7 26
8 26
8 28
9 3
9 17
10 5
10 25
11 12
11 19
12 11
12 29
13 19
13 27
14 24
14 28
15 4
15 22
16 0
16 1
17 4
17 9
18 0
18 2
19 11
19 13
20 23
20 29
21 24
21 25
22 2
22 15
23 20
23 27
24 14
24 21
25 10
25 21
26 7
26 8
27 13
27 23
28 8
28 14
29 12
29 20

# solution 15
# n=30 sym=dia1 status=verified source=flammenkamp_cache/n30_dia1
# code=/DIKL4N7G2B7MBR35GSHLDP46HT0AEOMO389C0SNP1T195F2JEFAJQR6Q8ICK
0 13
0 18
1 20
1 21
2 4
2 23
3 7
3 16
4 2
4 11
5 7
5 22
6 11
6 27
7 3
7 5
8 16
8 28
9 17
9 21
10 13
10 25
11 4
11 6
12 17
12 29
13 0
13 10
14 14
14 24
15 22
15 24
16 3
16 8
17 9
17 12
18 0
18 28
19 23
19 25
20 1
20 29
21 1
21 9
22 5
22 15
23 2
23 19
24 14
24 15
25 10
25 19
26 26
26 27
27 6
27 26
28 8
28 18
29 12
29 20

# solution 16
# n=30 sym=dia1 status=verified source=flammenkamp_cache/n30_dia1
# code=/69FH5NDN06CHQRFK57KM0A34OSBEMS2G2QCO1G4J8T391LPTLRAI8IDE7BJP
0 6
0 9
1 15
1 17
2 5
2 23
3 13
3 23
4 0
4 6
5 12
5 17
6 26
6 27
7 15
7 20
8 5
8 7
9 20
9 22
10 0
10 10
11 3
11 4
12 24
12 28
13 11
13 14
14 22
14 28
15 2
15 16
16 2
16 26
17 12
17 24
18 1
18 16
19 4
19 19
20 8
20 29
21 3
21 9
22 1
22 21
23 25
23 29
24 21
24 27
25 10
25 18
26 8
26 18
27 13
27 14
28 7
28 11
29 19
29 25

# solution 17
# n=30 sym=dia1 status=verified source=flammenkamp_cache/n30_dia1
# code=/GL9D3926GI8N3LHP5N12QTJMDE1CCRMS047R4OBSKP06BF58IQ7KAOEHFJAT
0 16
0 21
1 9
1 13
2 3
2 9
3 2
3 6
4 16
4 18
5 8
5 23
6 3
6 21
7 17
7 25
8 5
8 23
9 1
9 2
10 26
10 29
11 19
11 22
12 13
12 14
13 1
13 12
14 12
14 27
15 22
15 28
16 0
16 4
17 7
17 27
18 4
18 24
19 11
19 28
20 20
20 25
21 0
21 6
22 11
22 15
23 5
23 8
24 18
24 26
25 7
25 20
26 10
26 24
27 14
27 17
28 15
28 19
29 10
29 29

# solution 18
# n=30 sym=dia1 status=verified source=flammenkamp_cache/n30_dia1
# code=/5BFI78FPGI0O8Q2K26COPT0K9DCHMN134RDL14RT7BHNESEL593A6QGJMSAJ
0 5
0 11
1 15
1 18
2 7
2 8
3 15
3 25
4 16
4 18
5 0
5 24
6 8
6 26
7 2
7 20
8 2
8 6
9 12
9 24
10 25
10 29
11 0
11 20
12 9
12 13
13 12
13 17
14 22
14 23
15 1
15 3
16 4
16 27
17 13
17 21
18 1
18 4
19 27
19 29
20 7
20 11
21 17
21 23
22 14
22 28
23 14
23 21
24 5
24 9
25 3
25 10
26 6
26 26
27 16
27 19
28 22
28 28
29 10
29 19

# solution 19
# n=30 sym=dia1 status=verified source=flammenkamp_cache/n30_dia1
# code=/AKEHALEQ5L9H46CMPR0TDG8DOS0J27QSIJ3M78RT1OBIBF1N3P2N5C4F69GK
0 10
0 20
1 14
1 17
2 10
2 21
3 14
3 26
4 5
4 21
5 9
5 17
6 4
6 6
7 12
7 22
8 25
8 27
9 0
9 29
10 13
10 16
11 8
11 13
12 24
12 28
13 0
13 19
14 2
14 7
15 26
15 28
16 18
16 19
17 3
17 22
18 7
18 8
19 27
19 29
20 1
20 24
21 11
21 18
22 11
22 15
23 1
23 23
24 3
24 25
25 2
25 23
26 5
26 12
27 4
27 15
28 6
28 9
29 16
29 20

# solution 20
# n=30 sym=dia1 status=verified source=flammenkamp_cache/n30_dia1
# code=/2AFK0N9H7OADHQ47NT3K05FTCI5QMR1BJS36CRGS19MPEL284PLO6DEIGJ8B
0 2
0 10
1 15
1 20
2 0
2 23
3 9
3 17
4 7
4 24
5 10
5 13
6 17
6 26
7 4
7 7
8 23
8 29
9 3
9 20
10 0
10 5
11 15
11 29
12 12
12 18
13 5
13 26
14 22
14 27
15 1
15 11
16 19
16 28
17 3
17 6
18 12
18 27
19 16
19 28
20 1
20 9
21 22
21 25
22 14
22 21
23 2
23 8
24 4
24 25
25 21
25 24
26 6
26 13
27 14
27 18
28 16
28 19
29 8
29 11

# solution 21
# n=30 sym=dia1 status=verified source=flammenkamp_cache/n30_dia1
# code=/4BGJEOOS08ADHMFQ4TLN5B0ADH5C2R7S1Q6CLR1JKT9I6P9P23MN7GEI3F8K
0 4
0 11
1 16
1 19
2 14
2 24
3 24
3 28
4 0
4 8
5 10
5 13
6 17
6 22
7 15
7 26
8 4
8 29
9 21
9 23
10 5
10 11
11 0
11 10
12 13
12 17
13 5
13 12
14 2
14 27
15 7
15 28
16 1
16 26
17 6
17 12
18 21
18 27
19 1
19 19
20 20
20 29
21 9
21 18
22 6
22 25
23 9
23 25
24 2
24 3
25 22
25 23
26 7
26 16
27 14
27 18
28 3
28 15
29 8
29 20

# solution 22
# n=30 sym=dia1 status=verified source=flammenkamp_cache/n30_dia1
# code=/9JJM26DLQRCG28MS6O0HCQEG5A3KBRNP5B9TLO01DP3I17FT8IFK4A4E7SHN
0 9
0 19
1 19
1 22
2 2
2 6
3 13
3 21
4 26
4 27
5 12
5 16
6 2
6 8
7 22
7 28
8 6
8 24
9 0
9 17
10 12
10 26
11 14
11 16
12 5
12 10
13 3
13 20
14 11
14 27
15 23
15 25
16 5
16 11
17 9
17 29
18 21
18 24
19 0
19 1
20 13
20 25
21 3
21 18
22 1
22 7
23 15
23 29
24 8
24 18
25 15
25 20
26 4
26 10
27 4
27 14
28 7
28 28
29 17
29 23

# solution 23
# n=30 sym=dia1 status=verified source=flammenkamp_cache/n30_dia1
# code=/5E9ICR9IGK48AF8K25MP1HQSEJBP4NHT01CRAGBNQSMO0323LTFO676LDJ7D
0 5
0 14
1 9
1 18
2 12
2 27
3 9
3 18
4 16
4 20
5 4
5 8
6 10
6 15
7 8
7 20
8 2
8 5
9 22
9 25
10 1
10 17
11 26
11 28
12 14
12 19
13 11
13 25
14 4
14 23
15 17
15 29
16 0
16 1
17 12
17 27
18 10
18 16
19 11
19 23
20 26
20 28
21 22
21 24
22 0
22 3
23 2
23 3
24 21
24 29
25 15
25 24
26 6
26 7
27 6
27 21
28 13
28 19
29 7
29 13

# solution 24
# n=30 sym=dia1 status=verified source=flammenkamp_cache/n30_dia1
# code=/4AGPIRDF0I78DF5857MQ0SJMCP36KS361RNT24BKEJNQ9BHLOT1C9L2GAEHO
0 4
0 10
1 16
1 25
2 18
2 27
3 13
3 15
4 0
4 18
5 7
5 8
6 13
6 15
7 5
7 8
8 5
8 7
9 22
9 26
10 0
10 28
11 19
11 22
12 12
12 25
13 3
13 6
14 20
14 28
15 3
15 6
16 1
16 27
17 23
17 29
18 2
18 4
19 11
19 20
20 14
20 19
21 23
21 26
22 9
22 11
23 17
23 21
24 24
24 29
25 1
25 12
26 9
26 21
27 2
27 16
28 10
28 14
29 17
29 24

# solution 25
# n=30 sym=dia1 status=verified source=flammenkamp_cache/n30_dia1
# code=/JK3F7D36JPFNAO0K5EMTPT0A6D18OSBLHR195EIN2C4G2RHQBL48QS79CGIM
0 19
0 20
1 3
1 15
2 7
2 13
3 3
3 6
4 19
4 25
5 15
5 23
6 10
6 24
7 0
7 20
8 5
8 14
9 22
9 29
10 25
10 29
11 0
11 10
12 6
12 13
13 1
13 8
14 24
14 28
15 11
15 21
16 17
16 27
17 1
17 9
18 5
18 14
19 18
19 23
20 2
20 12
21 4
21 16
22 2
22 27
23 17
23 26
24 11
24 21
25 4
25 8
26 26
26 28
27 7
27 9
28 12
28 16
29 18
29 22

# solution 26
# n=30 sym=dia1 status=verified source=flammenkamp_cache/n30_dia1
# code=/EFKRKS68BLBF4A163PRS3IDJCD14OT7THI2HOP8N07AQ9EMQ25GNJL5CGM09
0 14
0 15
1 20
1 27
2 20
2 28
3 6
3 8
4 11
4 21
5 11
5 15
6 4
6 10
7 1
7 6
8 3
8 25
9 27
9 28
10 3
10 18
11 13
11 19
12 12
12 13
13 1
13 4
14 24
14 29
15 7
15 29
16 17
16 18
17 2
17 17
18 24
18 25
19 8
19 23
20 0
20 7
21 10
21 26
22 9
22 14
23 22
23 26
24 2
24 5
25 16
25 23
26 19
26 21
27 5
27 12
28 16
28 22
29 0
29 9

# solution 27
# n=30 sym=dia1 status=verified source=flammenkamp_cache/n30_dia1
# code=/EKCG295LJN3S9CIPES26BKAO16DL08OT1QQT7J4I0A3DPR4RBF7MGHMN58FH
0 14
0 20
1 12
1 16
2 2
2 9
3 5
3 21
4 19
4 23
5 3
5 28
6 9
6 12
7 18
7 25
8 14
8 28
9 2
9 6
10 11
10 20
11 10
11 24
12 1
12 6
13 13
13 21
14 0
14 8
15 24
15 29
16 1
16 26
17 26
17 29
18 7
18 19
19 4
19 18
20 0
20 10
21 3
21 13
22 25
22 27
23 4
23 27
24 11
24 15
25 7
25 22
26 16
26 17
27 22
27 23
28 5
28 8
29 15
29 17

# solution 28
# n=30 sym=dia1 status=verified source=flammenkamp_cache/n30_dia1
# code=/MQCG7J7B48BPHL234RPSIM351DCIOSOT1T6JAD2HKN6R0AKQEF590N8L9EFG
0 22
0 26
1 12
1 16
2 7
2 19
3 7
3 11
4 4
4 8
5 11
5 25
6 17
6 21
7 2
7 3
8 4
8 27
9 25
9 28
10 18
10 22
11 3
11 5
12 1
12 13
13 12
13 18
14 24
14 28
15 24
15 29
16 1
16 29
17 6
17 19
18 10
18 13
19 2
19 17
20 20
20 23
21 6
21 27
22 0
22 10
23 20
23 26
24 14
24 15
25 5
25 9
26 0
26 23
27 8
27 21
28 9
28 14
29 15
29 16

# solution 29
# n=30 sym=dia1 status=verified source=flammenkamp_cache/n30_dia1
# code=/AEBLIO4O34EQHSANDKNT071SDH8C05IRKR6C2FLP8G1JQT7923JP5MFG6B9M
0 10
0 14
1 11
1 21
2 18
2 24
3 4
3 24
4 3
4 4
5 14
5 26
6 17
6 28
7 10
7 23
8 13
8 20
9 23
9 29
10 0
10 7
11 1
11 28
12 13
12 17
13 8
13 12
14 0
14 5
15 18
15 27
16 20
16 27
17 6
17 12
18 2
18 15
19 21
19 25
20 8
20 16
21 1
21 19
22 26
22 29
23 7
23 9
24 2
24 3
25 19
25 25
26 5
26 22
27 15
27 16
28 6
28 11
29 9
29 22

# solution 30
# n=30 sym=dia1 status=verified source=flammenkamp_cache/n30_dia1
# code=/5KAEJL9D6K0H4RCO9R381GLQ7D3C1TOTAI5SGI2N042BPQJN7FMSBM68HPEF
0 5
0 20
1 10
1 14
2 19
2 21
3 9
3 13
4 6
4 20
5 0
5 17
6 4
6 27
7 12
7 24
8 9
8 27
9 3
9 8
10 1
10 16
11 21
11 26
12 7
12 13
13 3
13 12
14 1
14 29
15 24
15 29
16 10
16 18
17 5
17 28
18 16
18 18
19 2
19 23
20 0
20 4
21 2
21 11
22 25
22 26
23 19
23 23
24 7
24 15
25 22
25 28
26 11
26 22
27 6
27 8
28 17
28 25
29 14
29 15

# solution 31
# n=30 sym=dia1 status=verified source=flammenkamp_cache/n30_dia1
# code=/FK8CHN356I3J4APR1JER6BAO1PDT9H0OMS2E4M580SQTGI2QBF7CLN79GKDL
0 15
0 20
1 8
1 12
2 17
2 23
3 3
3 5
4 6
4 18
5 3
5 19
6 4
6 10
7 25
7 27
8 1
8 19
9 14
9 27
10 6
10 11
11 10
11 24
12 1
12 25
13 13
13 29
14 9
14 17
15 0
15 24
16 22
16 28
17 2
17 14
18 4
18 22
19 5
19 8
20 0
20 28
21 26
21 29
22 16
22 18
23 2
23 26
24 11
24 15
25 7
25 12
26 21
26 23
27 7
27 9
28 16
28 20
29 13
29 21

# solution 32
# n=30 sym=dia1 status=verified source=flammenkamp_cache/n30_dia1
# code=/68HMBFBO5I4F0INT0DAQ9T23JM8DQS25LR1S46CJORGP1C7P3KLN9EGKEH7A
0 6
0 8
1 17
1 22
2 11
2 15
3 11
3 24
4 5
4 18
5 4
5 15
6 0
6 18
7 23
7 29
8 0
8 13
9 10
9 26
10 9
10 29
11 2
11 3
12 19
12 22
13 8
13 13
14 26
14 28
15 2
15 5
16 21
16 27
17 1
17 28
18 4
18 6
19 12
19 19
20 24
20 27
21 16
21 25
22 1
22 12
23 7
23 25
24 3
24 20
25 21
25 23
26 9
26 14
27 16
27 20
28 14
28 17
29 7
29 10

# solution 33
# n=30 sym=dia1 status=verified source=flammenkamp_cache/n30_dia1
# code=/ILAT7BDGAOIOLT287EBR1429JK3D8SPQ3NHS05CRCN06PQGK45FMFM9JEH16
0 18
0 21
1 10
1 29
2 7
2 11
3 13
3 16
4 10
4 24
5 18
5 24
6 21
6 29
7 2
7 8
8 7
8 14
9 11
9 27
10 1
10 4
11 2
11 9
12 19
12 20
13 3
13 13
14 8
14 28
15 25
15 26
16 3
16 23
17 17
17 28
18 0
18 5
19 12
19 27
20 12
20 23
21 0
21 6
22 25
22 26
23 16
23 20
24 4
24 5
25 15
25 22
26 15
26 22
27 9
27 19
28 14
28 17
29 1
29 6

# solution 34
# n=30 sym=dia1 status=verified source=flammenkamp_cache/n30_dia1
# code=/AG4D6DFI15472O5CLTEI0SBK7T129L3P0RJP39HRBO8ENSMQ6KFHNQGJAM8C
0 10
0 16
1 4
1 13
2 6
2 13
3 15
3 18
4 1
4 5
5 4
5 7
6 2
6 24
7 5
7 12
8 21
8 29
9 14
9 18
10 0
10 28
11 11
11 20
12 7
12 29
13 1
13 2
14 9
14 21
15 3
15 25
16 0
16 27
17 19
17 25
18 3
18 9
19 17
19 27
20 11
20 24
21 8
21 14
22 23
22 28
23 22
23 26
24 6
24 20
25 15
25 17
26 23
26 26
27 16
27 19
28 10
28 22
29 8
29 12

# solution 35
# n=30 sym=dia1 status=verified source=flammenkamp_cache/n30_dia1
# code=/9I4C2MHR1M9TDQAI8E057NHO1T6E8DPRKS3B07KOGJQS24APBJFN6L3FGL5C
0 9
0 18
1 4
1 12
2 2
2 22
3 17
3 27
4 1
4 22
5 9
5 29
6 13
6 26
7 10
7 18
8 8
8 14
9 0
9 5
10 7
10 23
11 17
11 24
12 1
12 29
13 6
13 14
14 8
14 13
15 25
15 27
16 20
16 28
17 3
17 11
18 0
18 7
19 20
19 24
20 16
20 19
21 26
21 28
22 2
22 4
23 10
23 25
24 11
24 19
25 15
25 23
26 6
26 21
27 3
27 15
28 16
28 21
29 5
29 12

# solution 36
# n=30 sym=dia1 status=verified source=flammenkamp_cache/n30_dia1
# code=/8A7DKMGH3F9O6LGRAN3R5B9E1QMQ2P6I8S015JLTIODT0SENBJ24KP4FCH7C
0 8
0 10
1 7
1 13
2 20
2 22
3 16
3 17
4 3
4 15
5 9
5 24
6 6
6 21
7 16
7 27
8 10
8 23
9 3
9 27
10 5
10 11
11 9
11 14
12 1
12 26
13 22
13 26
14 2
14 25
15 6
15 18
16 8
16 28
17 0
17 1
18 5
18 19
19 21
19 29
20 18
20 24
21 13
21 29
22 0
22 28
23 14
23 23
24 11
24 19
25 2
25 4
26 20
26 25
27 4
27 15
28 12
28 17
29 7
29 12

# solution 37
# n=30 sym=dia1 status=verified source=flammenkamp_cache/n30_dia1
# code=/BKGO7B4K7CJS2MHN6FQTCO583MDS0L046GJPRT12189IPRDL3IEQ5HAN9AEF
0 11
0 20
1 16
1 24
2 7
2 11
3 4
3 20
4 7
4 12
5 19
5 28
6 2
6 22
7 17
7 23
8 6
8 15
9 26
9 29
10 12
10 24
11 5
11 8
12 3
12 22
13 13
13 28
14 0
14 21
15 0
15 4
16 6
16 16
17 19
17 25
18 27
18 29
19 1
19 2
20 1
20 8
21 9
21 18
22 25
22 27
23 13
23 21
24 3
24 18
25 14
25 26
26 5
26 17
27 10
27 23
28 9
28 10
29 14
29 15

# solution 38
# n=30 sym=dia1 status=verified source=flammenkamp_cache/n30_dia1
# code=/CI9G7BLPHI6O5H287C1OQT2G08DJNRPT1B4604DJNR3SQSEK593FAMEKLMAF
0 12
0 18
1 9
1 16
2 7
2 11
3 21
3 25
4 17
4 18
5 6
5 24
6 5
6 17
7 2
7 8
8 7
8 12
9 1
9 24
10 26
10 29
11 2
11 16
12 0
12 8
13 13
13 19
14 23
14 27
15 25
15 29
16 1
16 11
17 4
17 6
18 0
18 4
19 13
19 19
20 23
20 27
21 3
21 28
22 26
22 28
23 14
23 20
24 5
24 9
25 3
25 15
26 10
26 22
27 14
27 20
28 21
28 22
29 10
29 15

# solution 39
# n=30 sym=dia1 status=verified source=flammenkamp_cache/n30_dia1
# code=/CFBJ8L7JCF48BK24LRGNQS0D3D5KPT12HIPTNS093AOR7Q156GMO9HEM6EAI
0 12
0 15
1 11
1 19
2 8
2 21
3 7
3 19
4 12
4 15
5 4
5 8
6 11
6 20
7 2
7 4
8 21
8 27
9 16
9 23
10 26
10 28
11 0
11 13
12 3
12 13
13 5
13 20
14 25
14 29
15 1
15 2
16 17
16 18
17 25
17 29
18 23
18 28
19 0
19 9
20 3
20 10
21 24
21 27
22 7
22 26
23 1
23 5
24 6
24 16
25 22
25 24
26 9
26 17
27 14
27 22
28 6
28 14
29 10
29 18

# solution 40
# n=30 sym=dia1 status=verified source=flammenkamp_cache/n30_dia1
# code=/IM7D9I7QFJ8M9S135H26KSDPKR1BJN4TOR8O024EACPQ05ETGHBL3LCG6AFN
0 18
0 22
1 7
1 13
2 9
2 18
3 7
3 26
4 15
4 19
5 8
5 22
6 9
6 28
7 1
7 3
8 5
8 17
9 2
9 6
10 20
10 28
11 13
11 25
12 20
12 27
13 1
13 11
14 19
14 23
15 4
15 29
16 24
16 27
17 8
17 24
18 0
18 2
19 4
19 14
20 10
20 12
21 25
21 26
22 0
22 5
23 14
23 29
24 16
24 17
25 11
25 21
26 3
26 21
27 12
27 16
28 6
28 10
29 15
29 23

# solution 41
# n=30 sym=dia1 status=verified source=flammenkamp_cache/n30_dia1
# code=/7FCE3I59MNDJNPJP2H25MOER7L1A4TIS0O6S4ABG1Q06HT8CKQBF3RKL9G8D
0 7
0 15
1 12
1 14
2 3
2 18
3 5
3 9
4 22
4 23
5 13
5 19
6 23
6 25
7 19
7 25
8 2
8 17
9 2
9 5
10 22
10 24
11 14
11 27
12 7
12 21
13 1
13 10
14 4
14 29
15 18
15 28
16 0
16 24
17 6
17 28
18 4
18 10
19 11
19 16
20 1
20 26
21 0
21 6
22 17
22 29
23 8
23 12
24 20
24 26
25 11
25 15
26 3
26 27
27 20
27 21
28 9
28 16
29 8
29 13

# solution 42
# n=30 sym=dia1 status=verified source=flammenkamp_cache/n30_dia1
# code=/GK9E6MEGJN892RJL5T15KSLPDSCI13OQ03ITDH470A7B2R4PFQBNFO6MAC8H
0 16
0 20
1 9
1 14
2 6
2 22
3 14
3 16
4 19
4 23
5 8
5 9
6 2
6 27
7 19
7 21
8 5
8 29
9 1
9 5
10 20
10 28
11 21
11 25
12 13
12 28
13 12
13 18
14 1
14 3
15 24
15 26
16 0
16 3
17 18
17 29
18 13
18 17
19 4
19 7
20 0
20 10
21 7
21 11
22 2
22 27
23 4
23 25
24 15
24 26
25 11
25 23
26 15
26 24
27 6
27 22
28 10
28 12
29 8
29 17

# solution 43
# n=30 sym=dia1 status=verified source=flammenkamp_cache/n30_dia1
# code=/GLEO5K8BGL4S8K1HPTNR7JCI1MPT593S022IAQ9BAFNQ0J34FR6O6ECDHM7D
0 16
0 21
1 14
1 24
2 5
2 20
3 8
3 11
4 16
4 21
5 4
5 28
6 8
6 20
7 1
7 17
8 25
8 29
9 23
9 27
10 7
10 19
11 12
11 18
12 1
12 22
13 25
13 29
14 5
14 9
15 3
15 28
16 0
16 2
17 2
17 18
18 10
18 26
19 9
19 11
20 10
20 15
21 23
21 26
22 0
22 19
23 3
23 4
24 15
24 27
25 6
25 24
26 6
26 14
27 12
27 13
28 17
28 22
29 7
29 13

# solution 44
# n=30 sym=dia1 status=verified source=flammenkamp_cache/n30_dia1
# code=/KNBP5B8FIS7OJT136E1TANAP372E0QGL9D04RSIJ4D2QHO5L6R9CHM8GKMCF
0 20
0 23
1 11
1 25
2 5
2 11
3 8
3 15
4 18
4 28
5 7
5 24
6 19
6 29
7 1
7 3
8 6
8 14
9 1
9 29
10 10
10 23
11 10
11 25
12 3
12 7
13 2
13 14
14 0
14 26
15 16
15 21
16 9
16 13
17 0
17 4
18 27
18 28
19 18
19 19
20 4
20 13
21 2
21 26
22 17
22 24
23 5
23 21
24 6
24 27
25 9
25 12
26 17
26 22
27 8
27 16
28 20
28 22
29 12
29 15

# solution 45
# n=30 sym=dia1 status=verified source=flammenkamp_cache/n30_dia1
# code=/8OEHGMAE7PKT36JR7D4OJM19DS1R03QSHL249ABQBI5TLP5N68CKFN0CGI2F
0 8
0 24
1 14
1 17
2 16
2 22
3 10
3 14
4 7
4 25
5 20
5 29
6 3
6 6
7 19
7 27
8 7
8 13
9 4
9 24
10 19
10 22
11 1
11 9
12 13
12 28
13 1
13 27
14 0
14 3
15 26
15 28
16 17
16 21
17 2
17 4
18 9
18 10
19 11
19 26
20 11
20 18
21 5
21 29
22 21
22 25
23 5
23 23
24 6
24 8
25 12
25 20
26 15
26 23
27 0
27 12
28 16
28 18
29 2
29 15

# solution 46
# n=30 sym=dia1 status=verified source=flammenkamp_cache/n30_dia1
# code=/CE6J4GAP2R5B1DHMJQCO3R5B096N0QKS2T7LLT18FOHI7SDP9K3N8E4AFMGI
0 12
0 14
1 6
1 19
2 4
2 16
3 10
3 25
4 2
4 27
5 5
5 11
6 1
6 13
7 17
7 22
8 19
8 26
9 12
9 24
10 3
10 27
11 5
11 11
12 0
12 9
13 6
13 23
14 0
14 26
15 20
15 28
16 2
16 29
17 7
17 21
18 21
18 29
19 1
19 8
20 15
20 24
21 17
21 18
22 7
22 28
23 13
23 25
24 9
24 20
25 3
25 23
26 8
26 14
27 4
27 10
28 15
28 22
29 16
29 18

# solution 47
# n=30 sym=dia1 status=verified source=flammenkamp_cache/n30_dia1
# code=/246K0P3F0GKR1AHN9E8S6QIMQRIL8E3T4J7NBDGS15DTBO7HMP2OAC5C9JFL
0 2
0 4
1 6
1 20
2 0
2 25
3 3
3 15
4 0
4 16
5 20
5 27
6 1
6 10
7 17
7 23
8 9
8 14
9 8
9 28
10 6
10 26
11 18
11 22
12 26
12 27
13 18
13 21
14 8
14 14
15 3
15 29
16 4
16 19
17 7
17 23
18 11
18 13
19 16
19 28
20 1
20 5
21 13
21 29
22 11
22 24
23 7
23 17
24 22
24 25
25 2
25 24
26 10
26 12
27 5
27 12
28 9
28 19
29 15
29 21

# solution 48
# n=30 sym=dia1 status=verified source=flammenkamp_cache/n30_dia1
# code=/3AAKGI594PGNIO0C37DS0HNRDJOR6812HK1M69STBQ2F7LBF4Q5PLT8ECEJM
0 3
0 10
1 10
1 20
2 16
2 18
3 5
3 9
4 4
4 25
5 16
5 23
6 18
6 24
7 0
7 12
8 3
8 7
9 13
9 28
10 0
10 17
11 23
11 27
12 13
12 19
13 24
13 27
14 6
14 8
15 1
15 2
16 17
16 20
17 1
17 22
18 6
18 9
19 28
19 29
20 11
20 26
21 2
21 15
22 7
22 21
23 11
23 15
24 4
24 26
25 5
25 25
26 21
26 29
27 8
27 14
28 12
28 14
29 19
29 22

# solution 49
# n=30 sym=dia1 status=verified source=flammenkamp_cache/n30_dia1
# code=/BDHMHK67AOJPFNCS3A0RIOCJRS138N128TIM2TLP59DF5Q4Q7906GLBEEG4K
0 11
0 13
1 17
1 22
2 17
2 20
3 6
3 7
4 10
4 24
5 19
5 25
6 15
6 23
7 12
7 28
8 3
8 10
9 0
9 27
10 18
10 24
11 12
11 19
12 27
12 28
13 1
13 3
14 8
14 23
15 1
15 2
16 8
16 29
17 18
17 22
18 2
18 29
19 21
19 25
20 5
20 9
21 13
21 15
22 5
22 26
23 4
23 26
24 7
24 9
25 0
25 6
26 16
26 21
27 11
27 14
28 14
28 16
29 4
29 20

# solution 50
# n=30 sym=dia1 status=verified source=flammenkamp_cache/n30_dia1
# code=/KL56LN6DEK1913OP9B58QT8JHN3D4QRSIMCSGJBI0402GT2C7O7RAEFPFHAM
0 20
0 21
1 5
1 6
2 21
2 23
3 6
3 13
4 14
4 20
5 1
5 9
6 1
6 3
7 24
7 25
8 9
8 11
9 5
9 8
10 26
10 29
11 8
11 19
12 17
12 23
13 3
13 13
14 4
14 26
15 27
15 28
16 18
16 22
17 12
17 28
18 16
18 19
19 11
19 18
20 0
20 4
21 0
21 2
22 16
22 29
23 2
23 12
24 7
24 24
25 7
25 27
26 10
26 14
27 15
27 25
28 15
28 17
29 10
29 22

# solution 51
# n=30 sym=dia1 status=verified source=flammenkamp_cache/n30_dia1
# code=/6HNQ6E7A5I4N023MIOPT3DJMDJAC2SKORS0K48BCFHQT7B158F9R1LGPEG9L
0 6
0 17
1 23
1 26
2 6
2 14
3 7
3 10
4 5
4 18
5 4
5 23
6 0
6 2
7 3
7 22
8 18
8 24
9 25
9 29
10 3
10 13
11 19
11 22
12 13
12 19
13 10
13 12
14 2
14 28
15 20
15 24
16 27
16 28
17 0
17 20
18 4
18 8
19 11
19 12
20 15
20 17
21 26
21 29
22 7
22 11
23 1
23 5
24 8
24 15
25 9
25 27
26 1
26 21
27 16
27 25
28 14
28 16
29 9
29 21

# solution 52
# n=30 sym=dia1 status=verified source=flammenkamp_cache/n30_dia1
# code=/DOFH479G2QGLLQ287C3KCPES8A0NBJ1R351TMPEM9R56IJDT0OAI46FKBSHN
0 13
0 24
1 15
1 17
2 4
2 7
3 9
3 16
4 2
4 26
5 16
5 21
6 21
6 26
7 2
7 8
8 7
8 12
9 3
9 20
10 12
10 25
11 14
11 28
12 8
12 10
13 0
13 23
14 11
14 19
15 1
15 27
16 3
16 5
17 1
17 29
18 22
18 25
19 14
19 22
20 9
20 27
21 5
21 6
22 18
22 19
23 13
23 29
24 0
24 24
25 10
25 18
26 4
26 6
27 15
27 20
28 11
28 28
29 17
29 23

# solution 53
# n=30 sym=dia1 status=verified source=flammenkamp_cache/n30_dia1
# code=/7L5E2HAEKO1H6C09IP7M3KCS6BJS13RTJL258TDG4A0G9OQR4M8QNPFNBDFI
0 7
0 21
1 5
1 14
2 2
2 17
3 10
3 14
4 20
4 24
5 1
5 17
6 6
6 12
7 0
7 9
8 18
8 25
9 7
9 22
10 3
10 20
11 12
11 28
12 6
12 11
13 19
13 28
14 1
14 3
15 27
15 29
16 19
16 21
17 2
17 5
18 8
18 29
19 13
19 16
20 4
20 10
21 0
21 16
22 9
22 24
23 26
23 27
24 4
24 22
25 8
25 26
26 23
26 25
27 15
27 23
28 11
28 13
29 15
29 18

# solution 54
# n=30 sym=dia1 status=verified source=flammenkamp_cache/n30_dia1
# code=/EF1GAE67OPJP3F3CAIRS28LN7DCK02061TMQ8T5JDMBRHKBQ4S45HN9L9OGI
0 14
0 15
1 1
1 16
2 10
2 14
3 6
3 7
4 24
4 25
5 19
5 25
6 3
6 15
7 3
7 12
8 10
8 18
9 27
9 28
10 2
10 8
11 21
11 23
12 7
12 13
13 12
13 20
14 0
14 2
15 0
15 6
16 1
16 29
17 22
17 26
18 8
18 29
19 5
19 19
20 13
20 22
21 11
21 27
22 17
22 20
23 11
23 26
24 4
24 28
25 4
25 5
26 17
26 23
27 9
27 21
28 9
28 24
29 16
29 18

# solution 55
# n=30 sym=dia1 status=verified source=flammenkamp_cache/n30_dia1
# code=/BF6SFJ7M3B5HCG2Q0A3CIR0J5OENRT1G4DKNPT9L4A261Q8SHO9DKP8M7EIL
0 11
0 15
1 6
1 28
2 15
2 19
3 7
3 22
4 3
4 11
5 5
5 17
6 12
6 16
7 2
7 26
8 0
8 10
9 3
9 12
10 18
10 27
11 0
11 19
12 5
12 24
13 14
13 23
14 27
14 29
15 1
15 16
16 4
16 13
17 20
17 23
18 25
18 29
19 9
19 21
20 4
20 10
21 2
21 6
22 1
22 26
23 8
23 28
24 17
24 24
25 9
25 13
26 20
26 25
27 8
27 22
28 7
28 14
29 18
29 21

# solution 56
# n=30 sym=dia1 status=verified source=flammenkamp_cache/n30_dia1
# code=/FI8D6AMOIK3Q5BHQ1H1P57PTLM9E2T4G0S2BCN9RAG0S4J3RJN7E6OCFKL8D
0 15
0 18
1 8
1 13
2 6
2 10
3 22
3 24
4 18
4 20
5 3
5 26
6 5
6 11
7 17
7 26
8 1
8 17
9 1
9 25
10 5
10 7
11 25
11 29
12 21
12 22
13 9
13 14
14 2
14 29
15 4
15 16
16 0
16 28
17 2
17 11
18 12
18 23
19 9
19 27
20 10
20 16
21 0
21 28
22 4
22 19
23 3
23 27
24 19
24 23
25 7
25 14
26 6
26 24
27 12
27 15
28 20
28 21
29 8
29 13

# solution 57
# n=30 sym=dia1 status=verified source=flammenkamp_cache/n30_dia1
# code=/7CEH3NKQ49GJLR5AHNDQ4O8DLS9O161SIK6T02AMGP0I5TCF7MJP2R3BEF8B
0 7
0 12
1 14
1 17
2 3
2 23
3 20
3 26
4 4
4 9
5 16
5 19
6 21
6 27
7 5
7 10
8 17
8 23
9 13
9 26
10 4
10 24
11 8
11 13
12 21
12 28
13 9
13 24
14 1
14 6
15 1
15 28
16 18
16 20
17 6
17 29
18 0
18 2
19 10
19 22
20 16
20 25
21 0
21 18
22 5
22 29
23 12
23 15
24 7
24 22
25 19
25 25
26 2
26 27
27 3
27 11
28 14
28 15
29 8
29 11

# solution 58
# n=30 sym=dia1 status=verified source=flammenkamp_cache/n30_dia1
# code=/GKEN9B6MIR9P36GTBD25IS28HK8D1TMQ07CS4ALN0CJR3F1JPQ5OFO4LAH7E
0 16
0 20
1 14
1 23
2 9
2 11
3 6
3 22
4 18
4 27
5 9
5 25
6 3
6 6
7 16
7 29
8 11
8 13
9 2
9 5
10 18
10 28
11 2
11 8
12 17
12 20
13 8
13 13
14 1
14 29
15 22
15 26
16 0
16 7
17 12
17 28
18 4
18 10
19 21
19 23
20 0
20 12
21 19
21 27
22 3
22 15
23 1
23 19
24 25
24 26
25 5
25 24
26 15
26 24
27 4
27 21
28 10
28 17
29 7
29 14

# solution 59
# n=30 sym=dia1 status=verified source=flammenkamp_cache/n30_dia1
# code=/GJ8FMPBC4R6I1BJR570CMTHOEI5T0S9H49KQNQ26DE2S7LAOGLDP138A3NFK
0 16
0 19
1 8
1 15
2 22
2 25
3 11
3 12
4 4
4 27
5 6
5 18
6 1
6 11
7 19
7 27
8 5
8 7
9 0
9 12
10 22
10 29
11 17
11 24
12 14
12 18
13 5
13 29
14 0
14 28
15 9
15 17
16 4
16 9
17 20
17 26
18 23
18 26
19 2
19 6
20 13
20 14
21 2
21 28
22 7
22 21
23 10
23 24
24 16
24 21
25 13
25 25
26 1
26 3
27 8
27 10
28 3
28 23
29 15
29 20

# solution 60
# n=30 sym=dia1 status=verified source=flammenkamp_cache/n30_dia1
# code=/3F1RAM0IDG6R58BN6IKQ2D7BJT4AKN0T4OMS38CO9EPS2H7EGJLQ9P15HLCF
0 3
0 15
1 1
1 27
2 10
2 22
3 0
3 18
4 13
4 16
5 6
5 27
6 5
6 8
7 11
7 23
8 6
8 18
9 20
9 26
10 2
10 13
11 7
11 11
12 19
12 29
13 4
13 10
14 20
14 23
15 0
15 29
16 4
16 24
17 22
17 28
18 3
18 8
19 12
19 24
20 9
20 14
21 25
21 28
22 2
22 17
23 7
23 14
24 16
24 19
25 21
25 26
26 9
26 25
27 1
27 5
28 17
28 21
29 12
29 15

# solution 61
# n=30 sym=dia1 status=verified source=flammenkamp_cache/n30_dia1
# code=/AF6D6MKQ3DJN9O2R1L9QGO174EEJ0TGHPS08258TKNAC3IRS4B5H7PBMILCF
0 10
0 15
1 6
1 13
2 6
2 22
3 20
3 26
4 3
4 13
5 19
5 23
6 9
6 24
7 2
7 27
8 1
8 21
9 9
9 26
10 16
10 24
11 1
11 7
12 4
12 14
13 14
13 19
14 0
14 29
15 16
15 17
16 25
16 28
17 0
17 8
18 2
18 5
19 8
19 29
20 20
20 23
21 10
21 12
22 3
22 18
23 27
23 28
24 4
24 11
25 5
25 17
26 7
26 25
27 11
27 22
28 18
28 21
29 12
29 15

# solution 62
# n=30 sym=dia1 status=verified source=flammenkamp_cache/n30_dia1
# code=/9HAC2KLN6O7F4J5QFM091RPR1JETDI58OS0TEL6C2N3I8S3K4GBQ7PABGMDH
0 9
0 17
1 10
1 12
2 2
2 20
3 21
3 23
4 6
4 24
5 7
5 15
6 4
6 19
7 5
7 26
8 15
8 22
9 0
9 9
10 1
10 27
11 25
11 27
12 1
12 19
13 14
13 29
14 13
14 18
15 5
15 8
16 24
16 28
17 0
17 29
18 14
18 21
19 6
19 12
20 2
20 23
21 3
21 18
22 8
22 28
23 3
23 20
24 4
24 16
25 11
25 26
26 7
26 25
27 10
27 11
28 16
28 22
29 13
29 17

# solution 63
# n=30 sym=dia1 status=verified source=flammenkamp_cache/n30_dia1
# code=/AF7O7K4I3KDQRT12BFHP0M8IOQ5EDS08LP9S3BLT24GJAMNR1C9G5C6NEH6J
0 10
0 15
1 7
1 24
2 7
2 20
3 4
3 18
4 3
4 20
5 13
5 26
6 27
6 29
7 1
7 2
8 11
8 15
9 17
9 25
10 0
10 22
11 8
11 18
12 24
12 26
13 5
13 14
14 13
14 28
15 0
15 8
16 21
16 25
17 9
17 28
18 3
18 11
19 21
19 29
20 2
20 4
21 16
21 19
22 10
22 22
23 23
23 27
24 1
24 12
25 9
25 16
26 5
26 12
27 6
27 23
28 14
28 17
29 6
29 19

# solution 64
# n=30 sym=dia1 status=verified source=flammenkamp_cache/n30_dia1
# code=/DFBH68IN7PEQ2S4G2CQTIR1J8C0E5D0L7S1T3ABLMPFJKR3ONO4K59AM6G9H
0 13
0 15
1 11
1 17
2 6
2 8
3 18
3 23
4 7
4 25
5 14
5 26
6 2
6 28
7 4
7 16
8 2
8 12
9 26
9 29
10 18
10 27
11 1
11 19
12 8
12 12
13 0
13 14
14 5
14 13
15 0
15 21
16 7
16 28
17 1
17 29
18 3
18 10
19 11
19 21
20 22
20 25
21 15
21 19
22 20
22 27
23 3
23 24
24 23
24 24
25 4
25 20
26 5
26 9
27 10
27 22
28 6
28 16
29 9
29 17

# solution 65
# n=30 sym=dia1 status=verified source=flammenkamp_cache/n30_dia1
# code=/LP9M7DFJ9FCR6K2M8C14NOHR582EDT34QTBIHL3S6Q0I17APAS0NGK5BJOEG
0 21
0 25
1 9
1 22
2 7
2 13
3 15
3 19
4 9
4 15
5 12
5 27
6 6
6 20
7 2
7 22
8 8
8 12
9 1
9 4
10 23
10 24
11 17
11 27
12 5
12 8
13 2
13 14
14 13
14 29
15 3
15 4
16 26
16 29
17 11
17 18
18 17
18 21
19 3
19 28
20 6
20 26
21 0
21 18
22 1
22 7
23 10
23 25
24 10
24 28
25 0
25 23
26 16
26 20
27 5
27 11
28 19
28 24
29 14
29 16

# solution 66
# n=30 sym=dia1 status=verified source=flammenkamp_cache/n30_dia1
# code=/9FFJ488K247QGS5C230TPTEJ7OEKBD016GOPMS1B3DMRILQRCHAH5NLN6I9A
0 9
0 15
1 15
1 19
2 4
2 8
3 8
3 20
4 2
4 4
5 7
5 26
6 16
6 28
7 5
7 12
8 2
8 3
9 0
9 29
10 25
10 29
11 14
11 19
12 7
12 24
13 14
13 20
14 11
14 13
15 0
15 1
16 6
16 16
17 24
17 25
18 22
18 28
19 1
19 11
20 3
20 13
21 22
21 27
22 18
22 21
23 26
23 27
24 12
24 17
25 10
25 17
26 5
26 23
27 21
27 23
28 6
28 18
29 9
29 10

# solution 67
# n=30 sym=dia1 status=verified source=flammenkamp_cache/n30_dia1
# code=/GHKL6BLO4BJQ3C06QSESCO794TET59GK15JNPR01FI788IMRDFHP2N23ADAM
0 16
0 17
1 20
1 21
2 6
2 11
3 21
3 24
4 4
4 11
5 19
5 26
6 3
6 12
7 0
7 6
8 26
8 28
9 14
9 28
10 12
10 24
11 7
11 9
12 4
12 29
13 14
13 29
14 5
14 9
15 16
15 20
16 1
16 5
17 19
17 23
18 25
18 27
19 0
19 1
20 15
20 18
21 7
21 8
22 8
22 18
23 22
23 27
24 13
24 15
25 17
25 25
26 2
26 23
27 2
27 3
28 10
28 13
29 10
29 22

# solution 68
# n=30 sym=dia1 status=verified source=flammenkamp_cache/n30_dia1
# code=/CD8BKO56FJMRCKFO37NRAP3712BEMP0G4TNTGS2J148SIL5Q6Q9DILAH9H0E
0 12
0 13
1 8
1 11
2 20
2 24
3 5
3 6
4 15
4 19
5 22
5 27
6 12
6 20
7 15
7 24
8 3
8 7
9 23
9 27
10 10
10 25
11 3
11 7
12 1
12 2
13 11
13 14
14 22
14 25
15 0
15 16
16 4
16 29
17 23
17 29
18 16
18 28
19 2
19 19
20 1
20 4
21 8
21 28
22 18
22 21
23 5
23 26
24 6
24 26
25 9
25 13
26 18
26 21
27 10
27 17
28 9
28 17
29 0
29 14

# solution 69
# n=30 sym=dia1 status=verified source=flammenkamp_cache/n30_dia1
# code=/EHABKMHI9P5KAOBROR4I1617EJPQ0CLSLS0339CT25FG2NMQ684DDN78FGJT
0 14
0 17
1 10
1 11
2 20
2 22
3 17
3 18
4 9
4 25
5 5
5 20
6 10
6 24
7 11
7 27
8 24
8 27
9 4
9 18
10 1
10 6
11 1
11 7
12 14
12 19
13 25
13 26
14 0
14 12
15 21
15 28
16 21
16 28
17 0
17 3
18 3
18 9
19 12
19 29
20 2
20 5
21 15
21 16
22 2
22 23
23 22
23 26
24 6
24 8
25 4
25 13
26 13
26 23
27 7
27 8
28 15
28 16
29 19
29 29

# solution 70
# n=30 sym=dia1 status=verified source=flammenkamp_cache/n30_dia1
# code=/0KDE7M5FCJ38BT2N5NGJOQ6S4E1R1C3M9HGLRT490QHL2F78APOSAKDIBP6I
0 0
0 20
1 13
1 14
2 7
2 22
3 5
3 15
4 12
4 19
5 3
5 8
6 11
6 29
7 2
7 23
8 5
8 23
9 16
9 19
10 24
10 26
11 6
11 28
12 4
12 14
13 1
13 27
14 1
14 12
15 3
15 22
16 9
16 17
17 16
17 21
18 27
18 29
19 4
19 9
20 0
20 26
21 17
21 21
22 2
22 15
23 7
23 8
24 10
24 25
25 24
25 28
26 10
26 20
27 13
27 18
28 11
28 25
29 6
29 18

# solution 71
# n=30 sym=dia1 status=verified source=flammenkamp_cache/n30_dia1
# code=/DSFH8K6IBN6F35GM2PGMET4REI0LAC15791J3CHR2NDQ794KST8QLPBJ0OAO
0 13
0 28
1 15
1 17
2 8
2 20
3 6
3 18
4 11
4 23
5 6
5 15
6 3
6 5
7 16
7 22
8 2
8 25
9 16
9 22
10 14
10 29
11 4
11 27
12 14
12 18
13 0
13 21
14 10
14 12
15 1
15 5
16 7
16 9
17 1
17 19
18 3
18 12
19 17
19 27
20 2
20 23
21 13
21 26
22 7
22 9
23 4
23 20
24 28
24 29
25 8
25 26
26 21
26 25
27 11
27 19
28 0
28 24
29 10
29 24

# solution 72
# n=30 sym=dia1 status=verified source=flammenkamp_cache/n30_dia1
# code=/BC7PINFOIQAJ7B16NRCS5J0609KLET3HOPFR245ADMDSKQ283G1G4M8H9LET
0 11
0 12
1 7
1 25
2 18
2 23
3 15
3 24
4 18
4 26
5 10
5 19
6 7
6 11
7 1
7 6
8 23
8 27
9 12
9 28
10 5
10 19
11 0
11 6
12 0
12 9
13 20
13 21
14 14
14 29
15 3
15 17
16 24
16 25
17 15
17 27
18 2
18 4
19 5
19 10
20 13
20 22
21 13
21 28
22 20
22 26
23 2
23 8
24 3
24 16
25 1
25 16
26 4
26 22
27 8
27 17
28 9
28 21
29 14
29 29

# solution 73
# n=30 sym=dia1 status=verified source=flammenkamp_cache/n30_dia1
# code=/8I8I5A3HAQ2OJL9O017D24PRGM9DQTHRCN3F016SLT6KCNGM57BS4EBFJPEK
0 8
0 18
1 8
1 18
2 5
2 10
3 3
3 17
4 10
4 26
5 2
5 24
6 19
6 21
7 9
7 24
8 0
8 1
9 7
9 13
10 2
10 4
11 25
11 27
12 16
12 22
13 9
13 13
14 26
14 29
15 17
15 27
16 12
16 23
17 3
17 15
18 0
18 1
19 6
19 28
20 21
20 29
21 6
21 20
22 12
22 23
23 16
23 22
24 5
24 7
25 11
25 28
26 4
26 14
27 11
27 15
28 19
28 25
29 14
29 20

# solution 74
# n=30 sym=dia1 status=verified source=flammenkamp_cache/n30_dia1
# code=/AE7G25JRBN2QDM1TDGBK0N49EK680CQS18HIHM3S9CPR6I4APTLO5F3LFJ7O
0 10
0 14
1 7
1 16
2 2
2 5
3 19
3 27
4 11
4 23
5 2
5 26
6 13
6 22
7 1
7 29
8 13
8 16
9 11
9 20
10 0
10 23
11 4
11 9
12 14
12 20
13 6
13 8
14 0
14 12
15 26
15 28
16 1
16 8
17 17
17 18
18 17
18 22
19 3
19 28
20 9
20 12
21 25
21 27
22 6
22 18
23 4
23 10
24 25
24 29
25 21
25 24
26 5
26 15
27 3
27 21
28 15
28 19
29 7
29 24

# solution 75
# n=30 sym=dia1 status=verified source=flammenkamp_cache/n30_dia1
# code=/CJ7GBC4L083AJMFN5Q0GNT45BEKS2M2H68RTHR1O39DP6S7DILIQ9OEF1AKP
0 12
0 19
1 7
1 16
2 11
2 12
3 4
3 21
4 0
4 8
5 3
5 10
6 19
6 22
7 15
7 23
8 5
8 26
9 0
9 16
10 23
10 29
11 4
11 5
12 11
12 14
13 20
13 28
14 2
14 22
15 2
15 17
16 6
16 8
17 27
17 29
18 17
18 27
19 1
19 24
20 3
20 9
21 13
21 25
22 6
22 28
23 7
23 13
24 18
24 21
25 18
25 26
26 9
26 24
27 14
27 15
28 1
28 10
29 20
29 25

# solution 76
# n=30 sym=dia1 status=verified source=flammenkamp_cache/n30_dia1
# code=/JLGMAEFLNO695S8N7S5Q2AEIJTDT2B3P1MKQBR0CHO031G474KFR9HIP68CD
0 19
0 21
1 16
1 22
2 10
2 14
3 15
3 21
4 23
4 24
5 6
5 9
6 5
6 28
7 8
7 23
8 7
8 28
9 5
9 26
10 2
10 10
11 14
11 18
12 19
12 29
13 13
13 29
14 2
14 11
15 3
15 25
16 1
16 22
17 20
17 26
18 11
18 27
19 0
19 12
20 17
20 24
21 0
21 3
22 1
22 16
23 4
23 7
24 4
24 20
25 15
25 27
26 9
26 17
27 18
27 25
28 6
28 8
29 12
29 13

# solution 77
# n=30 sym=dia1 status=verified source=flammenkamp_cache/n30_dia1
# code=/9AEN9B3HOSDOAHKQMQ02062EJR5D1BPRJL36KTCG7IGP8N1M45FL78CF4TIS
0 9
0 10
1 14
1 23
2 9
2 11
3 3
3 17
4 24
4 28
5 13
5 24
6 10
6 17
7 20
7 26
8 22
8 26
9 0
9 2
10 0
10 6
11 2
11 14
12 19
12 27
13 5
13 13
14 1
14 11
15 25
15 27
16 19
16 21
17 3
17 6
18 20
18 29
19 12
19 16
20 7
20 18
21 16
21 25
22 8
22 23
23 1
23 22
24 4
24 5
25 15
25 21
26 7
26 8
27 12
27 15
28 4
28 29
29 18
29 28

# solution 78
# n=30 sym=dia1 status=verified source=flammenkamp_cache/n30_dia1
# code=/JM8MAI5Q4L8E5JSTDP2FNTFR342EIKGO0L3B0C7R17OS9A16NQHPCHGK69BD
0 19
0 22
1 8
1 22
2 10
2 18
3 5
3 26
4 4
4 21
5 8
5 14
6 5
6 19
7 28
7 29
8 13
8 25
9 2
9 15
10 23
10 29
11 15
11 27
12 3
12 4
13 2
13 14
14 18
14 20
15 16
15 24
16 0
16 21
17 3
17 11
18 0
18 12
19 7
19 27
20 1
20 7
21 24
21 28
22 9
22 10
23 1
23 6
24 23
24 26
25 17
25 25
26 12
26 17
27 16
27 20
28 6
28 9
29 11
29 13

# solution 79
# n=30 sym=dia1 status=verified source=flammenkamp_cache/n30_dia1
# code=/4H1L9JFN0ABQOSHLBF2S4A58DOCQIJ38RT07EN2EMT17KP3I6CMR5DGP69GK
0 4
0 17
1 1
1 21
2 9
2 19
3 15
3 23
4 0
4 10
5 11
5 26
6 24
6 28
7 17
7 21
8 11
8 15
9 2
9 28
10 4
10 10
11 5
11 8
12 13
12 24
13 12
13 26
14 18
14 19
15 3
15 8
16 27
16 29
17 0
17 7
18 14
18 23
19 2
19 14
20 22
20 29
21 1
21 7
22 20
22 25
23 3
23 18
24 6
24 12
25 22
25 27
26 5
26 13
27 16
27 25
28 6
28 9
29 16
29 20

# solution 80
# n=30 sym=dia1 status=verified source=flammenkamp_cache/n30_dia1
# code=/8ACI2K7F9PLO8F4K6OMR29ES0D37NQ1IBH1S5D4TJPNTGQ5L6BAM0GJRCE3H
0 8
0 10
1 12
1 18
2 2
2 20
3 7
3 15
4 9
4 25
5 21
5 24
6 8
6 15
7 4
7 20
8 6
8 24
9 22
9 27
10 2
10 9
11 14
11 28
12 0
12 13
13 3
13 7
14 23
14 26
15 1
15 18
16 11
16 17
17 1
17 28
18 5
18 13
19 4
19 29
20 19
20 25
21 23
21 29
22 16
22 26
23 5
23 21
24 6
24 11
25 10
25 22
26 0
26 16
27 19
27 27
28 12
28 14
29 3
29 17

# solution 81
# n=30 sym=dia1 status=verified source=flammenkamp_cache/n30_dia1
# code=/5HAC8AHJNR0EJOMT28CO12FL19LT5EBQMS03PS36PRBD7G4Q69IKFN4KGI7D
0 5
0 17
1 10
1 12
2 8
2 10
3 17
3 19
4 23
4 27
5 0
5 14
6 19
6 24
7 22
7 29
8 2
8 8
9 12
9 24
10 1
10 2
11 15
11 21
12 1
12 9
13 21
13 29
14 5
14 14
15 11
15 26
16 22
16 28
17 0
17 3
18 25
18 28
19 3
19 6
20 25
20 27
21 11
21 13
22 7
22 16
23 4
23 26
24 6
24 9
25 18
25 20
26 15
26 23
27 4
27 20
28 16
28 18
29 7
29 13

# solution 82
# n=30 sym=dia1 status=verified source=flammenkamp_cache/n30_dia1
# code=/0A1QBF9H5R4EKMMNFP3D0E2NKO9S5A28JT3RLTGO6CIS677BCJ8Q1P4HDLGI
0 0
0 10
1 1
1 26
2 11
2 15
3 9
3 17
4 5
4 27
5 4
5 14
6 20
6 22
7 22
7 23
8 15
8 25
9 3
9 13
10 0
10 14
11 2
11 23
12 20
12 24
13 9
13 28
14 5
14 10
15 2
15 8
16 19
16 29
17 3
17 27
18 21
18 29
19 16
19 24
20 6
20 12
21 18
21 28
22 6
22 7
23 7
23 11
24 12
24 19
25 8
25 26
26 1
26 25
27 4
27 17
28 13
28 21
29 16
29 18

# solution 83
# n=30 sym=dia1 status=verified source=flammenkamp_cache/n30_dia1
# code=/FMBJ8C4P34ELHQBS28COEH1729QT5A0LRS6AJN1IRT5F0OIP9M3N6DGK7GDK
0 15
0 22
1 11
1 19
2 8
2 12
3 4
3 25
4 3
4 4
5 14
5 21
6 17
6 26
7 11
7 28
8 2
8 8
9 12
9 24
10 14
10 17
11 1
11 7
12 2
12 9
13 26
13 29
14 5
14 10
15 0
15 21
16 27
16 28
17 6
17 10
18 19
18 23
19 1
19 18
20 27
20 29
21 5
21 15
22 0
22 24
23 18
23 25
24 9
24 22
25 3
25 23
26 6
26 13
27 16
27 20
28 7
28 16
29 13
29 20

# solution 84
# n=30 sym=dia1 status=verified source=flammenkamp_cache/n30_dia1
# code=/BG9GAD6JNQ8K3NCS5I192R0P7C2KIOJT01OT8E3F5DMRLS46EHBQ4PAL7MFH
0 11
0 16
1 9
1 16
2 10
2 13
3 6
3 19
4 23
4 26
5 8
5 20
6 3
6 23
7 12
7 28
8 5
8 18
9 1
9 9
10 2
10 27
11 0
11 25
12 7
12 12
13 2
13 20
14 18
14 24
15 19
15 29
16 0
16 1
17 24
17 29
18 8
18 14
19 3
19 15
20 5
20 13
21 22
21 27
22 21
22 28
23 4
23 6
24 14
24 17
25 11
25 26
26 4
26 25
27 10
27 21
28 7
28 22
29 15
29 17

# solution 85
# n=30 sym=dia1 status=verified source=flammenkamp_cache/n30_dia1
# code=/GI4MAB5O1534GNCEMPJN2P2E7RDI7BJR06ST0D9FLOKT18693K8AQSCFHQHL
0 16
0 18
1 4
1 22
2 10
2 11
3 5
3 24
4 1
4 5
5 3
5 4
6 16
6 23
7 12
7 14
8 22
8 25
9 19
9 23
10 2
10 25
11 2
11 14
12 7
12 27
13 13
13 18
14 7
14 11
15 19
15 27
16 0
16 6
17 28
17 29
18 0
18 13
19 9
19 15
20 21
20 24
21 20
21 29
22 1
22 8
23 6
23 9
24 3
24 20
25 8
25 10
26 26
26 28
27 12
27 15
28 17
28 26
29 17
29 21

# solution 86
# n=30 sym=dia1 status=verified source=flammenkamp_cache/n30_dia1
# code=/4KCE59FJMN7EKP5P0DNTBQ266C23AQOS1LHSBJ3F0R481OHIMR8TAGGI7D9L
0 4
0 20
1 12
1 14
2 5
2 9
3 15
3 19
4 22
4 23
5 7
5 14
6 20
6 25
7 5
7 25
8 0
8 13
9 23
9 29
10 11
10 26
11 2
11 6
12 6
12 12
13 2
13 3
14 10
14 26
15 24
15 28
16 1
16 21
17 17
17 28
18 11
18 19
19 3
19 15
20 0
20 27
21 4
21 8
22 1
22 24
23 17
23 18
24 22
24 27
25 8
25 29
26 10
26 16
27 16
27 18
28 7
28 13
29 9
29 21

# solution 87
# n=30 sym=dia1 status=verified source=flammenkamp_cache/n30_dia1
# code=/FK9QANFQADGIKS9CNT1724HP7C4TJP035JBR5REG06MSLO28MOBE13HI6L8D
0 15
0 20
1 9
1 26
2 10
2 23
3 15
3 26
4 10
4 13
5 16
5 18
6 20
6 28
7 9
7 12
8 23
8 29
9 1
9 7
10 2
10 4
11 17
11 25
12 7
12 12
13 4
13 29
14 19
14 25
15 0
15 3
16 5
16 19
17 11
17 27
18 5
18 27
19 14
19 16
20 0
20 6
21 22
21 28
22 21
22 24
23 2
23 8
24 22
24 24
25 11
25 14
26 1
26 3
27 17
27 18
28 6
28 21
29 8
29 13

# solution 88
# n=30 sym=dia1 status=verified source=flammenkamp_cache/n30_dia1
# code=/CM0EINCD7L9DKR2T5P7N1GIR06EJ3AGSOQQT1ABF4O26KP8H4L593F8MBJHS
0 12
0 22
1 0
1 14
2 18
2 23
3 12
3 13
4 7
4 21
5 9
5 13
6 20
6 27
7 2
7 29
8 5
8 25
9 7
9 23
10 1
10 16
11 18
11 27
12 0
12 6
13 14
13 19
14 3
14 10
15 16
15 28
16 24
16 26
17 26
17 29
18 1
18 10
19 11
19 15
20 4
20 24
21 2
21 6
22 20
22 25
23 8
23 17
24 4
24 21
25 5
25 9
26 3
26 15
27 8
27 22
28 11
28 19
29 17
29 28

