# solution 1
# n=30 sym=rot4 status=verified source=flammenkamp_cache/n30_rot4
# code=oKQCD7805HMKQBD4RJR058BJN4SNSEFEF161P6AILOT2A2PGI397COTLMGH39
0 20
0 26
1 12
1 13
2 7
2 8
3 0
3 5
4 17
4 22
5 20
5 26
6 11
6 13
7 4
7 27
8 19
8 27
9 0
9 5
10 8
10 11
11 19
11 23
12 4
12 28
13 23
13 28
14 14
14 15
15 14
15 15
16 1
16 6
17 1
17 25
18 6
18 10
19 18
19 21
20 24
20 29
21 2
21 10
22 2
22 25
23 16
23 18
24 3
24 9
25 7
25 12
26 24
26 29
27 21
27 22
28 16
28 17
29 3
29 9

# solution 2
# n=30 sym=rot4 status=verified source=flammenkamp_cache/n30_rot4
# code=oGI9N6HACJL7D1R9O4BMS4Q0L2Q0OEFEF5T3R8T3P17IP5K2SGM8AHJCN6KBD
0 16
0 18
1 9
1 23
2 6
2 17
3 10
3 12
4 19
4 21
5 7
5 13
6 1
6 27
7 9
7 24
8 4
8 11
9 22
9 28
10 4
10 26
11 0
11 21
12 2
12 26
13 0
13 24
14 14
14 15
15 14
15 15
16 5
16 29
17 3
17 27
18 8
18 29
19 3
19 25
20 1
20 7
21 18
21 25
22 5
22 20
23 2
23 28
24 16
24 22
25 8
25 10
26 17
26 19
27 12
27 23
28 6
28 20
29 11
29 13

# solution 3
# n=30 sym=rot4 status=verified source=flammenkamp_cache/n30_rot4
# code=oIRBD0L78DHAMHK5Q2Q6AKO0S46PSEFEF14NP1T59JN3R3O9C7JCGLM8TGI2B
0 18
0 27
1 11
1 13
2 0
2 21
3 7
3 8
4 13
4 17
5 10
5 22
6 17
6 20
7 5
7 26
8 2
8 26
9 6
9 10
10 20
10 24
11 0
11 28
12 4
12 6
13 25
13 28
14 14
14 15
15 14
15 15
16 1
16 4
17 23
17 25
18 1
18 29
19 5
19 9
20 19
20 23
21 3
21 27
22 3
22 24
23 9
23 12
24 7
24 19
25 12
25 16
26 21
26 22
27 8
27 29
28 16
28 18
29 2
29 11

# solution 4
# n=30 sym=rot4 status=verified source=flammenkamp_cache/n30_rot4
# code=o9G9BHN8JGMAI2C48MQST3O5S2N04EFEFPT6R1O5Q0137LPHRBJ7DAL6CIKDK
0 9
0 16
1 9
1 11
2 17
2 23
3 8
3 19
4 16
4 22
5 10
5 18
6 2
6 12
7 4
7 8
8 22
8 26
9 28
9 29
10 3
10 24
11 5
11 28
12 2
12 23
13 0
13 4
14 14
14 15
15 14
15 15
16 25
16 29
17 6
17 27
18 1
18 24
19 5
19 26
20 0
20 1
21 3
21 7
22 21
22 25
23 17
23 27
24 11
24 19
25 7
25 13
26 10
26 21
27 6
27 12
28 18
28 20
29 13
29 20

# solution 5
# n=30 sym=rot4 status=verified source=flammenkamp_cache/n30_rot4
# code=o69HL6OEGAH2LRT7M15BTBPJK143EGQ3DFQPS9A4I0IOS7M028RCJDF5N8CKN
0 6
0 9
1 17
1 21
2 6
2 24
3 14
3 16
4 10
4 17
5 2
5 21
6 27
6 29
7 7
7 22
8 1
8 5
9 11
9 29
10 11
10 25
11 19
11 20
12 1
12 4
13 3
13 14
14 16
14 26
15 3
15 13
16 15
16 26
17 25
17 28
18 9
18 10
19 4
19 18
20 0
20 18
21 24
21 28
22 7
22 22
23 0
23 2
24 8
24 27
25 12
25 19
26 13
26 15
27 5
27 23
28 8
28 12
29 20
29 23

# solution 6
# n=30 sym=rot4 status=verified source=flammenkamp_cache/n30_rot4
# code=oCIBQ7L179HGN59QR2FNPAJ0S4T5E8GDLFO0P1TAJ46ER23KO6DCKMS8M3IBH
0 12
0 18
1 11
1 26
2 7
2 21
3 1
3 7
4 9
4 17
5 16
5 23
6 5
6 9
7 26
7 27
8 2
8 15
9 23
9 25
10 10
10 19
11 0
11 28
12 4
12 29
13 5
13 14
14 8
14 16
15 13
15 21
16 15
16 24
17 0
17 25
18 1
18 29
19 10
19 19
20 4
20 6
21 14
21 27
22 2
22 3
23 20
23 24
24 6
24 13
25 12
25 20
26 22
26 28
27 8
27 22
28 3
28 18
29 11
29 17

# solution 7
# n=30 sym=rot4 status=verified source=flammenkamp_cache/n30_rot4
# code=o8ADILO4CKQ29CFBJ2T4O7T1MNQES6GDN1F367S0M5P0RAIEHKR39HP58BGJL
0 8
0 10
1 13
1 18
2 21
2 24
3 4
3 12
4 20
4 26
5 2
5 9
6 12
6 15
7 11
7 19
8 2
8 29
9 4
9 24
10 7
10 29
11 1
11 22
12 23
12 26
13 14
13 28
14 6
14 16
15 13
15 23
16 1
16 15
17 3
17 6
18 7
18 28
19 0
19 22
20 5
20 25
21 0
21 27
22 10
22 18
23 14
23 17
24 20
24 27
25 3
25 9
26 17
26 25
27 5
27 8
28 11
28 16
29 19
29 21

# solution 8
# n=30 sym=rot4 status=verified source=flammenkamp_cache/n30_rot4
# code=o9JCPIL8P13CDIJEK2Q7T0626OSEOGM7D5F15NRNT0M3R9FABGHQS4L8B4HAK
0 9
0 19
1 12
1 25
2 18
2 21
3 8
3 25
4 1
4 3
5 12
5 13
6 18
6 19
7 14
7 20
8 2
8 26
9 7
9 29
10 0
10 6
11 2
11 6
12 24
12 28
13 14
13 24
14 16
14 22
15 7
15 13
16 5
16 15
17 1
17 5
18 23
18 27
19 23
19 29
20 0
20 22
21 3
21 27
22 9
22 15
23 10
23 11
24 16
24 17
25 26
25 28
26 4
26 21
27 8
27 11
28 4
28 17
29 10
29 20

# solution 9
# n=30 sym=rot4 status=verified source=flammenkamp_cache/n30_rot4
# code=oHJFO8A6L7C1KBQGP3R5B0RKN0P7E1GDSFM4T692TIO2Q4D3I9SHM8NJL5EAC
0 17
0 19
1 15
1 24
2 8
2 10
3 6
3 21
4 7
4 12
5 1
5 20
6 11
6 26
7 16
7 25
8 3
8 27
9 5
9 11
10 0
10 27
11 20
11 23
12 0
12 25
13 7
13 14
14 1
14 16
15 13
15 28
16 15
16 22
17 4
17 29
18 6
18 9
19 2
19 29
20 18
20 24
21 2
21 26
22 4
22 13
23 3
23 18
24 9
24 28
25 17
25 22
26 8
26 23
27 19
27 21
28 5
28 14
29 10
29 12

# solution 10
# n=30 sym=rot4 status=verified source=flammenkamp_cache/n30_rot4
# code=oHL6LBE4NJQAG3SBK017D4OMR0E5KHR2C9OFT275PGMST9I1QDJ3A6PFI8N8C
0 17
0 21
1 6
1 21
2 11
2 14
3 4
3 23
4 19
4 26
5 10
5 16
6 3
6 28
7 11
7 20
8 0
8 1
9 7
9 13
10 4
10 24
11 22
11 27
12 0
12 14
13 5
13 20
14 17
14 27
15 2
15 12
16 9
16 24
17 15
17 29
18 2
18 7
19 5
19 25
20 16
20 22
21 28
21 29
22 9
22 18
23 1
23 26
24 13
24 19
25 3
25 10
26 6
26 25
27 15
27 18
28 8
28 23
29 8
29 12

# solution 11
# n=30 sym=rot4 status=verified source=flammenkamp_cache/n30_rot4
# code=o595BIQ2GJLST9M6E4GNT4C2SEJ38HM7CLQAF1RHP06DPFN7K018ADR3BIOKO
0 5
0 9
1 5
1 11
2 18
2 26
3 2
3 16
4 19
4 21
5 28
5 29
6 9
6 22
7 6
7 14
8 4
8 16
9 23
9 29
10 4
10 12
11 2
11 28
12 14
12 19
13 3
13 8
14 17
14 22
15 7
15 12
16 21
16 26
17 10
17 15
18 1
18 27
19 17
19 25
20 0
20 6
21 13
21 25
22 15
22 23
23 7
23 20
24 0
24 1
25 8
25 10
26 13
26 27
27 3
27 11
28 18
28 24
29 20
29 24

# solution 12
# n=30 sym=rot4 status=verified source=flammenkamp_cache/n30_rot4
# code=oBKDG3ALREL5O7AHN340BNRKT7E1SHP4C1SFM0926ITPQ6CJM5O8F28JQDG9I
0 11
0 20
1 13
1 16
2 3
2 10
3 21
3 27
4 14
4 21
5 5
5 24
6 7
6 10
7 17
7 23
8 3
8 4
9 0
9 11
10 23
10 27
11 20
11 29
12 7
12 14
13 1
13 28
14 17
14 25
15 4
15 12
16 1
16 28
17 15
17 22
18 0
18 9
19 2
19 6
20 18
20 29
21 25
21 26
22 6
22 12
23 19
23 22
24 5
24 24
25 8
25 15
26 2
26 8
27 19
27 26
28 13
28 16
29 9
29 18

# solution 13
# n=30 sym=rot4 status=verified source=flammenkamp_cache/n30_rot4
# code=o5L4MAHAE9SITDL1906MPQR5F2DHNBQ3I6CGREO2347NTKS8G0B1KFJCJ7P8O
0 5
0 21
1 4
1 22
2 10
2 17
3 10
3 14
4 9
4 28
5 18
5 29
6 13
6 21
7 1
7 9
8 0
8 6
9 22
9 25
10 26
10 27
11 5
11 15
12 2
12 13
13 17
13 23
14 11
14 26
15 3
15 18
16 6
16 12
17 16
17 27
18 14
18 24
19 2
19 3
20 4
20 7
21 23
21 29
22 20
22 28
23 8
23 16
24 0
24 11
25 1
25 20
26 15
26 19
27 12
27 19
28 7
28 25
29 8
29 24

# solution 14
# n=30 sym=rot4 status=verified source=flammenkamp_cache/n30_rot4
# code=oFHJK488CJRDMIM56QR1D146E0QKO0IBT593TFNPSGS23NO7B7G2AHLLP9ACE
0 15
0 17
1 19
1 20
2 4
2 8
3 8
3 12
4 19
4 27
5 13
5 22
6 18
6 22
7 5
7 6
8 26
8 27
9 1
9 13
10 1
10 4
11 6
11 14
12 0
12 26
13 20
13 24
14 0
14 18
15 11
15 29
16 5
16 9
17 3
17 29
18 15
18 23
19 25
19 28
20 16
20 28
21 2
21 3
22 23
22 24
23 7
23 11
24 7
24 16
25 2
25 10
26 17
26 21
27 21
27 25
28 9
28 10
29 12
29 14

# solution 15
# n=30 sym=rot4 status=verified source=flammenkamp_cache/n30_rot4
# code=oAB8MHJEH5GMP9L156SGN2TET2349IQ3BKPQR0F0R6D1NOS8K47DOCFAC7LIJ
0 10
0 11
1 8
1 22
2 17
2 19
3 14
3 17
4 5
4 16
5 22
5 25
6 9
6 21
7 1
7 5
8 6
8 28
9 16
9 23
10 2
10 29
11 14
11 29
12 2
12 3
13 4
13 9
14 18
14 26
15 3
15 11
16 20
16 25
17 26
17 27
18 0
18 15
19 0
19 27
20 6
20 13
21 1
21 23
22 24
22 28
23 8
23 20
24 4
24 7
25 13
25 24
26 12
26 15
27 10
27 12
28 7
28 21
29 18
29 19

# solution 16
# n=30 sym=rot4 status=verified source=flammenkamp_cache/n30_rot4
# code=oBC7FHLOP3K3AGLAS264GMOET2T691IBSKN0R0F57DPNR1J8DJQ9Q458CEMHI
0 11
0 12
1 7
1 15
2 17
2 21
3 24
3 25
4 3
4 20
5 3
5 10
6 16
6 21
7 10
7 28
8 2
8 6
9 4
9 16
10 22
10 24
11 14
11 29
12 2
12 29
13 6
13 9
14 1
14 18
15 11
15 28
16 20
16 23
17 0
17 27
18 0
18 15
19 5
19 7
20 13
20 25
21 23
21 27
22 1
22 19
23 8
23 13
24 19
24 26
25 9
25 26
26 4
26 5
27 8
27 12
28 14
28 22
29 17
29 18

# solution 17
# n=30 sym=rot4 status=verified source=flammenkamp_cache/n30_rot4
# code=oIODF794HOQ048JDRJNHR680E39MS1IBS17KQFTLN2C6A2GALPT35CPKMEG5B
0 18
0 24
1 13
1 15
2 7
2 9
3 4
3 17
4 24
4 26
5 0
5 4
6 8
6 19
7 13
7 27
8 19
8 23
9 17
9 27
10 6
10 8
11 0
11 14
12 3
12 9
13 22
13 28
14 1
14 18
15 11
15 28
16 1
16 7
17 20
17 26
18 15
18 29
19 21
19 23
20 2
20 12
21 6
21 10
22 2
22 16
23 10
23 21
24 25
24 29
25 3
25 5
26 12
26 25
27 20
27 22
28 14
28 16
29 5
29 11

# solution 18
# n=30 sym=rot4 status=verified source=flammenkamp_cache/n30_rot4
# code=oHJ8K7PCF298IGJGROS1P065E0Q673IBQMN3TFONT4S152DADBLKREH4M9LAC
0 17
0 19
1 8
1 20
2 7
2 25
3 12
3 15
4 2
4 9
5 8
5 18
6 16
6 19
7 16
7 27
8 24
8 28
9 1
9 25
10 0
10 6
11 5
11 14
12 0
12 26
13 6
13 7
14 3
14 18
15 11
15 26
16 22
16 23
17 3
17 29
18 15
18 24
19 23
19 29
20 4
20 28
21 1
21 5
22 2
22 13
23 10
23 13
24 11
24 21
25 20
25 27
26 14
26 17
27 4
27 22
28 9
28 21
29 10
29 12

# solution 19
# n=30 sym=rot4 status=verified source=flammenkamp_cache/n30_rot4
# code=oCI9LDM9JHN8E4J2G1OQS360E4T7RIO5B2M0PFTNQ135SDRAPFL6CAK7G8KBH
0 12
0 18
1 9
1 21
2 13
2 22
3 9
3 19
4 17
4 23
5 8
5 14
6 4
6 19
7 2
7 16
8 1
8 24
9 26
9 28
10 3
10 6
11 0
11 14
12 4
12 29
13 7
13 27
14 18
14 24
15 5
15 11
16 2
16 22
17 0
17 25
18 15
18 29
19 23
19 26
20 1
20 3
21 5
21 28
22 13
22 27
23 10
23 25
24 15
24 21
25 6
25 12
26 10
26 20
27 7
27 16
28 8
28 20
29 11
29 17

# solution 20
# n=30 sym=rot4 status=verified source=flammenkamp_cache/n30_rot4
# code=o3IDE9JMT5CJP8D3CKN8R250EMPNSIS1B1647FTOR2L69HQGL4AHO07AKFGBQ
0 3
0 18
1 13
1 14
2 9
2 19
3 22
3 29
4 5
4 12
5 19
5 25
6 8
6 13
7 3
7 12
8 20
8 23
9 8
9 27
10 2
10 5
11 0
11 14
12 22
12 25
13 23
13 28
14 18
14 28
15 1
15 11
16 1
16 6
17 4
17 7
18 15
18 29
19 24
19 27
20 2
20 21
21 6
21 9
22 17
22 26
23 16
23 21
24 4
24 10
25 17
25 24
26 0
26 7
27 10
27 20
28 15
28 16
29 11
29 26

# solution 21
# n=30 sym=rot4 status=verified source=flammenkamp_cache/n30_rot4
# code=oBG8A7ECOJN3K4GLR7S5H4SET9Q06IR2BNT3K0F1PCO1M28DP9Q6A5HFMJLDI
0 11
0 16
1 8
1 10
2 7
2 14
3 12
3 24
4 19
4 23
5 3
5 20
6 4
6 16
7 21
7 27
8 7
8 28
9 5
9 17
10 4
10 28
11 14
11 29
12 9
12 26
13 0
13 6
14 18
14 27
15 2
15 11
16 23
16 29
17 3
17 20
18 0
18 15
19 1
19 25
20 12
20 24
21 1
21 22
22 2
22 8
23 13
23 25
24 9
24 26
25 6
25 10
26 5
26 17
27 15
27 22
28 19
28 21
29 13
29 18

# solution 22
# n=30 sym=rot4 status=verified source=flammenkamp_cache/n30_rot4
# code=oAL8DKM5G6HNQ5P2A0S2EMTCE4I3SIK9B1QBPFH07FR1TJR4O36CNDO79GL8J
0 10
0 21
1 8
1 13
2 20
2 22
3 5
3 16
4 6
4 17
5 23
5 26
6 5
6 25
7 2
7 10
8 0
8 28
9 2
9 14
10 22
10 29
11 12
11 14
12 4
12 18
13 3
13 28
14 18
14 20
15 9
15 11
16 1
16 26
17 11
17 25
18 15
18 17
19 0
19 7
20 15
20 27
21 1
21 29
22 19
22 27
23 4
23 24
24 3
24 6
25 12
25 23
26 13
26 24
27 7
27 9
28 16
28 21
29 8
29 19

# solution 23
# n=30 sym=rot4 status=verified source=flammenkamp_cache/n30_rot4
# code=o89EG8GJN4P7K3ICORT5T3C6EJM12IS1BRS7AFNHQ0O025HBQ9M4P6ADLDFKL
0 8
0 9
1 14
1 16
2 8
2 16
3 19
3 23
4 4
4 25
5 7
5 20
6 3
6 18
7 12
7 24
8 27
8 29
9 5
9 29
10 3
10 12
11 6
11 14
12 19
12 22
13 1
13 2
14 18
14 28
15 1
15 11
16 27
16 28
17 7
17 10
18 15
18 23
19 17
19 26
20 0
20 24
21 0
21 2
22 5
22 17
23 11
23 26
24 9
24 22
25 4
25 25
26 6
26 10
27 13
27 21
28 13
28 15
29 20
29 21

# solution 24
# n=30 sym=rot4 status=verified source=flammenkamp_cache/n30_rot4
# code=oDH7O9G6I4P1J8QCSFNJR593E0M2T8IBL0R7TFQKO2A6E1H3LAS4PBNDK5MCG
0 13
0 17
1 7
1 24
2 9
2 16
3 6
3 18
4 4
4 25
5 1
5 19
6 8
6 26
7 12
7 28
8 15
8 23
9 19
9 27
10 5
10 9
11 3
11 14
12 0
12 22
13 2
13 29
14 8
14 18
15 11
15 21
16 0
16 27
17 7
17 29
18 15
18 26
19 20
19 24
20 2
20 10
21 6
21 14
22 1
22 17
23 3
23 21
24 10
24 28
25 4
25 25
26 11
26 23
27 13
27 20
28 5
28 22
29 12
29 16

# solution 25
# n=30 sym=rot4 status=verified source=flammenkamp_cache/n30_rot4
# code=o9L8F5K45CQQR7CIN0S2TDF7DNPIJ1AJSAB46GMEG0R1T6BHM233HOP9OEL8K
0 9
0 21
1 8
1 15
2 5
2 20
3 4
3 5
4 12
4 26
5 26
5 27
6 7
6 12
7 18
7 23
8 0
8 28
9 2
9 29
10 13
10 15
11 7
11 13
12 23
12 25
13 18
13 19
14 1
14 10
15 19
15 28
16 10
16 11
17 4
17 6
18 16
18 22
19 14
19 16
20 0
20 27
21 1
21 29
22 6
22 11
23 17
23 22
24 2
24 3
25 3
25 17
26 24
26 25
27 9
27 24
28 14
28 21
29 8
29 20

# solution 26
# n=30 sym=rot4 status=verified source=flammenkamp_cache/n30_rot4
# code=o8F4IKQ2G8SHN5CJKPT277E1D5N3I0JATBQ6OGSFMMR049AHO6C1LDR39BPEL
0 8
0 15
1 4
1 18
2 20
2 26
3 2
3 16
4 8
4 28
5 17
5 23
6 5
6 12
7 19
7 20
8 25
8 29
9 2
9 7
10 7
10 14
11 1
11 13
12 5
12 23
13 3
13 18
14 0
14 19
15 10
15 29
16 11
16 26
17 6
17 24
18 16
18 28
19 15
19 22
20 22
20 27
21 0
21 4
22 9
22 10
23 17
23 24
24 6
24 12
25 1
25 21
26 13
26 27
27 3
27 9
28 11
28 25
29 14
29 21

# solution 27
# n=30 sym=rot4 status=verified source=flammenkamp_cache/n30_rot4
# code=o8C7IGH6A57KPEQPS9T5LEQ1D2T2IJN6ABR0RGS3F8O0K143F49MOJNCDBMHL
0 8
0 12
1 7
1 18
2 16
2 17
3 6
3 10
4 5
4 7
5 20
5 25
6 14
6 26
7 25
7 28
8 9
8 29
9 5
9 21
10 14
10 26
11 1
11 13
12 2
12 29
13 2
13 18
14 19
14 23
15 6
15 10
16 11
16 27
17 0
17 27
18 16
18 28
19 3
19 15
20 8
20 24
21 0
21 20
22 1
22 4
23 3
23 15
24 4
24 9
25 22
25 24
26 19
26 23
27 12
27 13
28 11
28 22
29 17
29 21

# solution 28
# n=30 sym=rot4 status=verified source=flammenkamp_cache/n30_rot4
# code=oCL7IGH6A57KPEQPS095LEQ1D2T2IJN6ABR0RGS3F8OKT143F49MOJNCDBM8H
0 12
0 21
1 7
1 18
2 16
2 17
3 6
3 10
4 5
4 7
5 20
5 25
6 14
6 26
7 25
7 28
8 0
8 9
9 5
9 21
10 14
10 26
11 1
11 13
12 2
12 29
13 2
13 18
14 19
14 23
15 6
15 10
16 11
16 27
17 0
17 27
18 16
18 28
19 3
19 15
20 8
20 24
21 20
21 29
22 1
22 4
23 3
23 15
24 4
24 9
25 22
25 24
26 19
26 23
27 12
27 13
28 11
28 22
29 8
29 17

# solution 29
# n=30 sym=rot4 status=verified source=flammenkamp_cache/n30_rot4
# code=oCGKP6CGK1ALN5RFL5713EPBIRT037JAMQT02BI4FQSMO8E2O68JS9DHN49DH
0 12
0 16
1 20
1 25
2 6
2 12
3 16
3 20
4 1
4 10
5 21
5 23
6 5
6 27
7 15
7 21
8 5
8 7
9 1
9 3
10 14
10 25
11 11
11 18
12 27
12 29
13 0
13 3
14 7
14 19
15 10
15 22
16 26
16 29
17 0
17 2
18 11
18 18
19 4
19 15
20 26
20 28
21 22
21 24
22 8
22 14
23 2
23 24
24 6
24 8
25 19
25 28
26 9
26 13
27 17
27 23
28 4
28 9
29 13
29 17

# solution 30
# n=30 sym=rot4 status=verified source=flammenkamp_cache/n30_rot4
# code=o9OGHGHAM6M06OP34BFBTEQKL12128JALRSRS893F0IEIPQ45NT7N7JCDCD5K
0 9
0 24
1 16
1 17
2 16
2 17
3 10
3 22
4 6
4 22
5 0
5 6
6 24
6 25
7 3
7 4
8 11
8 15
9 11
9 29
10 14
10 26
11 20
11 21
12 1
12 2
13 1
13 2
14 8
14 19
15 10
15 21
16 27
16 28
17 27
17 28
18 8
18 9
19 3
19 15
20 0
20 18
21 14
21 18
22 25
22 26
23 4
23 5
24 23
24 29
25 7
25 23
26 7
26 19
27 12
27 13
28 12
28 13
29 5
29 20

# solution 31
# n=30 sym=rot4 status=verified source=flammenkamp_cache/n30_rot4
# code=o1G9TMNBC56HP2P29EIMSEG8Q5Q0AJL8AJT3O3LDF17BFKR4R4CNOHI670KDS
0 1
0 16
1 9
1 29
2 22
2 23
3 11
3 12
4 5
4 6
5 17
5 25
6 2
6 25
7 2
7 9
8 14
8 18
9 22
9 28
10 14
10 16
11 8
11 26
12 5
12 26
13 0
13 10
14 19
14 21
15 8
15 10
16 19
16 29
17 3
17 24
18 3
18 21
19 13
19 15
20 1
20 7
21 11
21 15
22 20
22 27
23 4
23 27
24 4
24 12
25 23
25 24
26 17
26 18
27 6
27 7
28 0
28 20
29 13
29 28

# solution 32
# n=30 sym=rot4 status=verified source=flammenkamp_cache/n30_rot4
# code=oDN89BGKP377E0AOPIS3SEN8RCH2TJO5A0RCH2L6F1Q1B45JTFMMQ49DIKL6G
0 13
0 23
1 8
1 9
2 11
2 16
3 20
3 25
4 3
4 7
5 7
5 14
6 0
6 10
7 24
7 25
8 18
8 28
9 3
9 28
10 14
10 23
11 8
11 27
12 12
12 17
13 2
13 29
14 19
14 24
15 5
15 10
16 0
16 27
17 12
17 17
18 2
18 21
19 6
19 15
20 1
20 26
21 1
21 11
22 4
22 5
23 19
23 29
24 15
24 22
25 22
25 26
26 4
26 9
27 13
27 18
28 20
28 21
29 6
29 16

# solution 33
# n=30 sym=rot4 status=verified source=flammenkamp_cache/n30_rot4
# code=oDN89GIKP377E0AOPIS3SEN28CH2TJO5A0RCHLR6F1Q1B45JTFMMQ49BDKL6G
0 13
0 23
1 8
1 9
2 16
2 18
3 20
3 25
4 3
4 7
5 7
5 14
6 0
6 10
7 24
7 25
8 18
8 28
9 3
9 28
10 14
10 23
11 2
11 8
12 12
12 17
13 2
13 29
14 19
14 24
15 5
15 10
16 0
16 27
17 12
17 17
18 21
18 27
19 6
19 15
20 1
20 26
21 1
21 11
22 4
22 5
23 19
23 29
24 15
24 22
25 22
25 26
26 4
26 9
27 11
27 13
28 20
28 21
29 6
29 16

# solution 34
# n=30 sym=rot4 status=verified source=flammenkamp_cache/n30_rot4
# code=oBH9FCL6JGM9BGQ482MOS3EOT0R461JASNP2T05FQ157RLP3DIK7DAN8HEKCI
0 11
0 17
1 9
1 15
2 12
2 21
3 6
3 19
4 16
4 22
5 9
5 11
6 16
6 26
7 4
7 8
8 2
8 22
9 24
9 28
10 3
10 14
11 24
11 29
12 0
12 27
13 4
13 6
14 1
14 19
15 10
15 28
16 23
16 25
17 2
17 29
18 0
18 5
19 15
19 26
20 1
20 5
21 7
21 27
22 21
22 25
23 3
23 13
24 18
24 20
25 7
25 13
26 10
26 23
27 8
27 17
28 14
28 20
29 12
29 18

# solution 35
# n=30 sym=rot4 status=verified source=flammenkamp_cache/n30_rot4
# code=o9D8IBHOP373G8HAPNSFTEM1R265T9JAK0ONR2S7F0E164JCLDQMQ45CIBLGK
0 9
0 13
1 8
1 18
2 11
2 17
3 24
3 25
4 3
4 7
5 3
5 16
6 8
6 17
7 10
7 25
8 23
8 28
9 15
9 29
10 14
10 22
11 1
11 27
12 2
12 6
13 5
13 29
14 9
14 19
15 10
15 20
16 0
16 24
17 23
17 27
18 2
18 28
19 7
19 15
20 0
20 14
21 1
21 6
22 4
22 19
23 12
23 21
24 13
24 26
25 22
25 26
26 4
26 5
27 12
27 18
28 11
28 21
29 16
29 20

# solution 36
# n=30 sym=rot4 status=verified source=flammenkamp_cache/n30_rot4
# code=o9DFMDJIP3769IO1PEJOT2836CHRT1L8S02CHNQLR05AF4S5BKNMQ4BAG7EGK
0 9
0 13
1 15
1 22
2 13
2 19
3 18
3 25
4 3
4 7
5 6
5 9
6 18
6 24
7 1
7 25
8 14
8 19
9 24
9 29
10 2
10 8
11 3
11 6
12 12
12 17
13 27
13 29
14 1
14 21
15 8
15 28
16 0
16 2
17 12
17 17
18 23
18 26
19 21
19 27
20 0
20 5
21 10
21 15
22 4
22 28
23 5
23 11
24 20
24 23
25 22
25 26
26 4
26 11
27 10
27 16
28 7
28 14
29 16
29 20

# solution 37
# n=30 sym=rot4 status=verified source=flammenkamp_cache/n30_rot4
# code=oIS03KNDSDF7A29AOFH2NMO0C8IPQ48LP34BLHT576RCE5JKRJMEG1G69QT1B
0 18
0 28
1 0
1 3
2 20
2 23
3 13
3 28
4 13
4 15
5 7
5 10
6 2
6 9
7 10
7 24
8 15
8 17
9 2
9 23
10 22
10 24
11 0
11 12
12 8
12 18
13 25
13 26
14 4
14 8
15 21
15 25
16 3
16 4
17 11
17 21
18 17
18 29
19 5
19 7
20 6
20 27
21 12
21 14
22 5
22 19
23 20
23 27
24 19
24 22
25 14
25 16
26 1
26 16
27 6
27 9
28 26
28 29
29 1
29 11

# solution 38
# n=30 sym=rot4 status=verified source=flammenkamp_cache/n30_rot4
# code=oIO9IEPHP2309HJ8JEMOS670136DGLR28DGNQSTMN157FALACKTQR4C4FBK5B
0 18
0 24
1 9
1 18
2 14
2 25
3 17
3 25
4 2
4 3
5 0
5 9
6 17
6 19
7 8
7 19
8 14
8 22
9 24
9 28
10 6
10 7
11 0
11 1
12 3
12 6
13 13
13 16
14 21
14 27
15 2
15 8
16 13
16 16
17 23
17 26
18 28
18 29
19 22
19 23
20 1
20 5
21 7
21 15
22 10
22 21
23 10
23 12
24 20
24 29
25 26
25 27
26 4
26 12
27 4
27 15
28 11
28 20
29 5
29 11

# solution 39
# n=30 sym=rot4 status=verified source=flammenkamp_cache/n30_rot4
# code=oHJ6K5PCE25PRDS8IFM1I0D790QJN8Q3L6A3TKMGTBS7EBL1G24ORFH4O9NAC
0 17
0 19
1 6
1 20
2 5
2 25
3 12
3 14
4 2
4 5
5 25
5 27
6 13
6 28
7 8
7 18
8 15
8 22
9 1
9 18
10 0
10 13
11 7
11 9
12 0
12 26
13 19
13 23
14 8
14 26
15 3
15 21
16 6
16 10
17 3
17 29
18 20
18 22
19 16
19 29
20 11
20 28
21 7
21 14
22 11
22 21
23 1
23 16
24 2
24 4
25 24
25 27
26 15
26 17
27 4
27 24
28 9
28 23
29 10
29 12

# solution 40
# n=30 sym=rot4 status=verified source=flammenkamp_cache/n30_rot4
# code=oGI9P8C8C1JEMBJ5EQRDS460NQR0KMO579T236TNP1G23FOAI7FASHLHL4KBD
0 16
0 18
1 9
1 25
2 8
2 12
3 8
3 12
4 1
4 19
5 14
5 22
6 11
6 19
7 5
7 14
8 26
8 27
9 13
9 28
10 4
10 6
11 0
11 23
12 26
12 27
13 0
13 20
14 22
14 24
15 5
15 7
16 9
16 29
17 2
17 3
18 6
18 29
19 23
19 25
20 1
20 16
21 2
21 3
22 15
22 24
23 10
23 18
24 7
24 15
25 10
25 28
26 17
26 21
27 17
27 21
28 4
28 20
29 11
29 13

# solution 41
# n=30 sym=rot4 status=verified source=flammenkamp_cache/n30_rot4
# code=oGIKP8C8C1JEMBJ5EQR1D460NQR0KMO579T236TNPGS23FOAI7FASHLHL49BD
0 16
0 18
1 20
1 25
2 8
2 12
3 8
3 12
4 1
4 19
5 14
5 22
6 11
6 19
7 5
7 14
8 26
8 27
9 1
9 13
10 4
10 6
11 0
11 23
12 26
12 27
13 0
13 20
14 22
14 24
15 5
15 7
16 9
16 29
17 2
17 3
18 6
18 29
19 23
19 25
20 16
20 28
21 2
21 3
22 15
22 24
23 10
23 18
24 7
24 15
25 10
25 28
26 17
26 21
27 17
27 21
28 4
28 9
29 11
29 13

# solution 42
# n=30 sym=rot4 status=verified source=flammenkamp_cache/n30_rot4
# code=oAD8N5JEH78NR15EPPS9K2TDH3BITMQ370BIQCG0R9K144FOS26LMCFAO6LGJ
0 10
0 13
1 8
1 23
2 5
2 19
3 14
3 17
4 7
4 8
5 23
5 27
6 1
6 5
7 14
7 25
8 25
8 28
9 9
9 20
10 2
10 29
11 13
11 17
12 3
12 11
13 18
13 29
14 22
14 26
15 3
15 7
16 0
16 11
17 18
17 26
18 12
18 16
19 0
19 27
20 9
20 20
21 1
21 4
22 4
22 15
23 24
23 28
24 2
24 6
25 21
25 22
26 12
26 15
27 10
27 24
28 6
28 21
29 16
29 19

# solution 43
# n=30 sym=rot4 status=verified source=flammenkamp_cache/n30_rot4
# code=o9GBELN5JJMNQ254E2CCT34DSKL0IMS17BT891GPQ0HHRFPOR367AAO68FIDK
0 9
0 16
1 11
1 14
2 21
2 23
3 5
3 19
4 19
4 22
5 23
5 26
6 2
6 5
7 4
7 14
8 2
8 12
9 12
9 29
10 3
10 4
11 13
11 28
12 20
12 21
13 0
13 18
14 22
14 28
15 1
15 7
16 11
16 29
17 8
17 9
18 1
18 16
19 25
19 26
20 0
20 17
21 17
21 27
22 15
22 25
23 24
23 27
24 3
24 6
25 7
25 10
26 10
26 24
27 6
27 8
28 15
28 18
29 13
29 20

# solution 44
# n=30 sym=rot4 status=verified source=flammenkamp_cache/n30_rot4
# code=oBJBEDL68GJ9HMQ6F2QCO04ST5K4R7S1M2P9O01PT5H3REN37CKADLN8GFIAI
0 11
0 19
1 11
1 14
2 13
2 21
3 6
3 8
4 16
4 19
5 9
5 17
6 22
6 26
7 6
7 15
8 2
8 26
9 12
9 24
10 0
10 4
11 28
11 29
12 5
12 20
13 4
13 27
14 7
14 28
15 1
15 22
16 2
16 25
17 9
17 24
18 0
18 1
19 25
19 29
20 5
20 17
21 3
21 27
22 14
22 23
23 3
23 7
24 12
24 20
25 10
25 13
26 21
26 23
27 8
27 16
28 15
28 18
29 10
29 18

# solution 45
# n=30 sym=rot4 status=verified source=flammenkamp_cache/n30_rot4
# code=o8A7GLQ2JFO47FIOS2TDI3T69CH1K46NP9SCHKN0QBG0R15BEMP5EAR38DMJL
0 8
0 10
1 7
1 16
2 21
2 26
3 2
3 19
4 15
4 24
5 4
5 7
6 15
6 18
7 24
7 28
8 2
8 29
9 13
9 18
10 3
10 29
11 6
11 9
12 12
12 17
13 1
13 20
14 4
14 6
15 23
15 25
16 9
16 28
17 12
17 17
18 20
18 23
19 0
19 26
20 11
20 16
21 0
21 27
22 1
22 5
23 11
23 14
24 22
24 25
25 5
25 14
26 10
26 27
27 3
27 8
28 13
28 22
29 19
29 21

# solution 46
# n=30 sym=rot4 status=verified source=flammenkamp_cache/n30_rot4
# code=oDJ9CMP9E25MPEI25CIQS0D68LSJTNQ360A18LNGT13BHORBF47ORFK47HKAG
0 13
0 19
1 9
1 12
2 22
2 25
3 9
3 14
4 2
4 5
5 22
5 25
6 14
6 18
7 2
7 5
8 12
8 18
9 26
9 28
10 0
10 13
11 6
11 8
12 21
12 28
13 19
13 29
14 23
14 26
15 3
15 6
16 0
16 10
17 1
17 8
18 21
18 23
19 16
19 29
20 1
20 3
21 11
21 17
22 24
22 27
23 11
23 15
24 4
24 7
25 24
25 27
26 15
26 20
27 4
27 7
28 17
28 20
29 10
29 16

# solution 47
# n=30 sym=rot4 status=verified source=flammenkamp_cache/n30_rot4
# code=oJQELDP09289HEM6A1POQ0MDH5BIRNS162BIOCG7T354SJN7FCKLRKT4G8F3A
0 19
0 26
1 14
1 21
2 13
2 25
3 0
3 9
4 2
4 8
5 9
5 17
6 14
6 22
7 6
7 10
8 1
8 25
9 24
9 26
10 0
10 22
11 13
11 17
12 5
12 11
13 18
13 27
14 23
14 28
15 1
15 6
16 2
16 11
17 18
17 24
18 12
18 16
19 7
19 29
20 3
20 5
21 4
21 28
22 19
22 23
23 7
23 15
24 12
24 20
25 21
25 27
26 20
26 29
27 4
27 16
28 8
28 15
29 3
29 10

# solution 48
# n=30 sym=rot4 status=verified source=flammenkamp_cache/n30_rot4
# code=oPQEG5A0A0KIR8EGI9N4LQR57CH17NS16MSCHMO238P6KBDFL2B9TJTJODF34
0 25
0 26
1 14
1 16
2 5
2 10
3 0
3 10
4 0
4 20
5 18
5 27
6 8
6 14
7 16
7 18
8 9
8 23
9 4
9 21
10 26
10 27
11 5
11 7
12 12
12 17
13 1
13 7
14 23
14 28
15 1
15 6
16 22
16 28
17 12
17 17
18 22
18 24
19 2
19 3
20 8
20 25
21 6
21 20
22 11
22 13
23 15
23 21
24 2
24 11
25 9
25 29
26 19
26 29
27 19
27 24
28 13
28 15
29 3
29 4

# solution 49
# n=30 sym=rot4 status=verified source=flammenkamp_cache/n30_rot4
# code=oAIBF37AR5KHP8F9RCN4MQT0S5LDG16NSDG8O1T037P6H2KEL4C9O2JMQEIBJ
0 10
0 18
1 11
1 15
2 3
2 7
3 10
3 27
4 5
4 20
5 17
5 25
6 8
6 15
7 9
7 27
8 12
8 23
9 4
9 22
10 26
10 29
11 0
11 28
12 5
12 21
13 13
13 16
14 1
14 6
15 23
15 28
16 13
16 16
17 8
17 24
18 1
18 29
19 0
19 3
20 7
20 25
21 6
21 17
22 2
22 20
23 14
23 21
24 4
24 12
25 9
25 24
26 2
26 19
27 22
27 26
28 14
28 18
29 11
29 19

# solution 50
# n=30 sym=rot4 status=verified source=flammenkamp_cache/n30_rot4
# code=o2ECILTJL7C79EIOP23GO3D16PS9JNT06AK14NSGQ5DQR45BFKMHM8A08BHFR
0 2
0 14
1 12
1 18
2 21
2 29
3 19
3 21
4 7
4 12
5 7
5 9
6 14
6 18
7 24
7 25
8 2
8 3
9 16
9 24
10 3
10 13
11 1
11 6
12 25
12 28
13 9
13 19
14 23
14 29
15 0
15 6
16 10
16 20
17 1
17 4
18 23
18 28
19 16
19 26
20 5
20 13
21 26
21 27
22 4
22 5
23 11
23 15
24 20
24 22
25 17
25 22
26 8
26 10
27 0
27 8
28 11
28 17
29 15
29 27

# solution 51
# n=30 sym=rot4 status=verified source=flammenkamp_cache/n30_rot4
# code=oFI7DIM8D56HPFP2SAQCJ9L025KQS06NT139ORT8KAH3J1R4E4CNOGL7BGMBE
0 15
0 18
1 7
1 13
2 18
2 22
3 8
3 13
4 5
4 6
5 17
5 25
6 15
6 25
7 2
7 28
8 10
8 26
9 12
9 19
10 9
10 21
11 0
11 2
12 5
12 20
13 26
13 28
14 0
14 6
15 23
15 29
16 1
16 3
17 9
17 24
18 27
18 29
19 8
19 20
20 10
20 17
21 3
21 19
22 1
22 27
23 4
23 14
24 4
24 12
25 23
25 24
26 16
26 21
27 7
27 11
28 16
28 22
29 11
29 14

# solution 52
# n=30 sym=rot4 status=verified source=flammenkamp_cache/n30_rot4
# code=oFIADGP7K2C7LAFOQ5K38NS0CIP2S06NT1R4BHT16LQ9O35EJ8MHR9M4DGJBE
0 15
0 18
1 10
1 13
2 16
2 25
3 7
3 20
4 2
4 12
5 7
5 21
6 10
6 15
7 24
7 26
8 5
8 20
9 3
9 8
10 23
10 28
11 0
11 12
12 18
12 25
13 2
13 28
14 0
14 6
15 23
15 29
16 1
16 27
17 4
17 11
18 17
18 29
19 1
19 6
20 21
20 26
21 9
21 24
22 3
22 5
23 14
23 19
24 8
24 22
25 17
25 27
26 9
26 22
27 4
27 13
28 16
28 19
29 11
29 14

# solution 53
# n=30 sym=rot4 status=verified source=flammenkamp_cache/n30_rot4
# code=oAFBPKOAK152PEH7MGH23QTDS688I0N6TBLLN1G03QRCD7MCF4ROS9J594IEJ
0 10
0 15
1 11
1 25
2 20
2 24
3 10
3 20
4 1
4 5
5 2
5 25
6 14
6 17
7 7
7 22
8 16
8 17
9 2
9 3
10 26
10 29
11 13
11 28
12 6
12 8
13 8
13 18
14 0
14 23
15 6
15 29
16 11
16 21
17 21
17 23
18 1
18 16
19 0
19 3
20 26
20 27
21 12
21 13
22 7
22 22
23 12
23 15
24 4
24 27
25 24
25 28
26 9
26 19
27 5
27 9
28 4
28 18
29 14
29 19

# solution 54
# n=30 sym=rot4 status=verified source=flammenkamp_cache/n30_rot4
# code=oDMDJ8J5N8FEQ3I0KPR7H126C9IST4O5P01BKHNRSCM249TBQ3FEL6OALAG7G
0 13
0 22
1 13
1 19
2 8
2 19
3 5
3 23
4 8
4 15
5 14
5 26
6 3
6 18
7 0
7 20
8 25
8 27
9 7
9 17
10 1
10 2
11 6
11 12
12 9
12 18
13 28
13 29
14 4
14 24
15 5
15 25
16 0
16 1
17 11
17 20
18 17
18 23
19 27
19 28
20 12
20 22
21 2
21 4
22 9
22 29
23 11
23 26
24 3
24 15
25 14
25 21
26 6
26 24
27 10
27 21
28 10
28 16
29 7
29 16

# solution 55
# n=30 sym=rot4 status=verified source=flammenkamp_cache/n30_rot4
# code=oDMDJ8JNO8F3E3I0KPR7H126C9IST4O5P01BKHNRSCM249TBQFQEL56ALAG7G
0 13
0 22
1 13
1 19
2 8
2 19
3 23
3 24
4 8
4 15
5 3
5 14
6 3
6 18
7 0
7 20
8 25
8 27
9 7
9 17
10 1
10 2
11 6
11 12
12 9
12 18
13 28
13 29
14 4
14 24
15 5
15 25
16 0
16 1
17 11
17 20
18 17
18 23
19 27
19 28
20 12
20 22
21 2
21 4
22 9
22 29
23 11
23 26
24 15
24 26
25 14
25 21
26 5
26 6
27 10
27 21
28 10
28 16
29 7
29 16

# solution 56
# n=30 sym=rot4 status=verified source=flammenkamp_cache/n30_rot4
# code=oAGGN8K6F5LFP1Q7M4R2BCTCKIJ0135OQSTAB9H0HIR2P7M3S4E8OEN9L6DDJ
0 10
0 16
1 16
1 23
2 8
2 20
3 6
3 15
4 5
4 21
5 15
5 25
6 1
6 26
7 7
7 22
8 4
8 27
9 2
9 11
10 12
10 29
11 12
11 20
12 18
12 19
13 0
13 1
14 3
14 5
15 24
15 26
16 28
16 29
17 10
17 11
18 9
18 17
19 0
19 17
20 18
20 27
21 2
21 25
22 7
22 22
23 3
23 28
24 4
24 14
25 8
25 24
26 14
26 23
27 9
27 21
28 6
28 13
29 13
29 19

# solution 57
# n=30 sym=rot4 status=verified source=flammenkamp_cache/n30_rot4
# code=oBDKNCJCELN9F14AL471O2MDTQRIT5Q3O0B230G7R5SMP8JPSEK68FHAH69GI
0 11
0 13
1 20
1 23
2 12
2 19
3 12
3 14
4 21
4 23
5 9
5 15
6 1
6 4
7 10
7 21
8 4
8 7
9 1
9 24
10 2
10 22
11 13
11 29
12 26
12 27
13 18
13 29
14 5
14 26
15 3
15 24
16 0
16 11
17 2
17 3
18 0
18 16
19 7
19 27
20 5
20 28
21 22
21 25
22 8
22 19
23 25
23 28
24 14
24 20
25 6
25 8
26 15
26 17
27 10
27 17
28 6
28 9
29 16
29 18

# solution 58
# n=30 sym=rot4 status=verified source=flammenkamp_cache/n30_rot4
# code=o2B6IETHN8AEH3S8KMP7DDP1T35JKOR259AOQ0S4GGM479L1QCFJL6C0FBNIR
0 2
0 11
1 6
1 18
2 14
2 29
3 17
3 23
4 8
4 10
5 14
5 17
6 3
6 28
7 8
7 20
8 22
8 25
9 7
9 13
10 13
10 25
11 1
11 29
12 3
12 5
13 19
13 20
14 24
14 27
15 2
15 5
16 9
16 10
17 24
17 26
18 0
18 28
19 4
19 16
20 16
20 22
21 4
21 7
22 9
22 21
23 1
23 26
24 12
24 15
25 19
25 21
26 6
26 12
27 0
27 15
28 11
28 23
29 18
29 27

# solution 59
# n=30 sym=rot4 status=verified source=flammenkamp_cache/n30_rot4
# code=oBG9MEJ4OLQ3EBL1G46AS2KNTCH07OR25MTCH069R1JNPDS8IFQ385PAF7KDI
0 11
0 16
1 9
1 22
2 14
2 19
3 4
3 24
4 21
4 26
5 3
5 14
6 11
6 21
7 1
7 16
8 4
8 6
9 10
9 28
10 2
10 20
11 23
11 29
12 12
12 17
13 0
13 7
14 24
14 27
15 2
15 5
16 22
16 29
17 12
17 17
18 0
18 6
19 9
19 27
20 1
20 19
21 23
21 25
22 13
22 28
23 8
23 18
24 15
24 26
25 3
25 8
26 5
26 25
27 10
27 15
28 7
28 20
29 13
29 18

# solution 60
# n=30 sym=rot4 status=verified source=flammenkamp_cache/n30_rot4
# code=oAGGK6EIN78AE3RLP7P1BOT3KCH01OR25STCH9Q05IS4M482QFJLM6BFN9DDJ
0 10
0 16
1 16
1 20
2 6
2 14
3 18
3 23
4 7
4 8
5 10
5 14
6 3
6 27
7 21
7 25
8 7
8 25
9 1
9 11
10 24
10 29
11 3
11 20
12 12
12 17
13 0
13 1
14 24
14 27
15 2
15 5
16 28
16 29
17 12
17 17
18 9
18 26
19 0
19 5
20 18
20 28
21 4
21 22
22 4
22 8
23 2
23 26
24 15
24 19
25 21
25 22
26 6
26 11
27 15
27 23
28 9
28 13
29 13
29 19

# solution 61
# n=30 sym=rot4 status=verified source=flammenkamp_cache/n30_rot4
# code=o3LDH7E6TJLBFMQ6R04BG4CKO1J9S5R2O1KAS59HPDIPT2N37EI8A0NFMCG8Q
0 3
0 21
1 13
1 17
2 7
2 14
3 6
3 29
4 19
4 21
5 11
5 15
6 22
6 26
7 6
7 27
8 0
8 4
9 11
9 16
10 4
10 12
11 20
11 24
12 1
12 19
13 9
13 28
14 5
14 27
15 2
15 24
16 1
16 20
17 10
17 28
18 5
18 9
19 17
19 25
20 13
20 18
21 25
21 29
22 2
22 23
23 3
23 7
24 14
24 18
25 8
25 10
26 0
26 23
27 15
27 22
28 12
28 16
29 8
29 26

# solution 62
# n=30 sym=rot4 status=verified source=flammenkamp_cache/n30_rot4
# code=oANFG2R8IGLAF079N4QHMOT3C9I1415OSPSBKHQ057C3P6KMTEJ8DBL2RDE6J
0 10
0 23
1 15
1 16
2 2
2 27
3 8
3 18
4 16
4 21
5 10
5 15
6 0
6 7
7 9
7 23
8 4
8 26
9 17
9 22
10 24
10 29
11 3
11 12
12 9
12 18
13 1
13 4
14 1
14 5
15 24
15 28
16 25
16 28
17 11
17 20
18 17
18 26
19 0
19 5
20 7
20 12
21 3
21 25
22 6
22 20
23 22
23 29
24 14
24 19
25 8
25 13
26 11
26 21
27 2
27 27
28 13
28 14
29 6
29 19

# solution 63
# n=30 sym=rot4 status=verified source=flammenkamp_cache/n30_rot4
# code=oBNFHAM4G7QEK0I2PCK58DR6T1L3J1O5SAQ8S0N2GLO9H4RBT9F3MDP7JCE6I
0 11
0 23
1 15
1 17
2 10
2 22
3 4
3 16
4 7
4 26
5 14
5 20
6 0
6 18
7 2
7 25
8 12
8 20
9 5
9 8
10 13
10 27
11 6
11 29
12 1
12 21
13 3
13 19
14 1
14 24
15 5
15 28
16 10
16 26
17 8
17 28
18 0
18 23
19 2
19 16
20 21
20 24
21 9
21 17
22 4
22 27
23 11
23 29
24 9
24 15
25 3
25 22
26 13
26 25
27 7
27 19
28 12
28 14
29 6
29 18

# solution 64
# n=30 sym=rot4 status=verified source=flammenkamp_cache/n30_rot4
# code=oDE9DKMLP3NCE4A2B3A2SLNCMIOSTOT05015B7H681RJQIRJPFH6Q4879GKFG
0 13
0 14
1 9
1 13
2 20
2 22
3 21
3 25
4 3
4 23
5 12
5 14
6 4
6 10
7 2
7 11
8 3
8 10
9 2
9 28
10 21
10 23
11 12
11 22
12 18
12 24
13 28
13 29
14 24
14 29
15 0
15 5
16 0
16 1
17 5
17 11
18 7
18 17
19 6
19 8
20 1
20 27
21 19
21 26
22 18
22 27
23 19
23 25
24 15
24 17
25 6
25 26
26 4
26 8
27 7
27 9
28 16
28 20
29 15
29 16

# solution 65
# n=30 sym=rot4 status=verified source=flammenkamp_cache/n30_rot4
# code=oDE9GKM8P3NCE4A2BAQ2SLNCMIO1TOT050S5B7H681R3JIRJPFH6Q4L79DKFG
0 13
0 14
1 9
1 16
2 20
2 22
3 8
3 25
4 3
4 23
5 12
5 14
6 4
6 10
7 2
7 11
8 10
8 26
9 2
9 28
10 21
10 23
11 12
11 22
12 18
12 24
13 1
13 29
14 24
14 29
15 0
15 5
16 0
16 28
17 5
17 11
18 7
18 17
19 6
19 8
20 1
20 27
21 3
21 19
22 18
22 27
23 19
23 25
24 15
24 17
25 6
25 26
26 4
26 21
27 7
27 9
28 13
28 20
29 15
29 16

# solution 66
# n=30 sym=rot4 status=verified source=flammenkamp_cache/n30_rot4
# code=oDE9GKMLP3NCE4A2B3A2SLNCMIO1TOT050S5B7H681RJQIRJPFH6Q4879DKFG
0 13
0 14
1 9
1 16
2 20
2 22
3 21
3 25
4 3
4 23
5 12
5 14
6 4
6 10
7 2
7 11
8 3
8 10
9 2
9 28
10 21
10 23
11 12
11 22
12 18
12 24
13 1
13 29
14 24
14 29
15 0
15 5
16 0
16 28
17 5
17 11
18 7
18 17
19 6
19 8
20 1
20 27
21 19
21 26
22 18
22 27
23 19
23 25
24 15
24 17
25 6
25 26
26 4
26 8
27 7
27 9
28 13
28 20
29 15
29 16

# solution 67
# n=30 sym=rot4 status=verified source=flammenkamp_cache/n30_rot4
# code=oEG3NAGPS38EL1A7M5PBCNRCKIK02OT05RT9B9H26HI4O7MJS8FLQ14DJ6QDF
0 14
0 16
1 3
1 23
2 10
2 16
3 25
3 28
4 3
4 8
5 14
5 21
6 1
6 10
7 7
7 22
8 5
8 25
9 11
9 12
10 23
10 27
11 12
11 20
12 18
12 20
13 0
13 2
14 24
14 29
15 0
15 5
16 27
16 29
17 9
17 11
18 9
18 17
19 2
19 6
20 17
20 18
21 4
21 24
22 7
22 22
23 19
23 28
24 8
24 15
25 21
25 26
26 1
26 4
27 13
27 19
28 6
28 26
29 13
29 15

# solution 68
# n=30 sym=rot4 status=verified source=flammenkamp_cache/n30_rot4
# code=oBEDM9IAM5NFP4A139DLRNQ2TCHLS5T0O18CH0R3628GKQSJP4E6O7JBK7GFI
0 11
0 14
1 13
1 22
2 9
2 18
3 10
3 22
4 5
4 23
5 15
5 25
6 4
6 10
7 1
7 3
8 9
8 13
9 21
9 27
10 23
10 26
11 2
11 29
12 12
12 17
13 21
13 28
14 5
14 29
15 0
15 24
16 1
16 8
17 12
17 17
18 0
18 27
19 3
19 6
20 2
20 8
21 16
21 20
22 26
22 28
23 19
23 25
24 4
24 14
25 6
25 24
26 7
26 19
27 11
27 20
28 7
28 16
29 15
29 18

# solution 69
# n=30 sym=rot4 status=verified source=flammenkamp_cache/n30_rot4
# code=oGK9I6E4LEQHMHR583M0SAJ1D560IPR24BTNOGSAJ1T7QLO2C7C3F8PFNBK9D
0 16
0 20
1 9
1 18
2 6
2 14
3 4
3 21
4 14
4 26
5 17
5 22
6 17
6 27
7 5
7 8
8 3
8 22
9 0
9 28
10 10
10 19
11 1
11 13
12 5
12 6
13 0
13 18
14 25
14 27
15 2
15 4
16 11
16 29
17 23
17 24
18 16
18 28
19 10
19 19
20 1
20 29
21 7
21 26
22 21
22 24
23 2
23 12
24 7
24 12
25 3
25 15
26 8
26 25
27 15
27 23
28 11
28 20
29 9
29 13

# solution 70
# n=30 sym=rot4 status=verified source=flammenkamp_cache/n30_rot4
# code=o9L7AFG46FQCKLQHS065TISAD7O2I24PRBR5MGJ1B0ONT1C389H3ENPDEJM8K
0 9
0 21
1 7
1 10
2 15
2 16
3 4
3 6
4 15
4 26
5 12
5 20
6 21
6 26
7 17
7 28
8 0
8 6
9 5
9 29
10 18
10 28
11 10
11 13
12 7
12 24
13 2
13 18
14 2
14 4
15 25
15 27
16 11
16 27
17 5
17 22
18 16
18 19
19 1
19 11
20 0
20 24
21 23
21 29
22 1
22 12
23 3
23 8
24 9
24 17
25 3
25 14
26 23
26 25
27 13
27 14
28 19
28 22
29 8
29 20

# solution 71
# n=30 sym=rot4 status=verified source=flammenkamp_cache/n30_rot4
# code=oDN7PEO781E2D0LQS6QAIBK9JCHOTPR2405CHAK9IBJ3N138TGRFSLM5F4M6G
0 13
0 23
1 7
1 25
2 14
2 24
3 7
3 8
4 1
4 14
5 2
5 13
6 0
6 21
7 26
7 28
8 6
8 26
9 10
9 18
10 11
10 20
11 9
11 19
12 12
12 17
13 24
13 29
14 25
14 27
15 2
15 4
16 0
16 5
17 12
17 17
18 10
18 20
19 9
19 18
20 11
20 19
21 3
21 23
22 1
22 3
23 8
23 29
24 16
24 27
25 15
25 28
26 21
26 22
27 5
27 15
28 4
28 22
29 6
29 16

# solution 72
# n=30 sym=rot4 status=verified source=flammenkamp_cache/n30_rot4
# code=o5F366KISDEHTRS89HM2MDI3A58JP0P4T4ALOJQBG7R7CKL120CFG1B9NNQEO
0 5
0 15
1 3
1 6
2 6
2 20
3 18
3 28
4 13
4 14
5 17
5 29
6 27
6 28
7 8
7 9
8 17
8 22
9 2
9 22
10 13
10 18
11 3
11 10
12 5
12 8
13 19
13 25
14 0
14 25
15 4
15 29
16 4
16 10
17 21
17 24
18 19
18 26
19 11
19 16
20 7
20 27
21 7
21 12
22 20
22 21
23 1
23 2
24 0
24 12
25 15
25 16
26 1
26 11
27 9
27 23
28 23
28 26
29 14
29 24

# solution 73
# n=30 sym=rot4 status=verified source=flammenkamp_cache/n30_rot4
# code=oCJ2FCSFJKM7DKL4O6D4603BIRTLO13QS5802BIQTNPGN5P89GM79AE1HERAH
0 12
0 19
1 2
1 15
2 12
2 28
3 15
3 19
4 20
4 22
5 7
5 13
6 20
6 21
7 4
7 24
8 6
8 13
9 4
9 6
10 0
10 3
11 11
11 18
12 27
12 29
13 21
13 24
14 1
14 3
15 26
15 28
16 5
16 8
17 0
17 2
18 11
18 18
19 26
19 29
20 23
20 25
21 16
21 23
22 5
22 25
23 8
23 9
24 16
24 22
25 7
25 9
26 10
26 14
27 1
27 17
28 14
28 27
29 10
29 17

# solution 74
# n=30 sym=rot4 status=verified source=flammenkamp_cache/n30_rot4
# code=o5KELCOCF9L2T7DIN140PDI7AQRJN3S1Q6A23JMBG4TPS6BGM0R8KEH5H8F9O
0 5
0 20
1 14
1 21
2 12
2 24
3 12
3 15
4 9
4 21
5 2
5 29
6 7
6 13
7 18
7 23
8 1
8 4
9 0
9 25
10 13
10 18
11 7
11 10
12 26
12 27
13 19
13 23
14 3
14 28
15 1
15 26
16 6
16 10
17 2
17 3
18 19
18 22
19 11
19 16
20 4
20 29
21 25
21 28
22 6
22 11
23 16
23 22
24 0
24 27
25 8
25 20
26 14
26 17
27 5
27 17
28 8
28 15
29 9
29 24

# solution 75
# n=30 sym=rot4 status=verified source=flammenkamp_cache/n30_rot4
# code=o5K8ECOCF9L2T7DIN4S0PDI7AQRJN3S1Q6A23JMBG4T1P6BGM0R8KEH5HFL9O
0 5
0 20
1 8
1 14
2 12
2 24
3 12
3 15
4 9
4 21
5 2
5 29
6 7
6 13
7 18
7 23
8 4
8 28
9 0
9 25
10 13
10 18
11 7
11 10
12 26
12 27
13 19
13 23
14 3
14 28
15 1
15 26
16 6
16 10
17 2
17 3
18 19
18 22
19 11
19 16
20 4
20 29
21 1
21 25
22 6
22 11
23 16
23 22
24 0
24 27
25 8
25 20
26 14
26 17
27 5
27 17
28 15
28 21
29 9
29 24

# solution 76
# n=30 sym=rot4 status=verified source=flammenkamp_cache/n30_rot4
# code=oFG8A2RFM9J6H9O3IGSNP4S7C5I0803QTLTBOHM1P461DBQ5KCNAK7E2RJLDE
0 15
0 16
1 8
1 10
2 2
2 27
3 15
3 22
4 9
4 19
5 6
5 17
6 9
6 24
7 3
7 18
8 16
8 28
9 23
9 25
10 4
10 28
11 7
11 12
12 5
12 18
13 0
13 8
14 0
14 3
15 26
15 29
16 21
16 29
17 11
17 24
18 17
18 22
19 1
19 25
20 4
20 6
21 1
21 13
22 11
22 26
23 5
23 20
24 12
24 23
25 10
25 20
26 7
26 14
27 2
27 27
28 19
28 21
29 13
29 14

# solution 77
# n=30 sym=rot4 status=verified source=flammenkamp_cache/n30_rot4
# code=o4F7N8CFJ5TDP1KJSCR6I379DLRIO03QT5B28GKMQBN2H1A9S4G0OAEHL6MEP
0 4
0 15
1 7
1 23
2 8
2 12
3 15
3 19
4 5
4 29
5 13
5 25
6 1
6 20
7 19
7 28
8 12
8 27
9 6
9 18
10 3
10 7
11 9
11 13
12 21
12 27
13 18
13 24
14 0
14 3
15 26
15 29
16 5
16 11
17 2
17 8
18 16
18 20
19 22
19 26
20 11
20 23
21 2
21 17
22 1
22 10
23 9
23 28
24 4
24 16
25 0
25 24
26 10
26 14
27 17
27 21
28 6
28 22
29 14
29 25

# solution 78
# n=30 sym=rot4 status=verified source=flammenkamp_cache/n30_rot4
# code=o8FHI8AFNIO4K37KNRT57CR141JDG03QTDGASPS2HMO0269MQ9P5B6EJLBCEL
0 8
0 15
1 17
1 18
2 8
2 10
3 15
3 23
4 18
4 24
5 4
5 20
6 3
6 7
7 20
7 23
8 27
8 29
9 5
9 7
10 12
10 27
11 1
11 4
12 1
12 19
13 13
13 16
14 0
14 3
15 26
15 29
16 13
16 16
17 10
17 28
18 25
18 28
19 2
19 17
20 22
20 24
21 0
21 2
22 6
22 9
23 22
23 26
24 9
24 25
25 5
25 11
26 6
26 14
27 19
27 21
28 11
28 12
29 14
29 21

# solution 79
# n=30 sym=rot4 status=verified source=flammenkamp_cache/n30_rot4
# code=oFM9B5KDFJMAR6N04CD2S4OCSILLQ03QT388B1H5P1RGHPT6N2J7AEG9OIK7E
0 15
0 22
1 9
1 11
2 5
2 20
3 13
3 15
4 19
4 22
5 10
5 27
6 6
6 23
7 0
7 4
8 12
8 13
9 2
9 28
10 4
10 24
11 12
11 28
12 18
12 21
13 21
13 26
14 0
14 3
15 26
15 29
16 3
16 8
17 8
17 11
18 1
18 17
19 5
19 25
20 1
20 27
21 16
21 17
22 25
22 29
23 6
23 23
24 2
24 19
25 7
25 10
26 14
26 16
27 9
27 24
28 18
28 20
29 7
29 14

# solution 80
# n=30 sym=rot4 status=verified source=flammenkamp_cache/n30_rot4
# code=oEJ7K5PAF28HRKM6SGP160QDH5B8I3T0QBLIOCG3TNS4D1N792CLREJ4O9MAF
0 14
0 19
1 7
1 20
2 5
2 25
3 10
3 15
4 2
4 8
5 17
5 27
6 20
6 22
7 6
7 28
8 16
8 25
9 1
9 6
10 0
10 26
11 13
11 17
12 5
12 11
13 8
13 18
14 3
14 29
15 0
15 26
16 11
16 21
17 18
17 24
18 12
18 16
19 3
19 29
20 23
20 28
21 4
21 13
22 1
22 23
23 7
23 9
24 2
24 12
25 21
25 27
26 14
26 19
27 4
27 24
28 9
28 22
29 10
29 15

# solution 81
# n=30 sym=rot4 status=verified source=flammenkamp_cache/n30_rot4
# code=oCF6MCLAE56LPPS1B25ADKQDMRTIK0Q3T9B027G39GJORIS1448NOFJ8H7NEH
0 12
0 15
1 6
1 22
2 12
2 21
3 10
3 14
4 5
4 6
5 21
5 25
6 25
6 28
7 1
7 11
8 2
8 5
9 10
9 13
10 20
10 26
11 13
11 22
12 27
12 29
13 18
13 20
14 0
14 26
15 3
15 29
16 9
16 11
17 0
17 2
18 7
18 16
19 3
19 9
20 16
20 19
21 24
21 27
22 18
22 28
23 1
23 4
24 4
24 8
25 23
25 24
26 15
26 19
27 8
27 17
28 7
28 23
29 14
29 17

# solution 82
# n=30 sym=rot4 status=verified source=flammenkamp_cache/n30_rot4
# code=oEH7N8HFJNO4814ISORGJ397D029I3T0QBKRTGMKQAD251BPSLP56AECL6MCF
0 14
0 17
1 7
1 23
2 8
2 17
3 15
3 19
4 23
4 24
5 4
5 8
6 1
6 4
7 18
7 28
8 24
8 27
9 16
9 19
10 3
10 9
11 7
11 13
12 0
12 2
13 9
13 18
14 3
14 29
15 0
15 26
16 11
16 20
17 27
17 29
18 16
18 22
19 20
19 26
20 10
20 13
21 2
21 5
22 1
22 11
23 25
23 28
24 21
24 25
25 5
25 6
26 10
26 14
27 12
27 21
28 6
28 22
29 12
29 15

# solution 83
# n=30 sym=rot4 status=verified source=flammenkamp_cache/n30_rot4
# code=oJK7FCFIK7N8G4BPSJO03083NDR5H12RSCO2G6QLTQT5A14IPDL6M9BEHEM9A
0 19
0 20
1 7
1 15
2 12
2 15
3 18
3 20
4 7
4 23
5 8
5 16
6 4
6 11
7 25
7 28
8 19
8 24
9 0
9 3
10 0
10 8
11 3
11 23
12 13
12 27
13 5
13 17
14 1
14 2
15 27
15 28
16 12
16 24
17 2
17 16
18 6
18 26
19 21
19 29
20 26
20 29
21 5
21 10
22 1
22 4
23 18
23 25
24 13
24 21
25 6
25 22
26 9
26 11
27 14
27 17
28 14
28 22
29 9
29 10

# solution 84
# n=30 sym=rot4 status=verified source=flammenkamp_cache/n30_rot4
# code=o8IFMAFAP3K6KDO1DBT45QR0LCHMN12RS67CH8T23OP0IGS5G9N9Q4JEJ7EBL
0 8
0 18
1 15
1 22
2 10
2 15
3 10
3 25
4 3
4 20
5 6
5 20
6 13
6 24
7 1
7 13
8 11
8 29
9 4
9 5
10 26
10 27
11 0
11 21
12 12
12 17
13 22
13 23
14 1
14 2
15 27
15 28
16 6
16 7
17 12
17 17
18 8
18 29
19 2
19 3
20 24
20 25
21 0
21 18
22 16
22 28
23 5
23 16
24 9
24 23
25 9
25 26
26 4
26 19
27 14
27 19
28 7
28 14
29 11
29 21

# solution 85
# n=30 sym=rot4 status=verified source=flammenkamp_cache/n30_rot4
# code=o8IFMAF4AKQ6KDO1DBT45QR0LCHMN12RS67CH8T23OP0IGS5G9N39JPEJ7EBL
0 8
0 18
1 15
1 22
2 10
2 15
3 4
3 10
4 20
4 26
5 6
5 20
6 13
6 24
7 1
7 13
8 11
8 29
9 4
9 5
10 26
10 27
11 0
11 21
12 12
12 17
13 22
13 23
14 1
14 2
15 27
15 28
16 6
16 7
17 12
17 17
18 8
18 29
19 2
19 3
20 24
20 25
21 0
21 18
22 16
22 28
23 5
23 16
24 9
24 23
25 3
25 9
26 19
26 25
27 14
27 19
28 7
28 14
29 11
29 21

# solution 86
# n=30 sym=rot4 status=verified source=flammenkamp_cache/n30_rot4
# code=oBEJL6EBCKO4HMR691D4M1DQT5QJLRT028A3O03GS7PGSKN27CP59HIFN8AFI
0 11
0 14
1 19
1 21
2 6
2 14
3 11
3 12
4 20
4 24
5 4
5 17
6 22
6 27
7 6
7 9
8 1
8 13
9 4
9 22
10 1
10 13
11 26
11 29
12 5
12 26
13 19
13 21
14 27
14 29
15 0
15 2
16 8
16 10
17 3
17 24
18 0
18 3
19 16
19 28
20 7
20 25
21 16
21 28
22 20
22 23
23 2
23 7
24 12
24 25
25 5
25 9
26 17
26 18
27 15
27 23
28 8
28 10
29 15
29 18

# solution 87
# n=30 sym=rot4 status=verified source=flammenkamp_cache/n30_rot4
# code=oEIDOEN6L5H1P2QGH3AABKL0K477SRT021MMP9T89IJJQCD3R4SCO8N6F5GBF
0 14
0 18
1 13
1 24
2 14
2 23
3 6
3 21
4 5
4 17
5 1
5 25
6 2
6 26
7 16
7 17
8 3
8 10
9 10
9 11
10 20
10 21
11 0
11 20
12 4
12 7
13 7
13 28
14 27
14 29
15 0
15 2
16 1
16 22
17 22
17 25
18 9
18 29
19 8
19 9
20 18
20 19
21 19
21 26
22 12
22 13
23 3
23 27
24 4
24 28
25 12
25 24
26 8
26 23
27 6
27 15
28 5
28 16
29 11
29 15

# solution 88
# n=30 sym=rot4 status=verified source=flammenkamp_cache/n30_rot4
# code=oEIDNAF5AKLNQ159D4C4MQR0CILMS2T0R178BHT237PHPGKOS3689JOEJ6GBF
0 14
0 18
1 13
1 23
2 10
2 15
3 5
3 10
4 20
4 21
5 23
5 26
6 1
6 5
7 9
7 13
8 4
8 12
9 4
9 22
10 26
10 27
11 0
11 12
12 18
12 21
13 22
13 28
14 2
14 29
15 0
15 27
16 1
16 7
17 8
17 11
18 17
18 29
19 2
19 3
20 7
20 25
21 17
21 25
22 16
22 20
23 24
23 28
24 3
24 6
25 8
25 9
26 19
26 24
27 14
27 19
28 6
28 16
29 11
29 15

# solution 89
# n=30 sym=rot4 status=verified source=flammenkamp_cache/n30_rot4
# code=o9FMN4EBJMRBD1914HJNT38OQ8DHO0R2T5CGL35LQ06ACPSKSGI27AIFP67EK
0 9
0 15
1 22
1 23
2 4
2 14
3 11
3 19
4 22
4 27
5 11
5 13
6 1
6 9
7 1
7 4
8 17
8 19
9 23
9 29
10 3
10 8
11 24
11 26
12 8
12 13
13 17
13 24
14 0
14 27
15 2
15 29
16 5
16 12
17 16
17 21
18 3
18 5
19 21
19 26
20 0
20 6
21 10
21 12
22 25
22 28
23 20
23 28
24 16
24 18
25 2
25 7
26 10
26 18
27 15
27 25
28 6
28 7
29 14
29 20

# solution 90
# n=30 sym=rot4 status=verified source=flammenkamp_cache/n30_rot4
# code=oEKEI69LMAGDI7R3N3A0RLP15CH4OST015PCHOS482TJQ6Q2MBGDJ78KNBF9F
0 14
0 20
1 14
1 18
2 6
2 9
3 21
3 22
4 10
4 16
5 13
5 18
6 7
6 27
7 3
7 23
8 3
8 10
9 0
9 27
10 21
10 25
11 1
11 5
12 12
12 17
13 4
13 24
14 28
14 29
15 0
15 1
16 5
16 25
17 12
17 17
18 24
18 28
19 4
19 8
20 2
20 29
21 19
21 26
22 6
22 26
23 2
23 22
24 11
24 16
25 13
25 19
26 7
26 8
27 20
27 23
28 11
28 15
29 9
29 15

# solution 91
# n=30 sym=rot4 status=verified source=flammenkamp_cache/n30_rot4
# code=oEKFJ38BRLNDM4I5J4R0D176QCHKO1T0S59CH3NMSGT2PAOBP7G682ILQAE9F
0 14
0 20
1 15
1 19
2 3
2 8
3 11
3 27
4 21
4 23
5 13
5 22
6 4
6 18
7 5
7 19
8 4
8 27
9 0
9 13
10 1
10 7
11 6
11 26
12 12
12 17
13 20
13 24
14 1
14 29
15 0
15 28
16 5
16 9
17 12
17 17
18 3
18 23
19 22
19 28
20 16
20 29
21 2
21 25
22 10
22 24
23 11
23 25
24 7
24 16
25 6
25 8
26 2
26 18
27 21
27 26
28 10
28 14
29 9
29 15

# solution 92
# n=30 sym=rot4 status=verified source=flammenkamp_cache/n30_rot4
# code=o9FEI5N7956PR2PGQGJQT8B1JCH780S1TLMCHASIL03AD3D4R24NOKM6OBFEK
0 9
0 15
1 14
1 18
2 5
2 23
3 7
3 9
4 5
4 6
5 25
5 27
6 2
6 25
7 16
7 26
8 16
8 19
9 26
9 29
10 8
10 11
11 1
11 19
12 12
12 17
13 7
13 8
14 0
14 28
15 1
15 29
16 21
16 22
17 12
17 17
18 10
18 28
19 18
19 21
20 0
20 3
21 10
21 13
22 3
22 13
23 4
23 27
24 2
24 4
25 23
25 24
26 20
26 22
27 6
27 24
28 11
28 15
29 14
29 20

