# solution 1
# n=31 sym=rct4 status=verified source=flammenkamp_cache/n31_rct4
# code=cBGAGKMDJ8P457LCO2Q6C2T3ULNFR01DHTU3F790R1SIO4S6I9NPQ5MBH8AEKEJ
0 11
0 16
1 10
1 16
2 20
2 22
3 13
3 19
4 8
4 25
5 4
5 5
6 7
6 21
7 12
7 24
8 2
8 26
9 6
9 12
10 2
10 29
11 3
11 30
12 21
12 23
13 15
13 27
14 0
14 1
15 13
15 17
16 29
16 30
17 3
17 15
18 7
18 9
19 0
19 27
20 1
20 28
21 18
21 24
22 4
22 28
23 6
23 18
24 9
24 23
25 25
25 26
26 5
26 22
27 11
27 17
28 8
28 10
29 14
29 20
30 14
30 19

# solution 2
# n=31 sym=rct4 status=verified source=flammenkamp_cache/n31_rct4
# code=cELAJCE4N6R7CHQ3P9B0MFT1MPS6DSUAK02HO258T1F8UJL5R4DIN3O7QGIBK9G
0 14
0 21
1 10
1 19
2 12
2 14
3 4
3 23
4 6
4 27
5 7
5 12
6 17
6 26
7 3
7 25
8 9
8 11
9 0
9 22
10 15
10 29
11 1
11 22
12 25
12 28
13 6
13 13
14 28
14 30
15 10
15 20
16 0
16 2
17 17
17 24
18 2
18 5
19 8
19 29
20 1
20 15
21 8
21 30
22 19
22 21
23 5
23 27
24 4
24 13
25 18
25 23
26 3
26 24
27 7
27 26
28 16
28 18
29 11
29 20
30 9
30 16

# solution 3
# n=31 sym=rct4 status=verified source=flammenkamp_cache/n31_rct4
# code=cBC6KIMEQ3K5N9T5F2DJO149U2UEMHR7N3D8G0S0LQT6BHSFP1L7PAR4G8CAOIJ
0 11
0 12
1 6
1 20
2 18
2 22
3 14
3 26
4 3
4 20
5 5
5 23
6 9
6 29
7 5
7 15
8 2
8 13
9 19
9 24
10 1
10 4
11 9
11 30
12 2
12 30
13 14
13 22
14 17
14 27
15 7
15 23
16 3
16 13
17 8
17 16
18 0
18 28
19 0
19 21
20 26
20 29
21 6
21 11
22 17
22 28
23 15
23 25
24 1
24 21
25 7
25 25
26 10
26 27
27 4
27 16
28 8
28 12
29 10
29 24
30 18
30 19

# solution 4
# n=31 sym=rct4 status=verified source=flammenkamp_cache/n31_rct4
# code=cDF4I9I3GOT694PDJAEPSBM7K12NU3M0U8R07STAN8J25GKBH5QLO16ERCLCQFH
0 13
0 15
1 4
1 18
2 9
2 18
3 3
3 16
4 24
4 29
5 6
5 9
6 4
6 25
7 13
7 19
8 10
8 14
9 25
9 28
10 11
10 22
11 7
11 20
12 1
12 2
13 23
13 30
14 3
14 22
15 0
15 30
16 8
16 27
17 0
17 7
18 28
18 29
19 10
19 23
20 8
20 19
21 2
21 5
22 16
22 20
23 11
23 17
24 5
24 26
25 21
25 24
26 1
26 6
27 14
27 27
28 12
28 21
29 12
29 26
30 15
30 17

# solution 5
# n=31 sym=rct4 status=verified source=flammenkamp_cache/n31_rct4
# code=c3F1D8IDU698EKQGJPSKQ697C2JRT7P0U5N13BSINLO4A25BE4AGMLO0HCMHTFR
0 3
0 15
1 1
1 13
2 8
2 18
3 13
3 30
4 6
4 9
5 8
5 14
6 20
6 26
7 16
7 19
8 25
8 28
9 20
9 26
10 6
10 9
11 7
11 12
12 2
12 19
13 27
13 29
14 7
14 25
15 0
15 30
16 5
16 23
17 1
17 3
18 11
18 28
19 18
19 23
20 21
20 24
21 4
21 10
22 2
22 5
23 11
23 14
24 4
24 10
25 16
25 22
26 21
26 24
27 0
27 17
28 12
28 22
29 17
29 29
30 15
30 27

