# solution 1
# n=31 sym=dia2 status=verified source=flammenkamp_cache/n31_dia2
# code=x7Q5KMRGSGU1ACH09HS7J5TBL6FMOQRCI3468FO9J1PBN2DLUDIKT0E2E38AP4N
0 7
0 26
1 5
1 20
2 22
2 27
3 16
3 28
4 16
4 30
5 1
5 10
6 12
6 17
7 0
7 9
8 17
8 28
9 7
9 19
10 5
10 29
11 11
11 21
12 6
12 15
13 22
13 24
14 26
14 27
15 12
15 18
16 3
16 4
17 6
17 8
18 15
18 24
19 9
19 19
20 1
20 25
21 11
21 23
22 2
22 13
23 21
23 30
24 13
24 18
25 20
25 29
26 0
26 14
27 2
27 14
28 3
28 8
29 10
29 25
30 4
30 23

# solution 2
# n=31 sym=dia2 status=verified source=flammenkamp_cache/n31_dia2
# code=xCELMORGS69FN4SBPHT4TBH7A0CKM0R5P3U8AIUKNDJ1Q1D5J2Q7FLO2E3689GI
0 12
0 14
1 21
1 22
2 24
2 27
3 16
3 28
4 6
4 9
5 15
5 23
6 4
6 28
7 11
7 25
8 17
8 29
9 4
9 29
10 11
10 17
11 7
11 10
12 0
12 12
13 20
13 22
14 0
14 27
15 5
15 25
16 3
16 30
17 8
17 10
18 18
18 30
19 20
19 23
20 13
20 19
21 1
21 26
22 1
22 13
23 5
23 19
24 2
24 26
25 7
25 15
26 21
26 24
27 2
27 14
28 3
28 6
29 8
29 9
30 16
30 18

