# solution 1
# n=31 sym=dia1 status=verified source=flammenkamp_cache/n31_dia1
# code=/6B7EGI6JCO8G031C5NQRHS0L47DQ1NFR25AT2M3SLUBKIU8E4POT9D9FAJHPKM
0 6
0 11
1 7
1 14
2 16
2 18
3 6
3 19
4 12
4 24
5 8
5 16
6 0
6 3
7 1
7 12
8 5
8 23
9 26
9 27
10 17
10 28
11 0
11 21
12 4
12 7
13 13
13 26
14 1
14 23
15 15
15 27
16 2
16 5
17 10
17 29
18 2
18 22
19 3
19 28
20 21
20 30
21 11
21 20
22 18
22 30
23 8
23 14
24 4
24 25
25 24
25 29
26 9
26 13
27 9
27 15
28 10
28 19
29 17
29 25
30 20
30 22

# solution 2
# n=31 sym=dia1 status=verified source=flammenkamp_cache/n31_dia1
# code=/DH46AHMO1OFR1G7BNPPU2J7CBE0TCR5F6S02KUAQIQMS3L8T3489JK5EGLDN9I
0 13
0 17
1 4
1 6
2 10
2 17
3 22
3 24
4 1
4 24
5 15
5 27
6 1
6 16
7 7
7 11
8 23
8 25
9 25
9 30
10 2
10 19
11 7
11 12
12 11
12 14
13 0
13 29
14 12
14 27
15 5
15 15
16 6
16 28
17 0
17 2
18 20
18 30
19 10
19 26
20 18
20 26
21 22
21 28
22 3
22 21
23 8
23 29
24 3
24 4
25 8
25 9
26 19
26 20
27 5
27 14
28 16
28 21
29 13
29 23
30 9
30 18

# solution 3
# n=31 sym=dia1 status=verified source=flammenkamp_cache/n31_dia1
# code=/DH9OJPCGGO7RCK59EQ17PQKM360T8FEF340RTU2J6BMSBLSU142A8A5HLNDIIN
0 13
0 17
1 9
1 24
2 19
2 25
3 12
3 16
4 16
4 24
5 7
5 27
6 12
6 20
7 5
7 9
8 14
8 26
9 1
9 7
10 25
10 26
11 20
11 22
12 3
12 6
13 0
13 29
14 8
14 15
15 14
15 15
16 3
16 4
17 0
17 27
18 29
18 30
19 2
19 19
20 6
20 11
21 22
21 28
22 11
22 21
23 28
23 30
24 1
24 4
25 2
25 10
26 8
26 10
27 5
27 17
28 21
28 23
29 13
29 18
30 18
30 23

# solution 4
# n=31 sym=dia1 status=verified source=flammenkamp_cache/n31_dia1
# code=/COEHJP8C36BSKU4MFN7DKO1S8D1T79FM2TILRU0P026GIRGL9Q345N5QAEHJAB
0 12
0 24
1 14
1 17
2 19
2 25
3 8
3 12
4 3
4 6
5 11
5 28
6 20
6 30
7 4
7 22
8 15
8 23
9 7
9 13
10 20
10 24
11 1
11 28
12 8
12 13
13 1
13 29
14 7
14 9
15 15
15 22
16 2
16 29
17 18
17 21
18 27
18 30
19 0
19 25
20 0
20 2
21 6
21 16
22 18
22 27
23 16
23 21
24 9
24 26
25 3
25 4
26 5
26 23
27 5
27 26
28 10
28 14
29 17
29 19
30 10
30 11

# solution 5
# n=31 sym=dia1 status=verified source=flammenkamp_cache/n31_dia1
# code=/7D5JEG7MIO1AFP03LOHT5PCGBC0S2U6F2B9K4U1RHR8M3LQT486ANSJKDQ9NEI
0 7
0 13
1 5
1 19
2 14
2 16
3 7
3 22
4 18
4 24
5 1
5 10
6 15
6 25
7 0
7 3
8 21
8 24
9 17
9 29
10 5
10 25
11 12
11 16
12 11
12 12
13 0
13 28
14 2
14 30
15 6
15 15
16 2
16 11
17 9
17 20
18 4
18 30
19 1
19 27
20 17
20 27
21 8
21 22
22 3
22 21
23 26
23 29
24 4
24 8
25 6
25 10
26 23
26 28
27 19
27 20
28 13
28 26
29 9
29 23
30 14
30 18

# solution 6
# n=31 sym=dia1 status=verified source=flammenkamp_cache/n31_dia1
# code=/5L9ECGELPT0BGSNPFJ1A9F5O2JDT138A26KQRU8CHO03SU7NBK47HRIQ6M4DIM
0 5
0 21
1 9
1 14
2 12
2 16
3 14
3 21
4 25
4 29
5 0
5 11
6 16
6 28
7 23
7 25
8 15
8 19
9 1
9 10
10 9
10 15
11 5
11 24
12 2
12 19
13 13
13 29
14 1
14 3
15 8
15 10
16 2
16 6
17 20
17 26
18 27
18 30
19 8
19 12
20 17
20 24
21 0
21 3
22 28
22 30
23 7
23 23
24 11
24 20
25 4
25 7
26 17
26 27
27 18
27 26
28 6
28 22
29 4
29 13
30 18
30 22

# solution 7
# n=31 sym=dia1 status=verified source=flammenkamp_cache/n31_dia1
# code=/JRGMCE9U8IMPEF7NPT7B3F2UDQ281TKOOSBI0SDL461RHQLN0A345A5KHJ9G6C
0 19
0 27
1 16
1 22
2 12
2 14
3 9
3 30
4 8
4 18
5 22
5 25
6 14
6 15
7 7
7 23
8 25
8 29
9 7
9 11
10 3
10 15
11 2
11 30
12 13
12 26
13 2
13 8
14 1
14 29
15 20
15 24
16 24
16 28
17 11
17 18
18 0
18 28
19 13
19 21
20 4
20 6
21 1
21 27
22 17
22 26
23 21
23 23
24 0
24 10
25 3
25 4
26 5
26 10
27 5
27 20
28 17
28 19
29 9
29 16
30 6
30 12

# solution 8
# n=31 sym=dia1 status=verified source=flammenkamp_cache/n31_dia1
# code=/BGEKNP7R5BPSFL6S1E4OIT9D2KAD2U9OMTHJ0AQUCHFJ036R7N1Q3L48GI5M8C
0 11
0 16
1 14
1 20
2 23
2 25
3 7
3 27
4 5
4 11
5 25
5 28
6 15
6 21
7 6
7 28
8 1
8 14
9 4
9 24
10 18
10 29
11 9
11 13
12 2
12 20
13 10
13 13
14 2
14 30
15 9
15 24
16 22
16 29
17 17
17 19
18 0
18 10
19 26
19 30
20 12
20 17
21 15
21 19
22 0
22 3
23 6
23 27
24 7
24 23
25 1
25 26
26 3
26 21
27 4
27 8
28 16
28 18
29 5
29 22
30 8
30 12

# solution 9
# n=31 sym=dia1 status=verified source=flammenkamp_cache/n31_dia1
# code=/GNBJ2B7RGJ2O7P3U0DFH59QT6E1LQU4L6IAM04ST1D8K59OREI8KCF3NPSAHCM
0 16
0 23
1 11
1 19
2 2
2 11
3 7
3 27
4 16
4 19
5 2
5 24
6 7
6 25
7 3
7 30
8 0
8 13
9 15
9 17
10 5
10 9
11 26
11 29
12 6
12 14
13 1
13 21
14 26
14 30
15 4
15 21
16 6
16 18
17 10
17 22
18 0
18 4
19 28
19 29
20 1
20 13
21 8
21 20
22 5
22 9
23 24
23 27
24 14
24 18
25 8
25 20
26 12
26 15
27 3
27 23
28 25
28 28
29 10
29 17
30 12
30 22

# solution 10
# n=31 sym=dia1 status=verified source=flammenkamp_cache/n31_dia1
# code=/HNBDIL6GFO342QLU8ENS154IJSEUBR9QHM9T06GT15DF0M37CRAKJP7P2OAK8C
0 17
0 23
1 11
1 13
2 18
2 21
3 6
3 16
4 15
4 24
5 3
5 4
6 2
6 26
7 21
7 30
8 8
8 14
9 23
9 28
10 1
10 5
11 4
11 18
12 19
12 28
13 14
13 30
14 11
14 27
15 9
15 26
16 17
16 22
17 9
17 29
18 0
18 6
19 16
19 29
20 1
20 5
21 13
21 15
22 0
22 22
23 3
23 7
24 12
24 27
25 10
25 20
26 19
26 25
27 7
27 25
28 2
28 24
29 10
29 20
30 8
30 12

# solution 11
# n=31 sym=dia1 status=verified source=flammenkamp_cache/n31_dia1
# code=/DH4MKPFN186S5E8I47FSKTINJT0R6E39QU0L7BCO2AHU1P3BJQ2MGODR59ACGL
0 13
0 17
1 4
1 22
2 20
2 25
3 15
3 23
4 1
4 8
5 6
5 28
6 5
6 14
7 8
7 18
8 4
8 7
9 15
9 28
10 20
10 29
11 18
11 23
12 19
12 29
13 0
13 27
14 6
14 14
15 3
15 9
16 26
16 30
17 0
17 21
18 7
18 11
19 12
19 24
20 2
20 10
21 17
21 30
22 1
22 25
23 3
23 11
24 19
24 26
25 2
25 22
26 16
26 24
27 13
27 27
28 5
28 9
29 10
29 12
30 16
30 21

# solution 12
# n=31 sym=dia1 status=verified source=flammenkamp_cache/n31_dia1
# code=/FPEKAG9N4MEU5M9ROQ5DHT026D8K0S8UPTIL261B7SNRFH1ACILO3Q34CJ7BGJ
0 15
0 25
1 14
1 20
2 10
2 16
3 9
3 23
4 4
4 22
5 14
5 30
6 5
6 22
7 9
7 27
8 24
8 26
9 5
9 13
10 17
10 29
11 0
11 2
12 6
12 13
13 8
13 20
14 0
14 28
15 8
15 30
16 25
16 29
17 18
17 21
18 2
18 6
19 1
19 11
20 7
20 28
21 23
21 27
22 15
22 17
23 1
23 10
24 12
24 18
25 21
25 24
26 3
26 26
27 3
27 4
28 12
28 19
29 7
29 11
30 16
30 19

# solution 13
# n=31 sym=dia1 status=verified source=flammenkamp_cache/n31_dia1
# code=/DK696GGLMO9H12QSFJ15BOAUDI0CTU8N235KCR8L0H3J4TFP4ANS7QIR7PEMBE
0 13
0 20
1 6
1 9
2 6
2 16
3 16
3 21
4 22
4 24
5 9
5 17
6 1
6 2
7 26
7 28
8 15
8 19
9 1
9 5
10 11
10 24
11 10
11 30
12 13
12 18
13 0
13 12
14 29
14 30
15 8
15 23
16 2
16 3
17 5
17 20
18 12
18 27
19 8
19 21
20 0
20 17
21 3
21 19
22 4
22 29
23 15
23 25
24 4
24 10
25 23
25 28
26 7
26 26
27 18
27 27
28 7
28 25
29 14
29 22
30 11
30 14

# solution 14
# n=31 sym=dia1 status=verified source=flammenkamp_cache/n31_dia1
# code=/BJEIKQDN8S7L1BDR26LP7SAU1T3E0A08HTNR59OUGJ3CFQKP4M4C569H2MIOFG
0 11
0 19
1 14
1 18
2 20
2 26
3 13
3 23
4 8
4 28
5 7
5 21
6 1
6 11
7 13
7 27
8 2
8 6
9 21
9 25
10 7
10 28
11 10
11 30
12 1
12 29
13 3
13 14
14 0
14 10
15 0
15 8
16 17
16 29
17 23
17 27
18 5
18 9
19 24
19 30
20 16
20 19
21 3
21 12
22 15
22 26
23 20
23 25
24 4
24 22
25 4
25 12
26 5
26 6
27 9
27 17
28 2
28 22
29 18
29 24
30 15
30 16

# solution 15
# n=31 sym=dia1 status=verified source=flammenkamp_cache/n31_dia1
# code=/JLDG6Q8OJTDP268F37BSLS9IET15CK7P1KRUBO04EG0ANRMU3I5F2QHM9A4CHN
0 19
0 21
1 13
1 16
2 6
2 26
3 8
3 24
4 19
4 29
5 13
5 25
6 2
6 6
7 8
7 15
8 3
8 7
9 11
9 28
10 21
10 28
11 9
11 18
12 14
12 29
13 1
13 5
14 12
14 20
15 7
15 25
16 1
16 20
17 27
17 30
18 11
18 24
19 0
19 4
20 14
20 16
21 0
21 10
22 23
22 27
23 22
23 30
24 3
24 18
25 5
25 15
26 2
26 26
27 17
27 22
28 9
28 10
29 4
29 12
30 17
30 23

# solution 16
# n=31 sym=dia1 status=verified source=flammenkamp_cache/n31_dia1
# code=/BI8K4FCQ2N7PGS5U1PAJ9A0K3DCJQU2N6RMT0I9D1BOTHR4FLS583EGM6OHL7E
0 11
0 18
1 8
1 20
2 4
2 15
3 12
3 26
4 2
4 23
5 7
5 25
6 16
6 28
7 5
7 30
8 1
8 25
9 10
9 19
10 9
10 10
11 0
11 20
12 3
12 13
13 12
13 19
14 26
14 30
15 2
15 23
16 6
16 27
17 22
17 29
18 0
18 18
19 9
19 13
20 1
20 11
21 24
21 29
22 17
22 27
23 4
23 15
24 21
24 28
25 5
25 8
26 3
26 14
27 16
27 22
28 6
28 24
29 17
29 21
30 7
30 14

# solution 17
# n=31 sym=dia1 status=verified source=flammenkamp_cache/n31_dia1
# code=/CFAM1L5DOQCN4QFPJT5SAE8M347E03NUHK1RPU27KT089JBH26LRIOGI6BDS9G
0 12
0 15
1 10
1 22
2 1
2 21
3 5
3 13
4 24
4 26
5 12
5 23
6 4
6 26
7 15
7 25
8 19
8 29
9 5
9 28
10 10
10 14
11 8
11 22
12 3
12 4
13 7
13 14
14 0
14 3
15 23
15 30
16 17
16 20
17 1
17 27
18 25
18 30
19 2
19 7
20 20
20 29
21 0
21 8
22 9
22 19
23 11
23 17
24 2
24 6
25 21
25 27
26 18
26 24
27 16
27 18
28 6
28 11
29 13
29 28
30 9
30 16

# solution 18
# n=31 sym=dia1 status=verified source=flammenkamp_cache/n31_dia1
# code=/FL8A2EHQ9ODJOSFP1I4Q1TCEBT5P2B07KR3K8S5NGH0UNRJM467D39GM6IACLU
0 15
0 21
1 8
1 10
2 2
2 14
3 17
3 26
4 9
4 24
5 13
5 19
6 24
6 28
7 15
7 25
8 1
8 18
9 4
9 26
10 1
10 29
11 12
11 14
12 11
12 29
13 5
13 25
14 2
14 11
15 0
15 7
16 20
16 27
17 3
17 20
18 8
18 28
19 5
19 23
20 16
20 17
21 0
21 30
22 23
22 27
23 19
23 22
24 4
24 6
25 7
25 13
26 3
26 9
27 16
27 22
28 6
28 18
29 10
29 12
30 21
30 30

# solution 19
# n=31 sym=dia1 status=verified source=flammenkamp_cache/n31_dia1
# code=/AJ6LDGIR3L7N3F5PCKQT5MEU2R0EAS4OHJ0S2M7BGU1614BP9TKN8FOQCI89DH
0 10
0 19
1 6
1 21
2 13
2 16
3 18
3 27
4 3
4 21
5 7
5 23
6 3
6 15
7 5
7 25
8 12
8 20
9 26
9 29
10 5
10 22
11 14
11 30
12 2
12 27
13 0
13 14
14 10
14 28
15 4
15 24
16 17
16 19
17 0
17 28
18 2
18 22
19 7
19 11
20 16
20 30
21 1
21 6
22 1
22 4
23 11
23 25
24 9
24 29
25 20
25 23
26 8
26 15
27 24
27 26
28 12
28 18
29 8
29 9
30 13
30 17

# solution 20
# n=31 sym=dia1 status=verified source=flammenkamp_cache/n31_dia1
# code=/9E79DHKQ8OFHFP1B4S01MO7GEU2K0C56BT25JPIM3DRTAJQS4A6I3NLR8NGLCU
0 9
0 14
1 7
1 9
2 13
2 17
3 20
3 26
4 8
4 24
5 15
5 17
6 15
6 25
7 1
7 11
8 4
8 28
9 0
9 1
10 22
10 24
11 7
11 16
12 14
12 30
13 2
13 20
14 0
14 12
15 5
15 6
16 11
16 29
17 2
17 5
18 19
18 25
19 18
19 22
20 3
20 13
21 27
21 29
22 10
22 19
23 26
23 28
24 4
24 10
25 6
25 18
26 3
26 23
27 21
27 27
28 8
28 23
29 16
29 21
30 12
30 30

# solution 21
# n=31 sym=dia1 status=verified source=flammenkamp_cache/n31_dia1
# code=/HK7DNSLP9DGR6AHS25BR5UEIAJNU1P460JQT1BCLIO2Q043TFOKM8F379MCG8E
0 17
0 20
1 7
1 13
2 23
2 28
3 21
3 25
4 9
4 13
5 16
5 27
6 6
6 10
7 17
7 28
8 2
8 5
9 11
9 27
10 5
10 30
11 14
11 18
12 10
12 19
13 23
13 30
14 1
14 25
15 4
15 6
16 0
16 19
17 26
17 29
18 1
18 11
19 12
19 21
20 18
20 24
21 2
21 26
22 0
22 4
23 3
23 29
24 15
24 24
25 20
25 22
26 8
26 15
27 3
27 7
28 9
28 22
29 12
29 16
30 8
30 14

# solution 22
# n=31 sym=dia1 status=verified source=flammenkamp_cache/n31_dia1
# code=/EG9GKPHL5848HNCR451SBUAJ7NDP0IOU0136EIBO2M3RKT6CFJ2DST7L9QMQAF
0 14
0 16
1 9
1 16
2 20
2 25
3 17
3 21
4 5
4 8
5 4
5 8
6 17
6 23
7 12
7 27
8 4
8 5
9 1
9 28
10 11
10 30
11 10
11 19
12 7
12 23
13 13
13 25
14 0
14 18
15 24
15 30
16 0
16 1
17 3
17 6
18 14
18 18
19 11
19 24
20 2
20 22
21 3
21 27
22 20
22 29
23 6
23 12
24 15
24 19
25 2
25 13
26 28
26 29
27 7
27 21
28 9
28 26
29 22
29 26
30 10
30 15

# solution 23
# n=31 sym=dia1 status=verified source=flammenkamp_cache/n31_dia1
# code=/FJ684IJO2ODG169H1Q7SMPEILT5DBS0P5T7U2B03NQCRAUKR34AF8KLN9ECGHM
0 15
0 19
1 6
1 8
2 4
2 18
3 19
3 24
4 2
4 24
5 13
5 16
6 1
6 6
7 9
7 17
8 1
8 26
9 7
9 28
10 22
10 25
11 14
11 18
12 21
12 29
13 5
13 13
14 11
14 28
15 0
15 25
16 5
16 29
17 7
17 30
18 2
18 11
19 0
19 3
20 23
20 26
21 12
21 27
22 10
22 30
23 20
23 27
24 3
24 4
25 10
25 15
26 8
26 20
27 21
27 23
28 9
28 14
29 12
29 16
30 17
30 22

# solution 24
# n=31 sym=dia1 status=verified source=flammenkamp_cache/n31_dia1
# code=/6GBI2MCHANIP0JBPNTCH4S1739LUFUEO0K39156TGMDS2K48FQ57ORQRAL8JDE
0 6
0 16
1 11
1 18
2 2
2 22
3 12
3 17
4 10
4 23
5 18
5 25
6 0
6 19
7 11
7 25
8 23
8 29
9 12
9 17
10 4
10 28
11 1
11 7
12 3
12 9
13 21
13 30
14 15
14 30
15 14
15 24
16 0
16 20
17 3
17 9
18 1
18 5
19 6
19 29
20 16
20 22
21 13
21 28
22 2
22 20
23 4
23 8
24 15
24 26
25 5
25 7
26 24
26 27
27 26
27 27
28 10
28 21
29 8
29 19
30 13
30 14

# solution 25
# n=31 sym=dia1 status=verified source=flammenkamp_cache/n31_dia1
# code=/BG168NLUEHPQ16CG2SBJMT097PLM4FET074OKU9RIN3DAD2KHS5C5RJQ8OAF3I
0 11
0 16
1 1
1 6
2 8
2 23
3 21
3 30
4 14
4 17
5 25
5 26
6 1
6 6
7 12
7 16
8 2
8 28
9 11
9 19
10 22
10 29
11 0
11 9
12 7
12 25
13 21
13 22
14 4
14 15
15 14
15 29
16 0
16 7
17 4
17 24
18 20
18 30
19 9
19 27
20 18
20 23
21 3
21 13
22 10
22 13
23 2
23 20
24 17
24 28
25 5
25 12
26 5
26 27
27 19
27 26
28 8
28 24
29 10
29 15
30 3
30 18

# solution 26
# n=31 sym=dia1 status=verified source=flammenkamp_cache/n31_dia1
# code=/8LEGASNUEF8FLT9P057P2SCHBCQT14451KBKNROUGH06MO3IJM79DRIQ2A6D3J
0 8
0 21
1 14
1 16
2 10
2 28
3 23
3 30
4 14
4 15
5 8
5 15
6 21
6 29
7 9
7 25
8 0
8 5
9 7
9 25
10 2
10 28
11 12
11 17
12 11
12 12
13 26
13 29
14 1
14 4
15 4
15 5
16 1
16 20
17 11
17 20
18 23
18 27
19 24
19 30
20 16
20 17
21 0
21 6
22 22
22 24
23 3
23 18
24 19
24 22
25 7
25 9
26 13
26 27
27 18
27 26
28 2
28 10
29 6
29 13
30 3
30 19

# solution 27
# n=31 sym=dia1 status=verified source=flammenkamp_cache/n31_dia1
# code=/AEGL6E9AQU6Q25BMGJ3U037RDNCK02PT18KTIN8SDH1O7SCILOFR45BPJMFH49
0 10
0 14
1 16
1 21
2 6
2 14
3 9
3 10
4 26
4 30
5 6
5 26
6 2
6 5
7 11
7 22
8 16
8 19
9 3
9 30
10 0
10 3
11 7
11 27
12 13
12 23
13 12
13 20
14 0
14 2
15 25
15 29
16 1
16 8
17 20
17 29
18 18
18 23
19 8
19 28
20 13
20 17
21 1
21 24
22 7
22 28
23 12
23 18
24 21
24 24
25 15
25 27
26 4
26 5
27 11
27 25
28 19
28 22
29 15
29 17
30 4
30 9

# solution 28
# n=31 sym=dia1 status=verified source=flammenkamp_cache/n31_dia1
# code=/FI9MJM6R4AFL3N9SEH174ULUPQEI8D05NT8J0D2HOT5B126GKSCQCP3R7OGKAB
0 15
0 18
1 9
1 22
2 19
2 22
3 6
3 27
4 4
4 10
5 15
5 21
6 3
6 23
7 9
7 28
8 14
8 17
9 1
9 7
10 4
10 30
11 21
11 30
12 25
12 26
13 14
13 18
14 8
14 13
15 0
15 5
16 23
16 29
17 8
17 19
18 0
18 13
19 2
19 17
20 24
20 29
21 5
21 11
22 1
22 2
23 6
23 16
24 20
24 28
25 12
25 26
26 12
26 25
27 3
27 27
28 7
28 24
29 16
29 20
30 10
30 11

# solution 29
# n=31 sym=dia1 status=verified source=flammenkamp_cache/n31_dia1
# code=/5CJNGL3CBFKP57HT26DSIPETEK4N0S2QIJ1LRU1Q896A0A4O9MOU7H3RFMBD8G
0 5
0 12
1 19
1 23
2 16
2 21
3 3
3 12
4 11
4 15
5 20
5 25
6 5
6 7
7 17
7 29
8 2
8 6
9 13
9 28
10 18
10 25
11 14
11 29
12 14
12 20
13 4
13 23
14 0
14 28
15 2
15 26
16 18
16 19
17 1
17 21
18 27
18 30
19 1
19 26
20 8
20 9
21 6
21 10
22 0
22 10
23 4
23 24
24 9
24 22
25 24
25 30
26 7
26 17
27 3
27 27
28 15
28 22
29 11
29 13
30 8
30 16

# solution 30
# n=31 sym=dia1 status=verified source=flammenkamp_cache/n31_dia1
# code=/CI7SDM8BFI5NBP1G3RGLNU360P2EDT4U79JO04HSOQ9L2Q5AHK6CKM8T1JERAF
0 12
0 18
1 7
1 28
2 13
2 22
3 8
3 11
4 15
4 18
5 5
5 23
6 11
6 25
7 1
7 16
8 3
8 27
9 16
9 21
10 23
10 30
11 3
11 6
12 0
12 25
13 2
13 14
14 13
14 29
15 4
15 30
16 7
16 9
17 19
17 24
18 0
18 4
19 17
19 28
20 24
20 26
21 9
21 21
22 2
22 26
23 5
23 10
24 17
24 20
25 6
25 12
26 20
26 22
27 8
27 29
28 1
28 19
29 14
29 27
30 10
30 15

# solution 31
# n=31 sym=dia1 status=verified source=flammenkamp_cache/n31_dia1
# code=/AJBE25PSGH2O7B6RGUDI0U16IN9D1MQR484K9C0SHQMNELCL5T3TFK7F3JOP8A
0 10
0 19
1 11
1 14
2 2
2 5
3 25
3 28
4 16
4 17
5 2
5 24
6 7
6 11
7 6
7 27
8 16
8 30
9 13
9 18
10 0
10 30
11 1
11 6
12 18
12 23
13 9
13 13
14 1
14 22
15 26
15 27
16 4
16 8
17 4
17 20
18 9
18 12
19 0
19 28
20 17
20 26
21 22
21 23
22 14
22 21
23 12
23 21
24 5
24 29
25 3
25 29
26 15
26 20
27 7
27 15
28 3
28 19
29 24
29 25
30 8
30 10

# solution 32
# n=31 sym=dia1 status=verified source=flammenkamp_cache/n31_dia1
# code=/DE7AKNFL6FGP4B1R8NOS1T6IKO0D0U345UIPBHQS2C3MLR289C5HJT7M9JAQEG
0 13
0 14
1 7
1 10
2 20
2 23
3 15
3 21
4 6
4 15
5 16
5 25
6 4
6 11
7 1
7 27
8 8
8 23
9 24
9 28
10 1
10 29
11 6
11 18
12 20
12 24
13 0
13 13
14 0
14 30
15 3
15 4
16 5
16 30
17 18
17 25
18 11
18 17
19 26
19 28
20 2
20 12
21 3
21 22
22 21
22 27
23 2
23 8
24 9
24 12
25 5
25 17
26 19
26 29
27 7
27 22
28 9
28 19
29 10
29 26
30 14
30 16

# solution 33
# n=31 sym=dia1 status=verified source=flammenkamp_cache/n31_dia1
# code=/BKFI6O4M3PDH2T8N7JCPIU0U9C5NJT1RLM5R1A8E0QGO3G7D2L49KSFHQS6EAB
0 11
0 20
1 15
1 18
2 6
2 24
3 4
3 22
4 3
4 25
5 13
5 17
6 2
6 29
7 8
7 23
8 7
8 19
9 12
9 25
10 18
10 30
11 0
11 30
12 9
12 12
13 5
13 23
14 19
14 29
15 1
15 27
16 21
16 22
17 5
17 27
18 1
18 10
19 8
19 14
20 0
20 26
21 16
21 24
22 3
22 16
23 7
23 13
24 2
24 21
25 4
25 9
26 20
26 28
27 15
27 17
28 26
28 28
29 6
29 14
30 10
30 11

# solution 34
# n=31 sym=dia1 status=verified source=flammenkamp_cache/n31_dia1
# code=/FJIL6PCD7QNSHI7P24ET1G9UOTEOBK3UHL3R0R2G19AJ06NQ8S455MDFBMAK8C
0 15
0 19
1 18
1 21
2 6
2 25
3 12
3 13
4 7
4 26
5 23
5 28
6 17
6 18
7 7
7 25
8 2
8 4
9 14
9 29
10 1
10 16
11 9
11 30
12 24
12 29
13 14
13 24
14 11
14 20
15 3
15 30
16 17
16 21
17 3
17 27
18 0
18 27
19 2
19 16
20 1
20 9
21 10
21 19
22 0
22 6
23 23
23 26
24 8
24 28
25 4
25 5
26 5
26 22
27 13
27 15
28 11
28 22
29 10
29 20
30 8
30 12

# solution 35
# n=31 sym=dia1 status=verified source=flammenkamp_cache/n31_dia1
# code=/8DBG4CJL27LPCH4I0QMTAB1A260SEQRT1U6M7J3INR359HKPSU5N8EFKDO9FGO
0 8
0 13
1 11
1 16
2 4
2 12
3 19
3 21
4 2
4 7
5 21
5 25
6 12
6 17
7 4
7 18
8 0
8 26
9 22
9 29
10 10
10 11
11 1
11 10
12 2
12 6
13 0
13 28
14 14
14 26
15 27
15 29
16 1
16 30
17 6
17 22
18 7
18 19
19 3
19 18
20 23
20 27
21 3
21 5
22 9
22 17
23 20
23 25
24 28
24 30
25 5
25 23
26 8
26 14
27 15
27 20
28 13
28 24
29 9
29 15
30 16
30 24

# solution 36
# n=31 sym=dia1 status=verified source=flammenkamp_cache/n31_dia1
# code=/FK5NBF8QKR3C9HLT4A4NQU1JDI6O2BSU7A2I0PGSEM5O0R6E7H9TLM1PDG3J8C
0 15
0 20
1 5
1 23
2 11
2 15
3 8
3 26
4 20
4 27
5 3
5 12
6 9
6 17
7 21
7 29
8 4
8 10
9 4
9 23
10 26
10 30
11 1
11 19
12 13
12 18
13 6
13 24
14 2
14 11
15 28
15 30
16 7
16 10
17 2
17 18
18 0
18 25
19 16
19 28
20 14
20 22
21 5
21 24
22 0
22 27
23 6
23 14
24 7
24 17
25 9
25 29
26 21
26 22
27 1
27 25
28 13
28 16
29 3
29 19
30 8
30 12

# solution 37
# n=31 sym=dia1 status=verified source=flammenkamp_cache/n31_dia1
# code=/6MDFHM4O385K0RBU498JLQ7JES1PCL1TNQ2UNR9B5TAE02GI3ODSAG6ICPFK7H
0 6
0 22
1 13
1 15
2 17
2 22
3 4
3 24
4 3
4 8
5 5
5 20
6 0
6 27
7 11
7 30
8 4
8 9
9 8
9 19
10 21
10 26
11 7
11 19
12 14
12 28
13 1
13 25
14 12
14 21
15 1
15 29
16 23
16 26
17 2
17 30
18 23
18 27
19 9
19 11
20 5
20 29
21 10
21 14
22 0
22 2
23 16
23 18
24 3
24 24
25 13
25 28
26 10
26 16
27 6
27 18
28 12
28 25
29 15
29 20
30 7
30 17

# solution 38
# n=31 sym=dia1 status=verified source=flammenkamp_cache/n31_dia1
# code=/MQAFCEGROUAGLQ2B4UBO17EI5J15PR0TJS368SLNPT389C2K0DHI4M9D7NHK6F
0 22
0 26
1 10
1 15
2 12
2 14
3 16
3 27
4 24
4 30
5 10
5 16
6 21
6 26
7 2
7 11
8 4
8 30
9 11
9 24
10 1
10 7
11 14
11 18
12 5
12 19
13 1
13 5
14 25
14 27
15 0
15 29
16 19
16 28
17 3
17 6
18 8
18 28
19 21
19 23
20 25
20 29
21 3
21 8
22 9
22 12
23 2
23 20
24 0
24 13
25 17
25 18
26 4
26 22
27 9
27 13
28 7
28 23
29 17
29 20
30 6
30 15

# solution 39
# n=31 sym=dia1 status=verified source=flammenkamp_cache/n31_dia1
# code=/DEEI5ALOCP265PBI9S8O2S7H4M0D01TUNQBT17LUNR3JCQGK3946GMKR8AFHFJ
0 13
0 14
1 14
1 18
2 5
2 10
3 21
3 24
4 12
4 25
5 2
5 6
6 5
6 25
7 11
7 18
8 9
8 28
9 8
9 24
10 2
10 28
11 7
11 17
12 4
12 22
13 0
13 13
14 0
14 1
15 29
15 30
16 23
16 26
17 11
17 29
18 1
18 7
19 21
19 30
20 23
20 27
21 3
21 19
22 12
22 26
23 16
23 20
24 3
24 9
25 4
25 6
26 16
26 22
27 20
27 27
28 8
28 10
29 15
29 17
30 15
30 19

# solution 40
# n=31 sym=dia1 status=verified source=flammenkamp_cache/n31_dia1
# code=/HP5C9C7GMR1BGI3MPU2LBT5A12ELDETU360K6NRSHN9D47IKOQ08OS4JJQAF8F
0 17
0 25
1 5
1 12
2 9
2 12
3 7
3 16
4 22
4 27
5 1
5 11
6 16
6 18
7 3
7 22
8 25
8 30
9 2
9 21
10 11
10 29
11 5
11 10
12 1
12 2
13 14
13 21
14 13
14 14
15 29
15 30
16 3
16 6
17 0
17 20
18 6
18 23
19 27
19 28
20 17
20 23
21 9
21 13
22 4
22 7
23 18
23 20
24 24
24 26
25 0
25 8
26 24
26 28
27 4
27 19
28 19
28 26
29 10
29 15
30 8
30 15

# solution 41
# n=31 sym=dia1 status=verified source=flammenkamp_cache/n31_dia1
# code=/GK7B7MBE9NIQGM12HR4CNR139UDJ3QTU068O5KDS0IPS264AHOLT5E8AJLFPCF
0 16
0 20
1 7
1 11
2 7
2 22
3 11
3 14
4 9
4 23
5 18
5 26
6 16
6 22
7 1
7 2
8 17
8 27
9 4
9 12
10 23
10 27
11 1
11 3
12 9
12 30
13 13
13 19
14 3
14 26
15 29
15 30
16 0
16 6
17 8
17 24
18 5
18 20
19 13
19 28
20 0
20 18
21 25
21 28
22 2
22 6
23 4
23 10
24 17
24 24
25 21
25 29
26 5
26 14
27 8
27 10
28 19
28 21
29 15
29 25
30 12
30 15

# solution 42
# n=31 sym=dia1 status=verified source=flammenkamp_cache/n31_dia1
# code=/DE6G7NGJNQ5L1C29CP7JEMSU680M0ATU13KQKS39HI5TAD24PR8O4HORBIFLBF
0 13
0 14
1 6
1 16
2 7
2 23
3 16
3 19
4 23
4 26
5 5
5 21
6 1
6 12
7 2
7 9
8 12
8 25
9 7
9 19
10 14
10 22
11 28
11 30
12 6
12 8
13 0
13 22
14 0
14 10
15 29
15 30
16 1
16 3
17 20
17 26
18 20
18 28
19 3
19 9
20 17
20 18
21 5
21 29
22 10
22 13
23 2
23 4
24 25
24 27
25 8
25 24
26 4
26 17
27 24
27 27
28 11
28 18
29 15
29 21
30 11
30 15

# solution 43
# n=31 sym=dia1 status=verified source=flammenkamp_cache/n31_dia1
# code=/FI1J9BGO68LO4GRS4P2EBT2AQSJN9E0U36KU0Q1DHL5KRTDP358NCI7M7CAMFH
0 15
0 18
1 1
1 19
2 9
2 11
3 16
3 24
4 6
4 8
5 21
5 24
6 4
6 16
7 27
7 28
8 4
8 25
9 2
9 14
10 11
10 29
11 2
11 10
12 26
12 28
13 19
13 23
14 9
14 14
15 0
15 30
16 3
16 6
17 20
17 30
18 0
18 26
19 1
19 13
20 17
20 21
21 5
21 20
22 27
22 29
23 13
23 25
24 3
24 5
25 8
25 23
26 12
26 18
27 7
27 22
28 7
28 12
29 10
29 22
30 15
30 17

# solution 44
# n=31 sym=dia1 status=verified source=flammenkamp_cache/n31_dia1
# code=/FO6K9H9J6ORS14ABMQ237A7EJUNRBF0ELP2TQT3C1SGU8NDM04GP8I5D5KHICL
0 15
0 24
1 6
1 20
2 9
2 17
3 9
3 19
4 6
4 24
5 27
5 28
6 1
6 4
7 10
7 11
8 22
8 26
9 2
9 3
10 7
10 10
11 7
11 14
12 19
12 30
13 23
13 27
14 11
14 15
15 0
15 14
16 21
16 25
17 2
17 29
18 26
18 29
19 3
19 12
20 1
20 28
21 16
21 30
22 8
22 23
23 13
23 22
24 0
24 4
25 16
25 25
26 8
26 18
27 5
27 13
28 5
28 20
29 17
29 18
30 12
30 21

# solution 45
# n=31 sym=dia1 status=verified source=flammenkamp_cache/n31_dia1
# code=/EN692K694FPQ13BICI13SU7N8OJK0F4EQTMO78DS2DMUHL0BCH5R5GPTAJGRAL
0 14
0 23
1 6
1 9
2 2
2 20
3 6
3 9
4 4
4 15
5 25
5 26
6 1
6 3
7 11
7 18
8 12
8 18
9 1
9 3
10 28
10 30
11 7
11 23
12 8
12 24
13 19
13 20
14 0
14 15
15 4
15 14
16 26
16 29
17 22
17 24
18 7
18 8
19 13
19 28
20 2
20 13
21 22
21 30
22 17
22 21
23 0
23 11
24 12
24 17
25 5
25 27
26 5
26 16
27 25
27 29
28 10
28 19
29 16
29 27
30 10
30 21

# solution 46
# n=31 sym=dia1 status=verified source=flammenkamp_cache/n31_dia1
# code=/AO5I7SBOGH17AM25FINR063ENULSBF8E4R4U18JLPQDJ6T9C03KPKT9G2DMQCH
0 10
0 24
1 5
1 18
2 7
2 28
3 11
3 24
4 16
4 17
5 1
5 7
6 10
6 22
7 2
7 5
8 15
8 18
9 23
9 27
10 0
10 6
11 3
11 14
12 23
12 30
13 21
13 28
14 11
14 15
15 8
15 14
16 4
16 27
17 4
17 30
18 1
18 8
19 19
19 21
20 25
20 26
21 13
21 19
22 6
22 29
23 9
23 12
24 0
24 3
25 20
25 25
26 20
26 29
27 9
27 16
28 2
28 13
29 22
29 26
30 12
30 17

# solution 47
# n=31 sym=dia1 status=verified source=flammenkamp_cache/n31_dia1
# code=/BF68GKEMNQ7R1A5J1CPR6I0S8TIK3F0E2SNQAD7J2DOU3U4HLP9O4H59BGCTLM
0 11
0 15
1 6
1 8
2 16
2 20
3 14
3 22
4 23
4 26
5 7
5 27
6 1
6 10
7 5
7 19
8 1
8 12
9 25
9 27
10 6
10 18
11 0
11 28
12 8
12 29
13 18
13 20
14 3
14 15
15 0
15 14
16 2
16 28
17 23
17 26
18 10
18 13
19 7
19 19
20 2
20 13
21 24
21 30
22 3
22 30
23 4
23 17
24 21
24 25
25 9
25 24
26 4
26 17
27 5
27 9
28 11
28 16
29 12
29 29
30 21
30 22

# solution 48
# n=31 sym=dia1 status=verified source=flammenkamp_cache/n31_dia1
# code=/DE6LEJ3NJTKQ16ACCGQU7HNU780F02DM8MAROS245S1OFG3BILRT59HPIK4P9B
0 13
0 14
1 6
1 21
2 14
2 19
3 3
3 23
4 19
4 29
5 20
5 26
6 1
6 6
7 10
7 12
8 12
8 16
9 26
9 30
10 7
10 17
11 23
11 30
12 7
12 8
13 0
13 15
14 0
14 2
15 13
15 22
16 8
16 22
17 10
17 27
18 24
18 28
19 2
19 4
20 5
20 28
21 1
21 24
22 15
22 16
23 3
23 11
24 18
24 21
25 27
25 29
26 5
26 9
27 17
27 25
28 18
28 20
29 4
29 25
30 9
30 11

# solution 49
# n=31 sym=dia1 status=verified source=flammenkamp_cache/n31_dia1
# code=/BF3IEN16AQGQ3EABOSHI4707LRFP260D5L9U19PTKUCGNR2M8SDJ45CM8OJTHK
0 11
0 15
1 3
1 18
2 14
2 23
3 1
3 6
4 10
4 26
5 16
5 26
6 3
6 14
7 10
7 11
8 24
8 28
9 17
9 18
10 4
10 7
11 0
11 7
12 21
12 27
13 15
13 25
14 2
14 6
15 0
15 13
16 5
16 21
17 9
17 30
18 1
18 9
19 25
19 29
20 20
20 30
21 12
21 16
22 23
22 27
23 2
23 22
24 8
24 28
25 13
25 19
26 4
26 5
27 12
27 22
28 8
28 24
29 19
29 29
30 17
30 20

# solution 50
# n=31 sym=dia1 status=verified source=flammenkamp_cache/n31_dia1
# code=/5AEIBJ3N7N0ICP47MQFU0S2M6KFR1L9DRSJT152HCLEK8B34PT6O8UDGAGHO9Q
0 5
0 10
1 14
1 18
2 11
2 19
3 3
3 23
4 7
4 23
5 0
5 18
6 12
6 25
7 4
7 7
8 22
8 26
9 15
9 30
10 0
10 28
11 2
11 22
12 6
12 20
13 15
13 27
14 1
14 21
15 9
15 13
16 27
16 28
17 19
17 29
18 1
18 5
19 2
19 17
20 12
20 21
21 14
21 20
22 8
22 11
23 3
23 4
24 25
24 29
25 6
25 24
26 8
26 30
27 13
27 16
28 10
28 16
29 17
29 24
30 9
30 26

# solution 51
# n=31 sym=dia1 status=verified source=flammenkamp_cache/n31_dia1
# code=/MO9IILBN78QTBN4E4U19MT36DFCF7QCDRUJR12HSLP2K0A360SKP5EGHJO5A8G
0 22
0 24
1 9
1 18
2 18
2 21
3 11
3 23
4 7
4 8
5 26
5 29
6 11
6 23
7 4
7 14
8 4
8 30
9 1
9 9
10 22
10 29
11 3
11 6
12 13
12 15
13 12
13 15
14 7
14 26
15 12
15 13
16 27
16 30
17 19
17 27
18 1
18 2
19 17
19 28
20 21
20 25
21 2
21 20
22 0
22 10
23 3
23 6
24 0
24 28
25 20
25 25
26 5
26 14
27 16
27 17
28 19
28 24
29 5
29 10
30 8
30 16

# solution 52
# n=31 sym=dia1 status=verified source=flammenkamp_cache/n31_dia1
# code=/CN9IBIBNLR6O5S8E7E1FKS230LFR789DKUMO12TUAG4CHP035HMPQT4D6AJQGJ
0 12
0 23
1 9
1 18
2 11
2 18
3 11
3 23
4 21
4 27
5 6
5 24
6 5
6 28
7 8
7 14
8 7
8 14
9 1
9 15
10 20
10 28
11 2
11 3
12 0
12 21
13 15
13 27
14 7
14 8
15 9
15 13
16 20
16 30
17 22
17 24
18 1
18 2
19 29
19 30
20 10
20 16
21 4
21 12
22 17
22 25
23 0
23 3
24 5
24 17
25 22
25 25
26 26
26 29
27 4
27 13
28 6
28 10
29 19
29 26
30 16
30 19

# solution 53
# n=31 sym=dia1 status=verified source=flammenkamp_cache/n31_dia1
# code=/8E19EM483JCOPSIL031QBKAB5FQU02CIPTNT7F4UAM7R2KHR5S6G9DLN6OGHDJ
0 8
0 14
1 1
1 9
2 14
2 22
3 4
3 8
4 3
4 19
5 12
5 24
6 25
6 28
7 18
7 21
8 0
8 3
9 1
9 26
10 11
10 20
11 10
11 11
12 5
12 15
13 26
13 30
14 0
14 2
15 12
15 18
16 25
16 29
17 23
17 29
18 7
18 15
19 4
19 30
20 10
20 22
21 7
21 27
22 2
22 20
23 17
23 27
24 5
24 28
25 6
25 16
26 9
26 13
27 21
27 23
28 6
28 24
29 16
29 17
30 13
30 19

# solution 54
# n=31 sym=dia1 status=verified source=flammenkamp_cache/n31_dia1
# code=/064IIM8E1QGN0N8B37HRPT7BFKPR3TCJ5U9O12FSCMSU2K56HQAD4O9DJLAEGL
0 0
0 6
1 4
1 18
2 18
2 22
3 8
3 14
4 1
4 26
5 16
5 23
6 0
6 23
7 8
7 11
8 3
8 7
9 17
9 27
10 25
10 29
11 7
11 11
12 15
12 20
13 25
13 27
14 3
14 29
15 12
15 19
16 5
16 30
17 9
17 24
18 1
18 2
19 15
19 28
20 12
20 22
21 28
21 30
22 2
22 20
23 5
23 6
24 17
24 26
25 10
25 13
26 4
26 24
27 9
27 13
28 19
28 21
29 10
29 14
30 16
30 21

# solution 55
# n=31 sym=dia1 status=verified source=flammenkamp_cache/n31_dia1
# code=/CJNO8SAK58IP5T7TDH147R0UFP4MAC0I23BMGU9DGR1BQSKN23OQHL6E6E9LFJ
0 12
0 19
1 23
1 24
2 8
2 28
3 10
3 20
4 5
4 8
5 18
5 25
6 5
6 29
7 7
7 29
8 13
8 17
9 1
9 4
10 7
10 27
11 0
11 30
12 15
12 25
13 4
13 22
14 10
14 12
15 0
15 18
16 2
16 3
17 11
17 22
18 16
18 30
19 9
19 13
20 16
20 27
21 1
21 11
22 26
22 28
23 20
23 23
24 2
24 3
25 24
25 26
26 17
26 21
27 6
27 14
28 6
28 14
29 9
29 21
30 15
30 19

# solution 56
# n=31 sym=dia1 status=verified source=flammenkamp_cache/n31_dia1
# code=/HN6FMNJPDM9RDESUQS462B5REF2U04ITIOOQ13AK0B8P3957LT7JGL8CHK1CAG
0 17
0 23
1 6
1 15
2 22
2 23
3 19
3 25
4 13
4 22
5 9
5 27
6 13
6 14
7 28
7 30
8 26
8 28
9 4
9 6
10 2
10 11
11 5
11 27
12 14
12 15
13 2
13 30
14 0
14 4
15 18
15 29
16 18
16 24
17 24
17 26
18 1
18 3
19 10
19 20
20 0
20 11
21 8
21 25
22 3
22 9
23 5
23 7
24 21
24 29
25 7
25 19
26 16
26 21
27 8
27 12
28 17
28 20
29 1
29 12
30 10
30 16

# solution 57
# n=31 sym=dia1 status=verified source=flammenkamp_cache/n31_dia1
# code=/6ELS9HFLGUAP0M9ANP2757ORDFCQ0I3C4K2REJIUGK136T8NBT58DSBH1QMO4J
0 6
0 14
1 21
1 28
2 9
2 17
3 15
3 21
4 16
4 30
5 10
5 25
6 0
6 22
7 9
7 10
8 23
8 25
9 2
9 7
10 5
10 7
11 24
11 27
12 13
12 15
13 12
13 26
14 0
14 18
15 3
15 12
16 4
16 20
17 2
17 27
18 14
18 19
19 18
19 30
20 16
20 20
21 1
21 3
22 6
22 29
23 8
23 23
24 11
24 29
25 5
25 8
26 13
26 28
27 11
27 17
28 1
28 26
29 22
29 24
30 4
30 19

# solution 58
# n=31 sym=dia1 status=verified source=flammenkamp_cache/n31_dia1
# code=/HOGTAL8OBE37RU48ELMS36BF141U0TAJMQ2709JQFS5CNRDP5K69INKP2DHICG
0 17
0 24
1 16
1 29
2 10
2 21
3 8
3 24
4 11
4 14
5 3
5 7
6 27
6 30
7 4
7 8
8 14
8 21
9 22
9 28
10 3
10 6
11 11
11 15
12 1
12 4
13 1
13 30
14 0
14 29
15 10
15 19
16 22
16 26
17 2
17 7
18 0
18 9
19 19
19 26
20 15
20 28
21 5
21 12
22 23
22 27
23 13
23 25
24 5
24 20
25 6
25 9
26 18
26 23
27 20
27 25
28 2
28 13
29 17
29 18
30 12
30 16

# solution 59
# n=31 sym=dia1 status=verified source=flammenkamp_cache/n31_dia1
# code=/EK6IFTDR4JMU1R8M7D9GIQFLQU380K2B9OST1A4P0EBS57OPGNJNAC36HL2H5C
0 14
0 20
1 6
1 18
2 15
2 29
3 13
3 27
4 4
4 19
5 22
5 30
6 1
6 27
7 8
7 22
8 7
8 13
9 9
9 16
10 18
10 26
11 15
11 21
12 26
12 30
13 3
13 8
14 0
14 20
15 2
15 11
16 9
16 24
17 28
17 29
18 1
18 10
19 4
19 25
20 0
20 14
21 11
21 28
22 5
22 7
23 24
23 25
24 16
24 23
25 19
25 23
26 10
26 12
27 3
27 6
28 17
28 21
29 2
29 17
30 5
30 12

# solution 60
# n=31 sym=dia1 status=verified source=flammenkamp_cache/n31_dia1
# code=/GK5T7QEL6S3IGNJO276RHUJNDP8KOU5B1R8I0BCF3401DHMSLQFT2AAP4M9E9C
0 16
0 20
1 5
1 29
2 7
2 26
3 14
3 21
4 6
4 28
5 3
5 18
6 16
6 23
7 19
7 24
8 2
8 7
9 6
9 27
10 17
10 30
11 19
11 23
12 13
12 25
13 8
13 20
14 24
14 30
15 5
15 11
16 1
16 27
17 8
17 18
18 0
18 11
19 12
19 15
20 3
20 4
21 0
21 1
22 13
22 17
23 22
23 28
24 21
24 26
25 15
25 29
26 2
26 10
27 10
27 25
28 4
28 22
29 9
29 14
30 9
30 12

# solution 61
# n=31 sym=dia1 status=verified source=flammenkamp_cache/n31_dia1
# code=/AH1C5I56KL233DMQ8DEN0PJU1E689CJOMR0T2UBF4O4S7G9TFKAQ7PGSLRHNBI
0 10
0 17
1 1
1 12
2 5
2 18
3 5
3 6
4 20
4 21
5 2
5 3
6 3
6 13
7 22
7 26
8 8
8 13
9 14
9 23
10 0
10 25
11 19
11 30
12 1
12 14
13 6
13 8
14 9
14 12
15 19
15 24
16 22
16 27
17 0
17 29
18 2
18 30
19 11
19 15
20 4
20 24
21 4
21 28
22 7
22 16
23 9
23 29
24 15
24 20
25 10
25 26
26 7
26 25
27 16
27 28
28 21
28 27
29 17
29 23
30 11
30 18

# solution 62
# n=31 sym=dia1 status=verified source=flammenkamp_cache/n31_dia1
# code=/DL3BLP1JCG6T59NPIU6A9F1I4N0KEQAT4KQS8B3SDG02RU7COR27EHMOHJ5F8M
0 13
0 21
1 3
1 11
2 21
2 25
3 1
3 19
4 12
4 16
5 6
5 29
6 5
6 9
7 23
7 25
8 18
8 30
9 6
9 10
10 9
10 15
11 1
11 18
12 4
12 23
13 0
13 20
14 14
14 26
15 10
15 29
16 4
16 20
17 26
17 28
18 8
18 11
19 3
19 28
20 13
20 16
21 0
21 2
22 27
22 30
23 7
23 12
24 24
24 27
25 2
25 7
26 14
26 17
27 22
27 24
28 17
28 19
29 5
29 15
30 8
30 22

# solution 63
# n=31 sym=dia1 status=verified source=flammenkamp_cache/n31_dia1
# code=/HINT3A2I46BF4L7JBPPS2M58DHCRMR5KTU0C037SFO6UAE1QKQ89NODE9J1GGL
0 17
0 18
1 23
1 29
2 3
2 10
3 2
3 18
4 4
4 6
5 11
5 15
6 4
6 21
7 7
7 19
8 11
8 25
9 25
9 28
10 2
10 22
11 5
11 8
12 13
12 17
13 12
13 27
14 22
14 27
15 5
15 20
16 29
16 30
17 0
17 12
18 0
18 3
19 7
19 28
20 15
20 24
21 6
21 30
22 10
22 14
23 1
23 26
24 20
24 26
25 8
25 9
26 23
26 24
27 13
27 14
28 9
28 19
29 1
29 16
30 16
30 21

# solution 64
# n=31 sym=dia1 status=verified source=flammenkamp_cache/n31_dia1
# code=/IN5LBH6CKQ1B38OS6IKRAF253TEJDTAMOU2R08DN491SFU0J7GPQ4P9H7LCEGM
0 18
0 23
1 5
1 21
2 11
2 17
3 6
3 12
4 20
4 26
5 1
5 11
6 3
6 8
7 24
7 28
8 6
8 18
9 20
9 27
10 10
10 15
11 2
11 5
12 3
12 29
13 14
13 19
14 13
14 29
15 10
15 22
16 24
16 30
17 2
17 27
18 0
18 8
19 13
19 23
20 4
20 9
21 1
21 28
22 15
22 30
23 0
23 19
24 7
24 16
25 25
25 26
26 4
26 25
27 9
27 17
28 7
28 21
29 12
29 14
30 16
30 22

# solution 65
# n=31 sym=dia1 status=verified source=flammenkamp_cache/n31_dia1
# code=/9CKNDGGKAP6R5B9OMR074F6B0L2EDOAS23HJSTHP13CT8U1Q7E4JNU58FIILMQ
0 9
0 12
1 20
1 23
2 13
2 16
3 16
3 20
4 10
4 25
5 6
5 27
6 5
6 11
7 9
7 24
8 22
8 27
9 0
9 7
10 4
10 15
11 6
11 11
12 0
12 21
13 2
13 14
14 13
14 24
15 10
15 28
16 2
16 3
17 17
17 19
18 28
18 29
19 17
19 25
20 1
20 3
21 12
21 29
22 8
22 30
23 1
23 26
24 7
24 14
25 4
25 19
26 23
26 30
27 5
27 8
28 15
28 18
29 18
29 21
30 22
30 26

