# solution 1
# n=32 sym=rot4 status=verified source=flammenkamp_cache/n32_rot4
# code=oCK58INABHI9U7JAP2UEQOS0S6V244MFGFG9RRT0P3V375H1T6LCO1MDEKL8DNQBJ
0 12
0 20
1 5
1 8
2 18
2 23
3 10
3 11
4 17
4 18
5 9
5 30
6 7
6 19
7 10
7 25
8 2
8 30
9 14
9 26
10 24
10 28
11 0
11 28
12 6
12 31
13 2
13 4
14 4
14 22
15 15
15 16
16 15
16 16
17 9
17 27
18 27
18 29
19 0
19 25
20 3
20 31
21 3
21 7
22 5
22 17
23 1
23 29
24 6
24 21
25 12
25 24
26 1
26 22
27 13
27 14
28 20
28 21
29 8
29 13
30 23
30 26
31 11
31 19

# solution 2
# n=32 sym=rot4 status=verified source=flammenkamp_cache/n32_rot4
# code=oAHCDAODQ9O36JQ24HKBRTV8M6USU08FGFGNV131P9N024KBERT5CPS7M5I7LIJEL
0 10
0 17
1 12
1 13
2 10
2 24
3 13
3 26
4 9
4 24
5 3
5 6
6 19
6 26
7 2
7 4
8 17
8 20
9 11
9 27
10 29
10 31
11 8
11 22
12 6
12 30
13 28
13 30
14 0
14 8
15 15
15 16
16 15
16 16
17 23
17 31
18 1
18 3
19 1
19 25
20 9
20 23
21 0
21 2
22 4
22 20
23 11
23 14
24 27
24 29
25 5
25 12
26 25
26 28
27 7
27 22
28 5
28 18
29 7
29 21
30 18
30 19
31 14
31 21

# solution 3
# n=32 sym=rot4 status=verified source=flammenkamp_cache/n32_rot4
# code=o4MCKAH7NPVDH4KDS3L0C8T16MUOQ25FGFGQT5719PU2NJVAS3IBREI068OELBJ9R
0 4
0 22
1 12
1 20
2 10
2 17
3 7
3 23
4 25
4 31
5 13
5 17
6 4
6 20
7 13
7 28
8 3
8 21
9 0
9 12
10 8
10 29
11 1
11 6
12 22
12 30
13 24
13 26
14 2
14 5
15 15
15 16
16 15
16 16
17 26
17 29
18 5
18 7
19 1
19 9
20 25
20 30
21 2
21 23
22 19
22 31
23 10
23 28
24 3
24 18
25 11
25 27
26 14
26 18
27 0
27 6
28 8
28 24
29 14
29 21
30 11
30 19
31 9
31 27

# solution 4
# n=32 sym=rot4 status=verified source=flammenkamp_cache/n32_rot4
# code=o4OJK8MFI7V8IBL0RQT2L691P1H35CFHS3EGJQSEU6UMPAT254VAKDN0ODG9NBC7R
0 4
0 24
1 19
1 20
2 8
2 22
3 15
3 18
4 7
4 31
5 8
5 18
6 11
6 21
7 0
7 27
8 26
8 29
9 2
9 21
10 6
10 9
11 1
11 25
12 1
12 17
13 3
13 5
14 12
14 15
15 17
15 28
16 3
16 14
17 16
17 19
18 26
18 28
19 14
19 30
20 6
20 30
21 22
21 25
22 10
22 29
23 2
23 5
24 4
24 31
25 10
25 20
26 13
26 23
27 0
27 24
28 13
28 16
29 9
29 23
30 11
30 12
31 7
31 27

# solution 5
# n=32 sym=rot4 status=verified source=flammenkamp_cache/n32_rot4
# code=oDNBJ6NJMBO6GQT49023ODERU13LVFL5HEQAG0ASU14HI7STVMR25FP7K9C8PCK8I
0 13
0 23
1 11
1 19
2 6
2 23
3 19
3 22
4 11
4 24
5 6
5 16
6 26
6 29
7 4
7 9
8 0
8 2
9 3
9 24
10 13
10 14
11 27
11 30
12 1
12 3
13 21
13 31
14 15
14 21
15 5
15 17
16 14
16 26
17 10
17 16
18 0
18 10
19 28
19 30
20 1
20 4
21 17
21 18
22 7
22 28
23 29
23 31
24 22
24 27
25 2
25 5
26 15
26 25
27 7
27 20
28 9
28 12
29 8
29 25
30 12
30 20
31 8
31 18

# solution 6
# n=32 sym=rot4 status=verified source=flammenkamp_cache/n32_rot4
# code=o7BEGKNAPIJ9P35IV2LCQ8S2V4M47FU1HEU1GOR9R0T3N5JAT0DQS6MCD6L8BFHKO
0 7
0 11
1 14
1 16
2 20
2 23
3 10
3 25
4 18
4 19
5 9
5 25
6 3
6 5
7 18
7 31
8 2
8 21
9 12
9 26
10 8
10 28
11 2
11 31
12 4
12 22
13 4
13 7
14 15
14 30
15 1
15 17
16 14
16 30
17 1
17 16
18 24
18 27
19 9
19 27
20 0
20 29
21 3
21 23
22 5
22 19
23 10
23 29
24 0
24 13
25 26
25 28
26 6
26 22
27 12
27 13
28 6
28 21
29 8
29 11
30 15
30 17
31 20
31 24

# solution 7
# n=32 sym=rot4 status=verified source=flammenkamp_cache/n32_rot4
# code=oAK7M7EJPABIM3GTU8N15RV0R3H5FCT6IDP2JGQES4V04QU8N12FS9DKL6CHO9OBL
0 10
0 20
1 7
1 22
2 7
2 14
3 19
3 25
4 10
4 11
5 18
5 22
6 3
6 16
7 29
7 30
8 8
8 23
9 1
9 5
10 27
10 31
11 0
11 27
12 3
12 17
13 5
13 15
14 12
14 29
15 6
15 18
16 13
16 25
17 2
17 19
18 16
18 26
19 14
19 28
20 4
20 31
21 0
21 4
22 26
22 30
23 8
23 23
24 1
24 2
25 15
25 28
26 9
26 13
27 20
27 21
28 6
28 12
29 17
29 24
30 9
30 24
31 11
31 21

# solution 8
# n=32 sym=rot4 status=verified source=flammenkamp_cache/n32_rot4
# code=oAKMO7EJPABIM3G1T8N15RV0R3H5FCT6IDP2JGQES4V04QU8N2UFS9DKL6CHO79BL
0 10
0 20
1 22
1 24
2 7
2 14
3 19
3 25
4 10
4 11
5 18
5 22
6 3
6 16
7 1
7 29
8 8
8 23
9 1
9 5
10 27
10 31
11 0
11 27
12 3
12 17
13 5
13 15
14 12
14 29
15 6
15 18
16 13
16 25
17 2
17 19
18 16
18 26
19 14
19 28
20 4
20 31
21 0
21 4
22 26
22 30
23 8
23 23
24 2
24 30
25 15
25 28
26 9
26 13
27 20
27 21
28 6
28 12
29 17
29 24
30 7
30 9
31 11
31 21

# solution 9
# n=32 sym=rot4 status=verified source=flammenkamp_cache/n32_rot4
# code=oKO6DACJN58HRAU093RFOPT0H3TFU5BIM9DKQ1G2SEV267G4SMV1L4ENQ8CJLIP7B
0 20
0 24
1 6
1 13
2 10
2 12
3 19
3 23
4 5
4 8
5 17
5 27
6 10
6 30
7 0
7 9
8 3
8 27
9 15
9 24
10 25
10 29
11 0
11 17
12 3
12 29
13 15
13 30
14 5
14 11
15 18
15 22
16 9
16 13
17 20
17 26
18 1
18 16
19 2
19 28
20 14
20 31
21 2
21 6
22 7
22 16
23 4
23 28
24 22
24 31
25 1
25 21
26 4
26 14
27 23
27 26
28 8
28 12
29 19
29 21
30 18
30 25
31 7
31 11

# solution 10
# n=32 sym=rot4 status=verified source=flammenkamp_cache/n32_rot4
# code=oBH9JJO9G6Q46QR2B8NSUEIOV12AF0L3IDSAVGLTU07DH138NKT45PR5PFM7CCMEK
0 11
0 17
1 9
1 19
2 19
2 24
3 9
3 16
4 6
4 26
5 4
5 6
6 26
6 27
7 2
7 11
8 8
8 23
9 28
9 30
10 14
10 18
11 24
11 31
12 1
12 2
13 10
13 15
14 0
14 21
15 3
15 18
16 13
16 28
17 10
17 31
18 16
18 21
19 29
19 30
20 0
20 7
21 13
21 17
22 1
22 3
23 8
23 23
24 20
24 29
25 4
25 5
26 25
26 27
27 5
27 25
28 15
28 22
29 7
29 12
30 12
30 22
31 14
31 20

# solution 11
# n=32 sym=rot4 status=verified source=flammenkamp_cache/n32_rot4
# code=oJPAG9LCH59NR0EKN57RT2U7D0SFK3P1IDU6SBG3VIO1T24OQ8BHV48MQEJAMFL6C
0 19
0 25
1 10
1 16
2 9
2 21
3 12
3 17
4 5
4 9
5 23
5 27
6 0
6 14
7 20
7 23
8 5
8 7
9 27
9 29
10 2
10 30
11 7
11 13
12 0
12 28
13 15
13 20
14 3
14 25
15 1
15 18
16 13
16 30
17 6
17 28
18 11
18 16
19 3
19 31
20 18
20 24
21 1
21 29
22 2
22 4
23 24
23 26
24 8
24 11
25 17
25 31
26 4
26 8
27 22
27 26
28 14
28 19
29 10
29 22
30 15
30 21
31 6
31 12

# solution 12
# n=32 sym=rot4 status=verified source=flammenkamp_cache/n32_rot4
# code=o9NCG8DKLEKEP5CLM0T7V3734PUFTQR1IDU452G16RSOS0O2V9AJQ6HBHABINFJ8M
0 9
0 23
1 12
1 16
2 8
2 13
3 20
3 21
4 14
4 20
5 14
5 25
6 5
6 12
7 21
7 22
8 0
8 29
9 7
9 31
10 3
10 7
11 3
11 4
12 25
12 30
13 15
13 29
14 26
14 27
15 1
15 18
16 13
16 30
17 4
17 5
18 2
18 16
19 1
19 6
20 27
20 28
21 24
21 28
22 0
22 24
23 2
23 31
24 9
24 10
25 19
25 26
26 6
26 17
27 11
27 17
28 10
28 11
29 18
29 23
30 15
30 19
31 8
31 22

# solution 13
# n=32 sym=rot4 status=verified source=flammenkamp_cache/n32_rot4
# code=oAH8LDM7M5EKR8BCSPU231V5PFOFT0RIJCD4V2G7G6Q0UST163JKN4BHQ9O9IANEL
0 10
0 17
1 8
1 21
2 13
2 22
3 7
3 22
4 5
4 14
5 20
5 27
6 8
6 11
7 12
7 28
8 25
8 30
9 2
9 3
10 1
10 31
11 5
11 25
12 15
12 24
13 15
13 29
14 0
14 27
15 18
15 19
16 12
16 13
17 4
17 31
18 2
18 16
19 7
19 16
20 6
20 26
21 0
21 30
22 28
22 29
23 1
23 6
24 3
24 19
25 20
25 23
26 4
26 11
27 17
27 26
28 9
28 24
29 9
29 18
30 10
30 23
31 14
31 21

# solution 14
# n=32 sym=rot4 status=verified source=flammenkamp_cache/n32_rot4
# code=o6H56JMJR3HBUUVFL8N2A7MDQ23FK04IO7DRVBGST5I9OLT8NAG011KES4C9CPQEP
0 6
0 17
1 5
1 6
2 19
2 22
3 19
3 27
4 3
4 17
5 11
5 30
6 30
6 31
7 15
7 21
8 8
8 23
9 2
9 10
10 7
10 22
11 13
11 26
12 2
12 3
13 15
13 20
14 0
14 4
15 18
15 24
16 7
16 13
17 27
17 31
18 11
18 16
19 28
19 29
20 5
20 18
21 9
21 24
22 21
22 29
23 8
23 23
24 10
24 16
25 0
25 1
26 1
26 20
27 14
27 28
28 4
28 12
29 9
29 12
30 25
30 26
31 14
31 25

# solution 15
# n=32 sym=rot4 status=verified source=flammenkamp_cache/n32_rot4
# code=oEKCM6EJNAM7BGTNQ3714DR0Q3UFLTV6IDP02AG1S5V4IRUOS582FKO9L8CHP9JBH
0 14
0 20
1 12
1 22
2 6
2 14
3 19
3 23
4 10
4 22
5 7
5 11
6 16
6 29
7 23
7 26
8 3
8 7
9 1
9 4
10 13
10 27
11 0
11 26
12 3
12 30
13 15
13 21
14 29
14 31
15 6
15 18
16 13
16 25
17 0
17 2
18 10
18 16
19 1
19 28
20 5
20 31
21 4
21 18
22 27
22 30
23 24
23 28
24 5
24 8
25 2
25 15
26 20
26 24
27 9
27 21
28 8
28 12
29 17
29 25
30 9
30 19
31 11
31 17

# solution 16
# n=32 sym=rot4 status=verified source=flammenkamp_cache/n32_rot4
# code=o7EEM4ACFNT6KKQDV4C1L9T56NSFOUVIS3D017G38PQ2MAUJR0I5BBP28GJLR9HHO
0 7
0 14
1 14
1 22
2 4
2 10
3 12
3 15
4 23
4 29
5 6
5 20
6 20
6 26
7 13
7 31
8 4
8 12
9 1
9 21
10 9
10 29
11 5
11 6
12 23
12 28
13 15
13 24
14 30
14 31
15 18
15 28
16 3
16 13
17 0
17 1
18 7
18 16
19 3
19 8
20 25
20 26
21 2
21 22
22 10
22 30
23 19
23 27
24 0
24 18
25 5
25 11
26 11
26 25
27 2
27 8
28 16
28 19
29 21
29 27
30 9
30 17
31 17
31 24

# solution 17
# n=32 sym=rot4 status=verified source=flammenkamp_cache/n32_rot4
# code=oJN9OIS2AEGKO9B150LPU8S5P0F2EIR4JCR4DHTGV6Q3N16AVQUKM7BFHLT3D7M8C
0 19
0 23
1 9
1 24
2 18
2 28
3 2
3 10
4 14
4 16
5 20
5 24
6 9
6 11
7 1
7 5
8 0
8 21
9 25
9 30
10 8
10 28
11 5
11 25
12 0
12 15
13 2
13 14
14 18
14 27
15 4
15 19
16 12
16 27
17 4
17 13
18 17
18 29
19 16
19 31
20 6
20 26
21 3
21 23
22 1
22 6
23 10
23 31
24 26
24 30
25 20
25 22
26 7
26 11
27 15
27 17
28 21
28 29
29 3
29 13
30 7
30 22
31 8
31 12

# solution 18
# n=32 sym=rot4 status=verified source=flammenkamp_cache/n32_rot4
# code=oACEFAQBNBM26NQIM3647TVRSGV7EIUCU1J1DHO0F3402ORPS9D58PT9K8K5LGHJL
0 10
0 12
1 14
1 15
2 10
2 26
3 11
3 23
4 11
4 22
5 2
5 6
6 23
6 26
7 18
7 22
8 3
8 6
9 4
9 7
10 29
10 31
11 27
11 28
12 16
12 31
13 7
13 14
14 18
14 30
15 12
15 30
16 1
16 19
17 1
17 13
18 17
18 24
19 0
19 15
20 3
20 4
21 0
21 2
22 24
22 27
23 25
23 28
24 9
24 13
25 5
25 8
26 25
26 29
27 9
27 20
28 8
28 20
29 5
29 21
30 16
30 17
31 19
31 21

# solution 19
# n=32 sym=rot4 status=verified source=flammenkamp_cache/n32_rot4
# code=oAMDOIPLR3BFH2B1M8N073VPRFH2U5CJQ5CJQ1TEG460SOV8N9UKTEGKS4A6D7I9L
0 10
0 22
1 13
1 24
2 18
2 25
3 21
3 27
4 3
4 11
5 15
5 17
6 2
6 11
7 1
7 22
8 8
8 23
9 0
9 7
10 3
10 31
11 25
11 27
12 15
12 17
13 2
13 30
14 5
14 12
15 19
15 26
16 5
16 12
17 19
17 26
18 1
18 29
19 14
19 16
20 4
20 6
21 0
21 28
22 24
22 31
23 8
23 23
24 9
24 30
25 20
25 29
26 14
26 16
27 20
27 28
28 4
28 10
29 6
29 13
30 7
30 18
31 9
31 21

# solution 20
# n=32 sym=rot4 status=verified source=flammenkamp_cache/n32_rot4
# code=oMQ9I8FJR3A0DKO6EKT0UER683F1QLOJT2C7A5UGSNP4H1V2BHP7BIVLS4CGNDM59
0 22
0 26
1 9
1 18
2 8
2 15
3 19
3 27
4 3
4 10
5 0
5 13
6 20
6 24
7 6
7 14
8 20
8 29
9 0
9 30
10 14
10 27
11 6
11 8
12 3
12 15
13 1
13 26
14 21
14 24
15 19
15 29
16 2
16 12
17 7
17 10
18 5
18 30
19 16
19 28
20 23
20 25
21 4
21 17
22 1
22 31
23 2
23 11
24 17
24 25
25 7
25 11
26 18
26 31
27 21
27 28
28 4
28 12
29 16
29 23
30 13
30 22
31 5
31 9

# solution 21
# n=32 sym=rot4 status=verified source=flammenkamp_cache/n32_rot4
# code=o5IFILNMP5BRV3NBE263H2JORAF019OJU1C7MUVGL47CTESPTHK8S04KQ698ADGDQ
0 5
0 18
1 15
1 18
2 21
2 23
3 22
3 25
4 5
4 11
5 27
5 31
6 3
6 23
7 11
7 14
8 2
8 6
9 3
9 17
10 2
10 19
11 24
11 27
12 10
12 15
13 0
13 1
14 9
14 24
15 19
15 30
16 1
16 12
17 7
17 22
18 30
18 31
19 16
19 21
20 4
20 7
21 12
21 29
22 14
22 28
23 25
23 29
24 17
24 20
25 8
25 28
26 0
26 4
27 20
27 26
28 6
28 9
29 8
29 10
30 13
30 16
31 13
31 26

# solution 22
# n=32 sym=rot4 status=verified source=flammenkamp_cache/n32_rot4
# code=oNR6BEF5K0IASOU6I0EJL9Q3U9F47NTJT2C28ORGM1S5MACHVDP173LDVBQGHKP48
0 23
0 27
1 6
1 11
2 14
2 15
3 5
3 20
4 0
4 18
5 10
5 28
6 24
6 30
7 6
7 18
8 0
8 14
9 19
9 21
10 9
10 26
11 3
11 30
12 9
12 15
13 4
13 7
14 23
14 29
15 19
15 29
16 2
16 12
17 2
17 8
18 24
18 27
19 16
19 22
20 1
20 28
21 5
21 22
22 10
22 12
23 17
23 31
24 13
24 25
25 1
25 7
26 3
26 21
27 13
27 31
28 11
28 26
29 16
29 17
30 20
30 25
31 4
31 8

# solution 23
# n=32 sym=rot4 status=verified source=flammenkamp_cache/n32_rot4
# code=oHK6BGLDJ4R69QU9DAHOQ2N0U3FOS082JCTNV37GS1V8T57ELIM15MP4RCIAFKPBE
0 17
0 20
1 6
1 11
2 16
2 21
3 13
3 19
4 4
4 27
5 6
5 9
6 26
6 30
7 9
7 13
8 10
8 17
9 24
9 26
10 2
10 23
11 0
11 30
12 3
12 15
13 24
13 28
14 0
14 8
15 2
15 19
16 12
16 29
17 23
17 31
18 3
18 7
19 16
19 28
20 1
20 31
21 8
21 29
22 5
22 7
23 14
23 21
24 18
24 22
25 1
25 5
26 22
26 25
27 4
27 27
28 12
28 18
29 10
29 15
30 20
30 25
31 11
31 14

# solution 24
# n=32 sym=rot4 status=verified source=flammenkamp_cache/n32_rot4
# code=oIKLPNQ79EF2A1DES29NS1Q0CFK0PORJR4C476VBGJV5U38MT3HIULTGHMO586ABD
0 18
0 20
1 21
1 25
2 23
2 26
3 7
3 9
4 14
4 15
5 2
5 10
6 1
6 13
7 14
7 28
8 2
8 9
9 23
9 28
10 1
10 26
11 0
11 12
12 15
12 20
13 0
13 25
14 24
14 27
15 19
15 27
16 4
16 12
17 4
17 7
18 6
18 31
19 11
19 16
20 19
20 31
21 5
21 30
22 3
22 8
23 22
23 29
24 3
24 17
25 18
25 30
26 21
26 29
27 16
27 17
28 22
28 24
29 5
29 8
30 6
30 10
31 11
31 13

# solution 25
# n=32 sym=rot4 status=verified source=flammenkamp_cache/n32_rot4
# code=oMPCDAK5NHPDS048H3O0AMT2GFUQU47BJCKOR151GFT29LV7SENRV3I6E8QBLIJ69
0 22
0 25
1 12
1 13
2 10
2 20
3 5
3 23
4 17
4 25
5 13
5 28
6 0
6 4
7 8
7 17
8 3
8 24
9 0
9 10
10 22
10 29
11 2
11 16
12 15
12 30
13 26
13 30
14 4
14 7
15 11
15 19
16 12
16 20
17 24
17 27
18 1
18 5
19 1
19 16
20 15
20 29
21 2
21 9
22 21
22 31
23 7
23 28
24 14
24 23
25 27
25 31
26 3
26 18
27 6
27 14
28 8
28 26
29 11
29 21
30 18
30 19
31 6
31 9

# solution 26
# n=32 sym=rot4 status=verified source=flammenkamp_cache/n32_rot4
# code=o588IDJ4OESBVEK3LUVAF7M6Q2F1TPRJM9C462UGT5P9OGL01ASBH0K3H7RCIDNNQ
0 5
0 8
1 8
1 18
2 13
2 19
3 4
3 24
4 14
4 28
5 11
5 31
6 14
6 20
7 3
7 21
8 30
8 31
9 10
9 15
10 7
10 22
11 6
11 26
12 2
12 15
13 1
13 29
14 25
14 27
15 19
15 22
16 9
16 12
17 4
17 6
18 2
18 30
19 16
19 29
20 5
20 25
21 9
21 24
22 16
22 21
23 0
23 1
24 10
24 28
25 11
25 17
26 0
26 20
27 3
27 17
28 7
28 27
29 12
29 18
30 13
30 23
31 23
31 26

# solution 27
# n=32 sym=rot4 status=verified source=flammenkamp_cache/n32_rot4
# code=oAECK8I6N5BHROS6M3T7DFV1RFU2M5VJLAC0Q9T1G4U0GIO2S9P374EKQ8PDNBJHL
0 10
0 14
1 12
1 20
2 8
2 18
3 6
3 23
4 5
4 11
5 17
5 27
6 24
6 28
7 6
7 22
8 3
8 29
9 7
9 13
10 15
10 31
11 1
11 27
12 15
12 30
13 2
13 22
14 5
14 31
15 19
15 21
16 10
16 12
17 0
17 26
18 9
18 29
19 1
19 16
20 4
20 30
21 0
21 16
22 18
22 24
23 2
23 28
24 9
24 25
25 3
25 7
26 4
26 14
27 20
27 26
28 8
28 25
29 13
29 23
30 11
30 19
31 17
31 21

# solution 28
# n=32 sym=rot4 status=verified source=flammenkamp_cache/n32_rot4
# code=oAECKIN6N5BHROS6M237DFV1RFU2M5VJLAC0Q9T1G4U0GIOST9P374EKQ8P8DBJHL
0 10
0 14
1 12
1 20
2 18
2 23
3 6
3 23
4 5
4 11
5 17
5 27
6 24
6 28
7 6
7 22
8 2
8 3
9 7
9 13
10 15
10 31
11 1
11 27
12 15
12 30
13 2
13 22
14 5
14 31
15 19
15 21
16 10
16 12
17 0
17 26
18 9
18 29
19 1
19 16
20 4
20 30
21 0
21 16
22 18
22 24
23 28
23 29
24 9
24 25
25 3
25 7
26 4
26 14
27 20
27 26
28 8
28 25
29 8
29 13
30 11
30 19
31 17
31 21

# solution 29
# n=32 sym=rot4 status=verified source=flammenkamp_cache/n32_rot4
# code=o4AELDNHK9V68GQCM2Q7R1V3DFOKT3U6JCP1S2B7GIS0U4O5T9J5FNP0MBE8IAHLR
0 4
0 10
1 14
1 21
2 13
2 23
3 17
3 20
4 9
4 31
5 6
5 8
6 16
6 26
7 12
7 22
8 2
8 26
9 7
9 27
10 1
10 31
11 3
11 13
12 15
12 24
13 20
13 29
14 3
14 30
15 6
15 19
16 12
16 25
17 1
17 28
18 2
18 11
19 7
19 16
20 18
20 28
21 0
21 30
22 4
22 24
23 5
23 29
24 9
24 19
25 5
25 15
26 23
26 25
27 0
27 22
28 11
28 14
29 8
29 18
30 10
30 17
31 21
31 27

# solution 30
# n=32 sym=rot4 status=verified source=flammenkamp_cache/n32_rot4
# code=oLM9DAQGR3828JO6EQR0U0TDG6EKUJO3BKS7C1BHPFI2V1V45HP7CNTNS4F5LIM9A
0 21
0 22
1 9
1 13
2 10
2 26
3 16
3 27
4 3
4 8
5 2
5 8
6 19
6 24
7 6
7 14
8 26
8 27
9 0
9 30
10 0
10 29
11 13
11 16
12 6
12 14
13 20
13 30
14 19
14 24
15 3
15 11
16 20
16 28
17 7
17 12
18 1
18 11
19 17
19 25
20 15
20 18
21 2
21 31
22 1
22 31
23 4
23 5
24 17
24 25
25 7
25 12
26 23
26 29
27 23
27 28
28 4
28 15
29 5
29 21
30 18
30 22
31 9
31 10

# solution 31
# n=32 sym=rot4 status=verified source=flammenkamp_cache/n32_rot4
# code=oEJ7GMQDL6E2MOR6UAB253NGN0DJSRV1BKU043CIV8F8SQTKL1P479THPAI59FOCH
0 14
0 19
1 7
1 16
2 22
2 26
3 13
3 21
4 6
4 14
5 2
5 22
6 24
6 27
7 6
7 30
8 10
8 11
9 2
9 5
10 3
10 23
11 16
11 23
12 0
12 13
13 19
13 28
14 27
14 31
15 1
15 11
16 20
16 30
17 0
17 4
18 3
18 12
19 18
19 31
20 8
20 15
21 8
21 28
22 26
22 29
23 20
23 21
24 1
24 25
25 4
25 7
26 9
26 29
27 17
27 25
28 10
28 18
29 5
29 9
30 15
30 24
31 12
31 17

# solution 32
# n=32 sym=rot4 status=verified source=flammenkamp_cache/n32_rot4
# code=o9E3HAGOU7CLP5D3R8NCV5TFIMRBP1V2KBT0U6K49DG2Q0J8N4SIQ6AJO17FLESHM
0 9
0 14
1 3
1 17
2 10
2 16
3 24
3 30
4 7
4 12
5 21
5 25
6 5
6 13
7 3
7 27
8 8
8 23
9 12
9 31
10 5
10 29
11 15
11 18
12 22
12 27
13 11
13 25
14 1
14 31
15 2
15 20
16 11
16 29
17 0
17 30
18 6
18 20
19 4
19 9
20 13
20 16
21 2
21 26
22 0
22 19
23 8
23 23
24 4
24 28
25 18
25 26
26 6
26 10
27 19
27 24
28 1
28 7
29 15
29 21
30 14
30 28
31 17
31 22

# solution 33
# n=32 sym=rot4 status=verified source=flammenkamp_cache/n32_rot4
# code=oGLST181D7BHJCO6RLTDE08FR5PMS5M0KBV9Q396Q4GNVHI2A4P7JCEKOIUNU23AF
0 16
0 21
1 28
1 29
2 1
2 8
3 1
3 13
4 7
4 11
5 17
5 19
6 12
6 24
7 6
7 27
8 21
8 29
9 13
9 14
10 0
10 8
11 15
11 27
12 5
12 25
13 22
13 28
14 5
14 22
15 0
15 20
16 11
16 31
17 9
17 26
18 3
18 9
19 6
19 26
20 4
20 16
21 23
21 31
22 17
22 18
23 2
23 10
24 4
24 25
25 7
25 19
26 12
26 14
27 20
27 24
28 18
28 30
29 23
29 30
30 2
30 3
31 10
31 15

# solution 34
# n=32 sym=rot4 status=verified source=flammenkamp_cache/n32_rot4
# code=o79JMCI6L6EEIRSNV7B1V3FFN1T25QRKLAB45QT2U8GGS0UKO0834DHHPAPDJ9CMO
0 7
0 9
1 19
1 22
2 12
2 18
3 6
3 21
4 6
4 14
5 14
5 18
6 27
6 28
7 23
7 31
8 7
8 11
9 1
9 31
10 3
10 15
11 15
11 23
12 1
12 29
13 2
13 5
14 26
14 27
15 20
15 21
16 10
16 11
17 4
17 5
18 26
18 29
19 2
19 30
20 8
20 16
21 16
21 28
22 0
22 30
23 20
23 24
24 0
24 8
25 3
25 4
26 13
26 17
27 17
27 25
28 10
28 25
29 13
29 19
30 9
30 12
31 22
31 24

# solution 35
# n=32 sym=rot4 status=verified source=flammenkamp_cache/n32_rot4
# code=o9CCHLQ4DPS284IHN7QKV2G9FUV6S17AKBLOU3P01GMFT0B5O8EDRNT36IR5AEJJM
0 9
0 12
1 12
1 17
2 21
2 26
3 4
3 13
4 25
4 28
5 2
5 8
6 4
6 18
7 17
7 23
8 7
8 26
9 20
9 31
10 2
10 16
11 9
11 15
12 30
12 31
13 6
13 28
14 1
14 7
15 10
15 20
16 11
16 21
17 24
17 30
18 3
18 25
19 0
19 1
20 16
20 22
21 15
21 29
22 0
22 11
23 5
23 24
24 8
24 14
25 13
25 27
26 23
26 29
27 3
27 6
28 18
28 27
29 5
29 10
30 14
30 19
31 19
31 22

# solution 36
# n=32 sym=rot4 status=verified source=flammenkamp_cache/n32_rot4
# code=oBM9O5F7ECE6TIQ1S8N0UCGDVLR6KRSAT2L34BP4A0IFJ1V8N3U5D2PHJHOGQ7M9K
0 11
0 22
1 9
1 24
2 5
2 15
3 7
3 14
4 12
4 14
5 6
5 29
6 18
6 26
7 1
7 28
8 8
8 23
9 0
9 30
10 12
10 16
11 13
11 31
12 21
12 27
13 6
13 20
14 27
14 28
15 10
15 29
16 2
16 21
17 3
17 4
18 11
18 25
19 4
19 10
20 0
20 18
21 15
21 19
22 1
22 31
23 8
23 23
24 3
24 30
25 5
25 13
26 2
26 25
27 17
27 19
28 17
28 24
29 16
29 26
30 7
30 22
31 9
31 20

# solution 37
# n=32 sym=rot4 status=verified source=flammenkamp_cache/n32_rot4
# code=oAPFJ3EOTEMIJ093N7B4PGVDN155KRTAU1L24BQQU8I0F6RKO8SMVCD9H27HSCG6L
0 10
0 25
1 15
1 19
2 3
2 14
3 24
3 29
4 14
4 22
5 18
5 19
6 0
6 9
7 3
7 23
8 7
8 11
9 4
9 25
10 16
10 31
11 13
11 23
12 1
12 5
13 5
13 20
14 27
14 29
15 10
15 30
16 1
16 21
17 2
17 4
18 11
18 26
19 26
19 30
20 8
20 18
21 0
21 15
22 6
22 27
23 20
23 24
24 8
24 28
25 22
25 31
26 12
26 13
27 9
27 17
28 2
28 7
29 17
29 28
30 12
30 16
31 6
31 21

# solution 38
# n=32 sym=rot4 status=verified source=flammenkamp_cache/n32_rot4
# code=o4H9LDR6K2VHNOS6C5CGU1F3DNOKT059LAMQV2B78ISGU1FJQJP378E0TBP4IAMER
0 4
0 17
1 9
1 21
2 13
2 27
3 6
3 20
4 2
4 31
5 17
5 23
6 24
6 28
7 6
7 12
8 5
8 12
9 16
9 30
10 1
10 15
11 3
11 13
12 23
12 24
13 20
13 29
14 0
14 5
15 9
15 21
16 10
16 22
17 26
17 31
18 2
18 11
19 7
19 8
20 18
20 28
21 16
21 30
22 1
22 15
23 19
23 26
24 19
24 25
25 3
25 7
26 8
26 14
27 0
27 29
28 11
28 25
29 4
29 18
30 10
30 22
31 14
31 27

# solution 39
# n=32 sym=rot4 status=verified source=flammenkamp_cache/n32_rot4
# code=o9Q4I9GHO7U0KDH3R8NTVCG5CKL1P362ALTPS6UABJQFJ028N4SEIBV1O7EFMDR5M
0 9
0 26
1 4
1 18
2 9
2 16
3 17
3 24
4 7
4 30
5 0
5 20
6 13
6 17
7 3
7 27
8 8
8 23
9 29
9 31
10 12
10 16
11 5
11 12
12 20
12 21
13 1
13 25
14 3
14 6
15 2
15 10
16 21
16 29
17 25
17 28
18 6
18 30
19 10
19 11
20 19
20 26
21 15
21 19
22 0
22 2
23 8
23 23
24 4
24 28
25 14
25 18
26 11
26 31
27 1
27 24
28 7
28 14
29 15
29 22
30 13
30 27
31 5
31 22

# solution 40
# n=32 sym=rot4 status=verified source=flammenkamp_cache/n32_rot4
# code=oMO4D8CFI9U8P5H0BQT0RGHCOKT3U6AAS3LLP1S2B7JEF4V25KVEQ6N1MDGJNIR79
0 22
0 24
1 4
1 13
2 8
2 12
3 15
3 18
4 9
4 30
5 8
5 25
6 5
6 17
7 0
7 11
8 26
8 29
9 0
9 27
10 16
10 17
11 12
11 24
12 20
12 29
13 3
13 30
14 6
14 10
15 10
15 28
16 3
16 21
17 21
17 25
18 1
18 28
19 2
19 11
20 7
20 19
21 14
21 15
22 4
22 31
23 2
23 5
24 20
24 31
25 14
25 26
26 6
26 23
27 1
27 22
28 13
28 16
29 19
29 23
30 18
30 27
31 7
31 9

# solution 41
# n=32 sym=rot4 status=verified source=flammenkamp_cache/n32_rot4
# code=oCD8F5D4C8SMT7HLPRU5E7FBKSVTV6MLU1A9P0203BKGOHQ146AEO293NJRIQGNIJ
0 12
0 13
1 8
1 15
2 5
2 13
3 4
3 12
4 8
4 28
5 22
5 29
6 7
6 17
7 21
7 25
8 27
8 30
9 5
9 14
10 7
10 15
11 11
11 20
12 28
12 31
13 29
13 31
14 6
14 22
15 21
15 30
16 1
16 10
17 9
17 25
18 0
18 2
19 0
19 3
20 11
20 20
21 16
21 24
22 17
22 26
23 1
23 4
24 6
24 10
25 14
25 24
26 2
26 9
27 3
27 23
28 19
28 27
29 18
29 26
30 16
30 23
31 18
31 19

# solution 42
# n=32 sym=rot4 status=verified source=flammenkamp_cache/n32_rot4
# code=oBE9J6M7JEQ4N8TFS5P2UBFLV13DIRVLO7A04DISU0AGK1T6Q3G2N8R5HCO9PCMHK
0 11
0 14
1 9
1 19
2 6
2 22
3 7
3 19
4 14
4 26
5 4
5 23
6 8
6 29
7 15
7 28
8 5
8 25
9 2
9 30
10 11
10 15
11 21
11 31
12 1
12 3
13 13
13 18
14 27
14 31
15 21
15 24
16 7
16 10
17 0
17 4
18 13
18 18
19 28
19 30
20 0
20 10
21 16
21 20
22 1
22 29
23 6
23 26
24 3
24 16
25 2
25 23
26 8
26 27
27 5
27 17
28 12
28 24
29 9
29 25
30 12
30 22
31 17
31 20

# solution 43
# n=32 sym=rot4 status=verified source=flammenkamp_cache/n32_rot4
# code=oBE9J6M7JEQ4NNTFS562UBFLV13DIRVLO7A04DISU0AGK1TPQ3G288R5HCO9PCMHK
0 11
0 14
1 9
1 19
2 6
2 22
3 7
3 19
4 14
4 26
5 4
5 23
6 23
6 29
7 15
7 28
8 5
8 6
9 2
9 30
10 11
10 15
11 21
11 31
12 1
12 3
13 13
13 18
14 27
14 31
15 21
15 24
16 7
16 10
17 0
17 4
18 13
18 18
19 28
19 30
20 0
20 10
21 16
21 20
22 1
22 29
23 25
23 26
24 3
24 16
25 2
25 8
26 8
26 27
27 5
27 17
28 12
28 24
29 9
29 25
30 12
30 22
31 17
31 20

# solution 44
# n=32 sym=rot4 status=verified source=flammenkamp_cache/n32_rot4
# code=oDKDOEQ8JPQ244F1BMS8JEF0O39UVLTLP6A2A01MS7VGHCN39KUGRRT56CN5H7IBI
0 13
0 20
1 13
1 24
2 14
2 26
3 8
3 19
4 25
4 26
5 2
5 4
6 4
6 15
7 1
7 11
8 22
8 28
9 8
9 19
10 14
10 15
11 0
11 24
12 3
12 9
13 30
13 31
14 21
14 29
15 21
15 25
16 6
16 10
17 2
17 10
18 0
18 1
19 22
19 28
20 7
20 31
21 16
21 17
22 12
22 23
23 3
23 9
24 20
24 30
25 16
25 27
26 27
26 29
27 5
27 6
28 12
28 23
29 5
29 17
30 7
30 18
31 11
31 18

# solution 45
# n=32 sym=rot4 status=verified source=flammenkamp_cache/n32_rot4
# code=oFM7D5D4KNS6TBQMU4C07CF3PLNTUEHLV0AEH128A6SGJOVJR195K2P38BRIQIO9G
0 15
0 22
1 7
1 13
2 5
2 13
3 4
3 20
4 23
4 28
5 6
5 29
6 11
6 26
7 22
7 30
8 4
8 12
9 0
9 7
10 12
10 15
11 3
11 25
12 21
12 23
13 29
13 30
14 14
14 17
15 21
15 31
16 0
16 10
17 14
17 17
18 1
18 2
19 8
19 10
20 6
20 28
21 16
21 19
22 24
22 31
23 19
23 27
24 1
24 9
25 5
25 20
26 2
26 25
27 3
27 8
28 11
28 27
29 18
29 26
30 18
30 24
31 9
31 16

# solution 46
# n=32 sym=rot4 status=verified source=flammenkamp_cache/n32_rot4
# code=oOPFRABHJ1E8P050CLQFK8T9T3ODI3RMU194SDI7S2M2NBG5AJVQV6NHUCEKL4G67
0 24
0 25
1 15
1 27
2 10
2 11
3 17
3 19
4 1
4 14
5 8
5 25
6 0
6 5
7 0
7 12
8 21
8 26
9 15
9 20
10 8
10 29
11 9
11 29
12 3
12 24
13 13
13 18
14 3
14 27
15 22
15 30
16 1
16 9
17 4
17 28
18 13
18 18
19 7
19 28
20 2
20 22
21 2
21 23
22 11
22 16
23 5
23 10
24 19
24 31
25 26
25 31
26 6
26 23
27 17
27 30
28 12
28 14
29 20
29 21
30 4
30 16
31 6
31 7

# solution 47
# n=32 sym=rot4 status=verified source=flammenkamp_cache/n32_rot4
# code=o3A7LEFCVEN7P5KQU4JFK1V698SDIRTMT2924DI3NMP0UBGCR15BQ6O8H0JGHAOLS
0 3
0 10
1 7
1 21
2 14
2 15
3 12
3 31
4 14
4 23
5 7
5 25
6 5
6 20
7 26
7 30
8 4
8 19
9 15
9 20
10 1
10 31
11 6
11 9
12 8
12 28
13 13
13 18
14 27
14 29
15 22
15 29
16 2
16 9
17 2
17 4
18 13
18 18
19 3
19 23
20 22
20 25
21 0
21 30
22 11
22 16
23 12
23 27
24 1
24 5
25 11
25 26
26 6
26 24
27 8
27 17
28 0
28 19
29 16
29 17
30 10
30 24
31 21
31 28

# solution 48
# n=32 sym=rot4 status=verified source=flammenkamp_cache/n32_rot4
# code=oEGAQ3HNTNP1D49AC34FPOUCDKOKQ2V0M9V0T5B7BIJ176GRSJLMRIU6828ES5LFH
0 14
0 16
1 10
1 26
2 3
2 17
3 23
3 29
4 23
4 25
5 1
5 13
6 4
6 9
7 10
7 12
8 3
8 4
9 15
9 25
10 24
10 30
11 12
11 13
12 20
12 24
13 20
13 26
14 2
14 31
15 0
15 22
16 9
16 31
17 0
17 29
18 5
18 11
19 7
19 11
20 18
20 19
21 1
21 7
22 6
22 16
23 27
23 28
24 19
24 21
25 22
25 27
26 18
26 30
27 6
27 8
28 2
28 8
29 14
29 28
30 5
30 21
31 15
31 17

# solution 49
# n=32 sym=rot4 status=verified source=flammenkamp_cache/n32_rot4
# code=oHO9CDH7C5NNRBG0S45GUBDLPSULT0269MPTV2A136AIK1FQR3VFK488QJOEIJM7E
0 17
0 24
1 9
1 12
2 13
2 17
3 7
3 12
4 5
4 23
5 23
5 27
6 11
6 16
7 0
7 28
8 4
8 5
9 16
9 30
10 11
10 13
11 21
11 25
12 28
12 30
13 21
13 29
14 0
14 2
15 6
15 9
16 22
16 25
17 29
17 31
18 2
18 10
19 1
19 3
20 6
20 10
21 18
21 20
22 1
22 15
23 26
23 27
24 3
24 31
25 15
25 20
26 4
26 8
27 8
27 26
28 19
28 24
29 14
29 18
30 19
30 22
31 7
31 14

# solution 50
# n=32 sym=rot4 status=verified source=flammenkamp_cache/n32_rot4
# code=oFOAC4B7BHT6ILQ0S9IFN6USTEU584JMV09CRNQ1H231P8GDM3V5ADP2EKOKRJL7G
0 15
0 24
1 10
1 12
2 4
2 11
3 7
3 11
4 17
4 29
5 6
5 18
6 21
6 26
7 0
7 28
8 9
8 18
9 15
9 23
10 6
10 30
11 28
11 29
12 14
12 30
13 5
13 8
14 4
14 19
15 22
15 31
16 0
16 9
17 12
17 27
18 23
18 26
19 1
19 17
20 2
20 3
21 1
21 25
22 8
22 16
23 13
23 22
24 3
24 31
25 5
25 10
26 13
26 25
27 2
27 14
28 20
28 24
29 20
29 27
30 19
30 21
31 7
31 16

# solution 51
# n=32 sym=rot4 status=verified source=flammenkamp_cache/n32_rot4
# code=oAI3I6LMU7ENP5TFR5J3G2VBK8E01JR9O7M4CUVHNBK0TFSCQ4G2Q68HO19APDSDL
0 10
0 18
1 3
1 18
2 6
2 21
3 22
3 30
4 7
4 14
5 23
5 25
6 5
6 29
7 15
7 27
8 5
8 19
9 3
9 16
10 2
10 31
11 11
11 20
12 8
12 14
13 0
13 1
14 19
14 27
15 9
15 24
16 7
16 22
17 4
17 12
18 30
18 31
19 17
19 23
20 11
20 20
21 0
21 29
22 15
22 28
23 12
23 26
24 4
24 16
25 2
25 26
26 6
26 8
27 17
27 24
28 1
28 9
29 10
29 25
30 13
30 28
31 13
31 21

# solution 52
# n=32 sym=rot4 status=verified source=flammenkamp_cache/n32_rot4
# code=oISADHN078EAJKMGS2R6FQU6C5K0U2R7M9O4T1VBQJP15GP4T3F9BCLHNOV8EIL3D
0 18
0 28
1 10
1 13
2 17
2 23
3 0
3 7
4 8
4 14
5 10
5 19
6 20
6 22
7 16
7 28
8 2
8 27
9 6
9 15
10 26
10 30
11 6
11 12
12 5
12 20
13 0
13 30
14 2
14 27
15 7
15 22
16 9
16 24
17 4
17 29
18 1
18 31
19 11
19 26
20 19
20 25
21 1
21 5
22 16
22 25
23 4
23 29
24 3
24 15
25 9
25 11
26 12
26 21
27 17
27 23
28 24
28 31
29 8
29 14
30 18
30 21
31 3
31 13

# solution 53
# n=32 sym=rot4 status=verified source=flammenkamp_cache/n32_rot4
# code=oCHHK7948QS4KFMITFS6TCD15LV7L01NP68UVAO0AQUIJ2P3G2D9GBR35NRMOBEEJ
0 12
0 17
1 17
1 20
2 7
2 9
3 4
3 8
4 26
4 28
5 4
5 20
6 15
6 22
7 18
7 29
8 15
8 28
9 6
9 29
10 12
10 13
11 1
11 5
12 21
12 31
13 7
13 21
14 0
14 1
15 23
15 25
16 6
16 8
17 30
17 31
18 10
18 24
19 0
19 10
20 26
20 30
21 18
21 19
22 2
22 25
23 3
23 16
24 2
24 13
25 9
25 16
26 11
26 27
27 3
27 5
28 23
28 27
29 22
29 24
30 11
30 14
31 14
31 19

# solution 54
# n=32 sym=rot4 status=verified source=flammenkamp_cache/n32_rot4
# code=oHKHL8C4MCS7L7FPQGT3B150MRTDI018P6NUVDI249VQUKS2F56GOAO3J9RJNAEBE
0 17
0 20
1 17
1 21
2 8
2 12
3 4
3 22
4 12
4 28
5 7
5 21
6 7
6 15
7 25
7 26
8 16
8 29
9 3
9 11
10 1
10 5
11 0
11 22
12 27
12 29
13 13
13 18
14 0
14 1
15 8
15 25
16 6
16 23
17 30
17 31
18 13
18 18
19 2
19 4
20 9
20 31
21 26
21 30
22 20
22 28
23 2
23 15
24 5
24 6
25 16
25 24
26 10
26 24
27 3
27 19
28 9
28 27
29 19
29 23
30 10
30 14
31 11
31 14

# solution 55
# n=32 sym=rot4 status=verified source=flammenkamp_cache/n32_rot4
# code=oAD9H6C5NFOKSKT493FOUHV56DTJV1ANR48LU0C2IPQ0E17GSMR2B3B7G8QJPEMIL
0 10
0 13
1 9
1 17
2 6
2 12
3 5
3 23
4 15
4 24
5 20
5 28
6 20
6 29
7 4
7 9
8 3
8 15
9 24
9 30
10 17
10 31
11 5
11 6
12 13
12 29
13 19
13 31
14 1
14 10
15 23
15 27
16 4
16 8
17 21
17 30
18 0
18 12
19 2
19 18
20 25
20 26
21 0
21 14
22 1
22 7
23 16
23 28
24 22
24 27
25 2
25 11
26 3
26 11
27 7
27 16
28 8
28 26
29 19
29 25
30 14
30 22
31 18
31 21

# solution 56
# n=32 sym=rot4 status=verified source=flammenkamp_cache/n32_rot4
# code=oADEO5H3SFMJTBL18FO4K6V9P5DJV2UNR481T0CIQ6M0PBR7GNUAK2C9G3SEQ7HIL
0 10
0 13
1 14
1 24
2 5
2 17
3 3
3 28
4 15
4 22
5 19
5 29
6 11
6 21
7 1
7 8
8 15
8 24
9 4
9 20
10 6
10 31
11 9
11 25
12 5
12 13
13 19
13 31
14 2
14 30
15 23
15 27
16 4
16 8
17 1
17 29
18 0
18 12
19 18
19 26
20 6
20 22
21 0
21 25
22 11
22 27
23 7
23 16
24 23
24 30
25 10
25 20
26 2
26 12
27 9
27 16
28 3
28 28
29 14
29 26
30 7
30 17
31 18
31 21

# solution 57
# n=32 sym=rot4 status=verified source=flammenkamp_cache/n32_rot4
# code=oBHEP9LDF6MBO1R5ACF4T2OQVDNJS0UNS381V3C8I057T2RGJLQ4U7K9PGIAM6HEK
0 11
0 17
1 14
1 25
2 9
2 21
3 13
3 15
4 6
4 22
5 11
5 24
6 1
6 27
7 5
7 10
8 12
8 15
9 4
9 29
10 2
10 24
11 26
11 31
12 13
12 23
13 19
13 28
14 0
14 30
15 23
15 28
16 3
16 8
17 1
17 31
18 3
18 12
19 8
19 18
20 0
20 5
21 7
21 29
22 2
22 27
23 16
23 19
24 21
24 26
25 4
25 30
26 7
26 20
27 9
27 25
28 16
28 18
29 10
29 22
30 6
30 17
31 14
31 20

# solution 58
# n=32 sym=rot4 status=verified source=flammenkamp_cache/n32_rot4
# code=o7LCK4F9BMT5Q8CLVFP4S071SPUEHDINT28DIEH163UOV3R6G0AJN5Q29KMGRBJAO
0 7
0 21
1 12
1 20
2 4
2 15
3 9
3 11
4 22
4 29
5 5
5 26
6 8
6 12
7 21
7 31
8 15
8 25
9 4
9 28
10 0
10 7
11 1
11 28
12 25
12 30
13 14
13 17
14 13
14 18
15 23
15 29
16 2
16 8
17 13
17 18
18 14
18 17
19 1
19 6
20 3
20 30
21 24
21 31
22 3
22 27
23 6
23 16
24 0
24 10
25 19
25 23
26 5
26 26
27 2
27 9
28 20
28 22
29 16
29 27
30 11
30 19
31 10
31 24

# solution 59
# n=32 sym=rot4 status=verified source=flammenkamp_cache/n32_rot4
# code=oJKDLDF4OPS8B4C3MGQ7E1E0Q0PTULM8T2N9A126V5VHUHO5F9SJRKN367RGIAIBC
0 19
0 20
1 13
1 21
2 13
2 15
3 4
3 24
4 25
4 28
5 8
5 11
6 4
6 12
7 3
7 22
8 16
8 26
9 7
9 14
10 1
10 14
11 0
11 26
12 0
12 25
13 29
13 30
14 21
14 22
15 8
15 29
16 2
16 23
17 9
17 10
18 1
18 2
19 6
19 31
20 5
20 31
21 17
21 30
22 17
22 24
23 5
23 15
24 9
24 28
25 19
25 27
26 20
26 23
27 3
27 6
28 7
28 27
29 16
29 18
30 10
30 18
31 11
31 12

# solution 60
# n=32 sym=rot4 status=verified source=flammenkamp_cache/n32_rot4
# code=oCLGI7QBJHP284B9TGQIO0EPS3V194L18NUARMU0S36HV7D5F2MKRNT6ECK5ODFAJ
0 12
0 21
1 16
1 18
2 7
2 26
3 11
3 19
4 17
4 25
5 2
5 8
6 4
6 11
7 9
7 29
8 16
8 26
9 18
9 24
10 0
10 14
11 25
11 28
12 3
12 31
13 1
13 9
14 4
14 21
15 1
15 8
16 23
16 30
17 10
17 27
18 22
18 30
19 0
19 28
20 3
20 6
21 17
21 31
22 7
22 13
23 5
23 15
24 2
24 22
25 20
25 27
26 23
26 29
27 6
27 14
28 12
28 20
29 5
29 24
30 13
30 15
31 10
31 19

# solution 61
# n=32 sym=rot4 status=verified source=flammenkamp_cache/n32_rot4
# code=oOPGHBH7B6IAM0R0SAG5JNQST9D4J1218NUTUCRIM2358CQFL3V4V9LDPKOEKEF67
0 24
0 25
1 16
1 17
2 11
2 17
3 7
3 11
4 6
4 18
5 10
5 22
6 0
6 27
7 0
7 28
8 10
8 16
9 5
9 19
10 23
10 26
11 28
11 29
12 9
12 13
13 4
13 19
14 1
14 2
15 1
15 8
16 23
16 30
17 29
17 30
18 12
18 27
19 18
19 22
20 2
20 3
21 5
21 8
22 12
22 26
23 15
23 21
24 3
24 31
25 4
25 31
26 9
26 21
27 13
27 25
28 20
28 24
29 14
29 20
30 14
30 15
31 6
31 7

# solution 62
# n=32 sym=rot4 status=verified source=flammenkamp_cache/n32_rot4
# code=oFR3PHJMU05CR1MAKEF36BO7L2QDI2NNV088TDI5TAO7KPSGHBL9U4JQV19CE6S4G
0 15
0 27
1 3
1 25
2 17
2 19
3 22
3 30
4 0
4 5
5 12
5 27
6 1
6 22
7 10
7 20
8 14
8 15
9 3
9 6
10 11
10 24
11 7
11 21
12 2
12 26
13 13
13 18
14 2
14 23
15 23
15 31
16 0
16 8
17 8
17 29
18 13
18 18
19 5
19 29
20 10
20 24
21 7
21 20
22 25
22 28
23 16
23 17
24 11
24 21
25 9
25 30
26 4
26 19
27 26
27 31
28 1
28 9
29 12
29 14
30 6
30 28
31 4
31 16

# solution 63
# n=32 sym=rot4 status=verified source=flammenkamp_cache/n32_rot4
# code=o8DJKEF3SANEL9K9F4VOP5R161DJVQTOT27250CIUPU4Q670RGMBMAH8L3SGHBCIN
0 8
0 13
1 19
1 20
2 14
2 15
3 3
3 28
4 10
4 23
5 14
5 21
6 9
6 20
7 9
7 15
8 4
8 31
9 24
9 25
10 5
10 27
11 1
11 6
12 1
12 13
13 19
13 31
14 26
14 29
15 24
15 29
16 2
16 7
17 2
17 5
18 0
18 12
19 18
19 30
20 25
20 30
21 4
21 26
22 6
22 7
23 0
23 27
24 16
24 22
25 11
25 22
26 10
26 17
27 8
27 21
28 3
28 28
29 16
29 17
30 11
30 12
31 18
31 23

# solution 64
# n=32 sym=rot4 status=verified source=flammenkamp_cache/n32_rot4
# code=o8EFJ4D5NMTES9LBF3V4P6BLO1DJTQVOU17052CIU7AKP6R0SGKAM3H298QIRCGHN
0 8
0 14
1 15
1 19
2 4
2 13
3 5
3 23
4 22
4 29
5 14
5 28
6 9
6 21
7 11
7 15
8 3
8 31
9 4
9 25
10 6
10 11
11 21
11 24
12 1
12 13
13 19
13 29
14 26
14 31
15 24
15 30
16 1
16 7
17 0
17 5
18 2
18 12
19 18
19 30
20 7
20 10
21 20
21 25
22 6
22 27
23 0
23 28
24 16
24 20
25 10
25 22
26 3
26 17
27 2
27 9
28 8
28 26
29 18
29 27
30 12
30 16
31 17
31 23

# solution 65
# n=32 sym=rot4 status=verified source=flammenkamp_cache/n32_rot4
# code=oENFJ4D5NMTES9LBF034P6BLO1DJTQVOU17052CIU7AKP6RSVGKAM3H298QIRCG8H
0 14
0 23
1 15
1 19
2 4
2 13
3 5
3 23
4 22
4 29
5 14
5 28
6 9
6 21
7 11
7 15
8 0
8 3
9 4
9 25
10 6
10 11
11 21
11 24
12 1
12 13
13 19
13 29
14 26
14 31
15 24
15 30
16 1
16 7
17 0
17 5
18 2
18 12
19 18
19 30
20 7
20 10
21 20
21 25
22 6
22 27
23 28
23 31
24 16
24 20
25 10
25 22
26 3
26 17
27 2
27 9
28 8
28 26
29 18
29 27
30 12
30 16
31 8
31 17

# solution 66
# n=32 sym=rot4 status=verified source=flammenkamp_cache/n32_rot4
# code=oFPJK49BELT5Q0I8FIOAT4M1S1E68JSOV073CNPHU3U9R2L7DGNDV5Q2AHKMRBC6G
0 15
0 25
1 19
1 20
2 4
2 9
3 11
3 14
4 21
4 29
5 5
5 26
6 0
6 18
7 8
7 15
8 18
8 24
9 10
9 29
10 4
10 22
11 1
11 28
12 1
12 14
13 6
13 8
14 19
14 28
15 24
15 31
16 0
16 7
17 3
17 12
18 23
18 25
19 17
19 30
20 3
20 30
21 9
21 27
22 2
22 21
23 7
23 13
24 16
24 23
25 13
25 31
26 5
26 26
27 2
27 10
28 17
28 20
29 22
29 27
30 11
30 12
31 6
31 16

# solution 67
# n=32 sym=rot4 status=verified source=flammenkamp_cache/n32_rot4
# code=oDF6L3MET8A9OIU5FKR2Q1R8CEK6VJSOV073C0PBHJN4U5T4BGQ1D7MLN2H9SAPGI
0 13
0 15
1 6
1 21
2 3
2 22
3 14
3 29
4 8
4 10
5 9
5 24
6 18
6 30
7 5
7 15
8 20
8 27
9 2
9 26
10 1
10 27
11 8
11 12
12 14
12 20
13 6
13 31
14 19
14 28
15 24
15 31
16 0
16 7
17 3
17 12
18 0
18 25
19 11
19 17
20 19
20 23
21 4
21 30
22 5
22 29
23 4
23 11
24 16
24 26
25 1
25 13
26 7
26 22
27 21
27 23
28 2
28 17
29 9
29 28
30 10
30 25
31 16
31 18

# solution 68
# n=32 sym=rot4 status=verified source=flammenkamp_cache/n32_rot4
# code=o5GDLNRBD2H6VMQFK2C6A1M7SENSU4J0O7VCR138H3O9ULPJTBG590PETIK48AIFQ
0 5
0 16
1 13
1 21
2 23
2 27
3 11
3 13
4 2
4 17
5 6
5 31
6 22
6 26
7 15
7 20
8 2
8 12
9 6
9 10
10 1
10 22
11 7
11 28
12 14
12 23
13 28
13 30
14 4
14 19
15 0
15 24
16 7
16 31
17 12
17 27
18 1
18 3
19 8
19 17
20 3
20 24
21 9
21 30
22 21
22 25
23 19
23 29
24 11
24 16
25 5
25 9
26 0
26 25
27 14
27 29
28 18
28 20
29 4
29 8
30 10
30 18
31 15
31 26

# solution 69
# n=32 sym=rot4 status=verified source=flammenkamp_cache/n32_rot4
# code=oIK4O9E79PUFI4G1S8NSTHJ0CAK05AT6Q5P2LQVBLJVCE238N3UFRDG16MOHM7RBD
0 18
0 20
1 4
1 24
2 9
2 14
3 7
3 9
4 25
4 30
5 15
5 18
6 4
6 16
7 1
7 28
8 8
8 23
9 28
9 29
10 17
10 19
11 0
11 12
12 10
12 20
13 0
13 5
14 10
14 29
15 6
15 26
16 5
16 25
17 2
17 21
18 26
18 31
19 11
19 21
20 19
20 31
21 12
21 14
22 2
22 3
23 8
23 23
24 3
24 30
25 15
25 27
26 13
26 16
27 1
27 6
28 22
28 24
29 17
29 22
30 7
30 27
31 11
31 13

# solution 70
# n=32 sym=rot4 status=verified source=flammenkamp_cache/n32_rot4
# code=oJLCE48KLGT7P5FBQMT8E033O0UDIMU4P6R19DI1V7SSVHN295KGQ6O2FABNRHJAC
0 19
0 21
1 12
1 14
2 4
2 8
3 20
3 21
4 16
4 29
5 7
5 25
6 5
6 15
7 11
7 26
8 22
8 29
9 8
9 14
10 0
10 3
11 3
11 24
12 0
12 30
13 13
13 18
14 22
14 30
15 4
15 25
16 6
16 27
17 1
17 9
18 13
18 18
19 1
19 31
20 7
20 28
21 28
21 31
22 17
22 23
23 2
23 9
24 5
24 20
25 16
25 26
26 6
26 24
27 2
27 15
28 10
28 11
29 23
29 27
30 17
30 19
31 10
31 12

# solution 71
# n=32 sym=rot4 status=verified source=flammenkamp_cache/n32_rot4
# code=oBS9HCL0OFL8KDG3N7QDU245VETMP1J6R4PCU692H0QRT1I5O8SFIBNAG7VAJEM3K
0 11
0 28
1 9
1 17
2 12
2 21
3 0
3 24
4 15
4 21
5 8
5 20
6 13
6 16
7 3
7 23
8 7
8 26
9 13
9 30
10 2
10 4
11 5
11 31
12 14
12 29
13 22
13 25
14 1
14 19
15 6
15 27
16 4
16 25
17 12
17 30
18 6
18 9
19 2
19 17
20 0
20 26
21 27
21 29
22 1
22 18
23 5
23 24
24 8
24 28
25 15
25 18
26 11
26 23
27 10
27 16
28 7
28 31
29 10
29 19
30 14
30 22
31 3
31 20

# solution 72
# n=32 sym=rot4 status=verified source=flammenkamp_cache/n32_rot4
# code=o5ECHDGBD7N6VGQMR4B7ACMNSLUST1V26PT0U231A389JLOKR495F0P8OIKFIEJHQ
0 5
0 14
1 12
1 17
2 13
2 16
3 11
3 13
4 7
4 23
5 6
5 31
6 16
6 26
7 22
7 27
8 4
8 11
9 7
9 10
10 12
10 22
11 23
11 28
12 21
12 30
13 28
13 29
14 1
14 31
15 2
15 6
16 25
16 29
17 0
17 30
18 2
18 3
19 1
19 10
20 3
20 8
21 9
21 19
22 21
22 24
23 20
23 27
24 4
24 9
25 5
25 15
26 0
26 25
27 8
27 24
28 18
28 20
29 15
29 18
30 14
30 19
31 17
31 26

# solution 73
# n=32 sym=rot4 status=verified source=flammenkamp_cache/n32_rot4
# code=oDHGMCLOR38AKDG3N7R1K2Q59ETPV0J16PUCV062HMQ5TBU4O8SFIBLNS47AJ9FEI
0 13
0 17
1 16
1 22
2 12
2 21
3 24
3 27
4 3
4 8
5 10
5 20
6 13
6 16
7 3
7 23
8 7
8 27
9 1
9 20
10 2
10 26
11 5
11 9
12 14
12 29
13 25
13 31
14 0
14 19
15 1
15 6
16 25
16 30
17 12
17 31
18 0
18 6
19 2
19 17
20 22
20 26
21 5
21 29
22 11
22 30
23 4
23 24
24 8
24 28
25 15
25 18
26 11
26 21
27 23
27 28
28 4
28 7
29 10
29 19
30 9
30 15
31 14
31 18

# solution 74
# n=32 sym=rot4 status=verified source=flammenkamp_cache/n32_rot4
# code=o5ECFKN5B7NSVGJMR247AEM2S6UDILV6U1P0ADI1P3T9HLORT49CF038OKQ8BGJHQ
0 5
0 14
1 12
1 15
2 20
2 23
3 5
3 11
4 7
4 23
5 28
5 31
6 16
6 19
7 22
7 27
8 2
8 4
9 7
9 10
10 14
10 22
11 2
11 28
12 6
12 30
13 13
13 18
14 21
14 31
15 6
15 30
16 1
16 25
17 0
17 10
18 13
18 18
19 1
19 25
20 3
20 29
21 9
21 17
22 21
22 24
23 27
23 29
24 4
24 9
25 12
25 15
26 0
26 3
27 8
27 24
28 20
28 26
29 8
29 11
30 16
30 19
31 17
31 26

# solution 75
# n=32 sym=rot4 status=verified source=flammenkamp_cache/n32_rot4
# code=oBGCDBNMNPQ494GCH233QEITVOUAU7L06PVAO1L1702DH5SSTEJFRMR56898KIJFK
0 11
0 16
1 12
1 13
2 11
2 23
3 22
3 23
4 25
4 26
5 4
5 9
6 4
6 16
7 12
7 17
8 2
8 3
9 3
9 26
10 14
10 18
11 29
11 31
12 24
12 30
13 10
13 30
14 7
14 21
15 0
15 6
16 25
16 31
17 10
17 24
18 1
18 21
19 1
19 7
20 0
20 2
21 13
21 17
22 5
22 28
23 28
23 29
24 14
24 19
25 15
25 27
26 22
26 27
27 5
27 6
28 8
28 9
29 8
29 20
30 18
30 19
31 15
31 20

# solution 76
# n=32 sym=rot4 status=verified source=flammenkamp_cache/n32_rot4
# code=o9F8I5JAR3MDTFL8KOU4V6S7E2E1QJKPV06BC5UHTHO3P0R17BNAG2I9S4LCQDNGM
0 9
0 15
1 8
1 18
2 5
2 19
3 10
3 27
4 3
4 22
5 13
5 29
6 15
6 21
7 8
7 20
8 24
8 30
9 4
9 31
10 6
10 28
11 7
11 14
12 2
12 14
13 1
13 26
14 19
14 20
15 25
15 31
16 0
16 6
17 11
17 12
18 5
18 30
19 17
19 29
20 17
20 24
21 3
21 25
22 0
22 27
23 1
23 7
24 11
24 23
25 10
25 16
26 2
26 18
27 9
27 28
28 4
28 21
29 12
29 26
30 13
30 23
31 16
31 22

# solution 77
# n=32 sym=rot4 status=verified source=flammenkamp_cache/n32_rot4
# code=oEGEJ8ANR37MOFK5R3T5BIT6M1DAJUV0P6V01CLIU9P2DKQ2S4QBG79OS48LNCHFH
0 14
0 16
1 14
1 19
2 8
2 10
3 23
3 27
4 3
4 7
5 22
5 24
6 15
6 20
7 5
7 27
8 3
8 29
9 5
9 11
10 18
10 29
11 6
11 22
12 1
12 13
13 10
13 19
14 30
14 31
15 0
15 25
16 6
16 31
17 0
17 1
18 12
18 21
19 18
19 30
20 9
20 25
21 2
21 13
22 20
22 26
23 2
23 28
24 4
24 26
25 11
25 16
26 7
26 9
27 24
27 28
28 4
28 8
29 21
29 23
30 12
30 17
31 15
31 17

# solution 78
# n=32 sym=rot4 status=verified source=flammenkamp_cache/n32_rot4
# code=oAFIJEOLQ8B37EG2QMR8D3VCR1K1MPT6V0P269UBU4J0SIN495TFHOSKN5A7HCDGL
0 10
0 15
1 18
1 19
2 14
2 24
3 21
3 26
4 8
4 11
5 3
5 7
6 14
6 16
7 2
7 26
8 22
8 27
9 8
9 13
10 3
10 31
11 12
11 27
12 1
12 20
13 1
13 22
14 25
14 29
15 6
15 31
16 0
16 25
17 2
17 6
18 9
18 30
19 11
19 30
20 4
20 19
21 0
21 28
22 18
22 23
23 4
23 9
24 5
24 29
25 15
25 17
26 24
26 28
27 20
27 23
28 5
28 10
29 7
29 17
30 12
30 13
31 16
31 21

# solution 79
# n=32 sym=rot4 status=verified source=flammenkamp_cache/n32_rot4
# code=oEI6RAK9G1J9FAUIN7BQSPT2N4E07JV3Q5S0COVHR8T2635KO8D1LGMCUFMBL4PDH
0 14
0 18
1 6
1 27
2 10
2 20
3 9
3 16
4 1
4 19
5 9
5 15
6 10
6 30
7 18
7 23
8 7
8 11
9 26
9 28
10 25
10 29
11 2
11 23
12 4
12 14
13 0
13 7
14 19
14 31
15 3
15 26
16 5
16 28
17 0
17 12
18 24
18 31
19 17
19 27
20 8
20 29
21 2
21 6
22 3
22 5
23 20
23 24
24 8
24 13
25 1
25 21
26 16
26 22
27 12
27 30
28 15
28 22
29 11
29 21
30 4
30 25
31 13
31 17

# solution 80
# n=32 sym=rot4 status=verified source=flammenkamp_cache/n32_rot4
# code=o79IPFLMQCI3G17PVJK3V2H8E8R14AK5T2QBLRU4NHNET0SBC06OUFSDJ59AG6DMO
0 7
0 9
1 18
1 25
2 15
2 21
3 22
3 26
4 12
4 18
5 3
5 16
6 1
6 7
7 25
7 31
8 19
8 20
9 3
9 31
10 2
10 17
11 8
11 14
12 8
12 27
13 1
13 4
14 10
14 20
15 5
15 29
16 2
16 26
17 11
17 21
18 27
18 30
19 4
19 23
20 17
20 23
21 14
21 29
22 0
22 28
23 11
23 12
24 0
24 6
25 24
25 30
26 15
26 28
27 13
27 19
28 5
28 9
29 10
29 16
30 6
30 13
31 22
31 24

# solution 81
# n=32 sym=rot4 status=verified source=flammenkamp_cache/n32_rot4
# code=oBL7HGQBL9F2OIM5U8N6R03SVEI6C1J2R4TCUJPDH03SV4P8N1Q9D7TGMAK5FEOAK
0 11
0 21
1 7
1 17
2 16
2 26
3 11
3 21
4 9
4 15
5 2
5 24
6 18
6 22
7 5
7 30
8 8
8 23
9 6
9 27
10 0
10 3
11 28
11 31
12 14
12 18
13 6
13 12
14 1
14 19
15 2
15 27
16 4
16 29
17 12
17 30
18 19
18 25
19 13
19 17
20 0
20 3
21 28
21 31
22 4
22 25
23 8
23 23
24 1
24 26
25 9
25 13
26 7
26 29
27 16
27 22
28 10
28 20
29 5
29 15
30 14
30 24
31 10
31 20

# solution 82
# n=32 sym=rot4 status=verified source=flammenkamp_cache/n32_rot4
# code=oAJ8F9O8K6FDKJR2ASUDTOV3506MQEHRU14EH59PVQS072I13LT4CBIGPBN7MGNCL
0 10
0 19
1 8
1 15
2 9
2 24
3 8
3 20
4 6
4 15
5 13
5 20
6 19
6 27
7 2
7 10
8 28
8 30
9 13
9 29
10 24
10 31
11 3
11 5
12 0
12 6
13 22
13 26
14 14
14 17
15 27
15 30
16 1
16 4
17 14
17 17
18 5
18 9
19 25
19 31
20 26
20 28
21 0
21 7
22 2
22 18
23 1
23 3
24 21
24 29
25 4
25 12
26 11
26 18
27 16
27 25
28 11
28 23
29 7
29 22
30 16
30 23
31 12
31 21

# solution 83
# n=32 sym=rot4 status=verified source=flammenkamp_cache/n32_rot4
# code=oDGKN9J6NAGLOOS5613BT5R1M2DJVEH04RVEH0CIT9U4Q2KSUPQ377AFL8PCM8BFI
0 13
0 16
1 20
1 23
2 9
2 19
3 6
3 23
4 10
4 16
5 21
5 24
6 24
6 28
7 5
7 6
8 1
8 3
9 11
9 29
10 5
10 27
11 1
11 22
12 2
12 13
13 19
13 31
14 14
14 17
15 0
15 4
16 27
16 31
17 14
17 17
18 0
18 12
19 18
19 29
20 9
20 30
21 4
21 26
22 2
22 20
23 28
23 30
24 25
24 26
25 3
25 7
26 7
26 10
27 15
27 21
28 8
28 25
29 12
29 22
30 8
30 11
31 15
31 18

# solution 84
# n=32 sym=rot4 status=verified source=flammenkamp_cache/n32_rot4
# code=oDGJM7A3S6GHKKRET9A1NNT561DJV5O04RV7Q0CIUPQ288ULM2H4BBEFP3SLO9CFI
0 13
0 16
1 19
1 22
2 7
2 10
3 3
3 28
4 6
4 16
5 17
5 20
6 20
6 27
7 14
7 29
8 9
8 10
9 1
9 23
10 23
10 29
11 5
11 6
12 1
12 13
13 19
13 31
14 5
14 24
15 0
15 4
16 27
16 31
17 7
17 26
18 0
18 12
19 18
19 30
20 25
20 26
21 2
21 8
22 8
22 30
23 21
23 22
24 2
24 17
25 4
25 11
26 11
26 14
27 15
27 25
28 3
28 28
29 21
29 24
30 9
30 12
31 15
31 18

# solution 85
# n=32 sym=rot4 status=verified source=flammenkamp_cache/n32_rot4
# code=o7F8LHQKPFL273KQV9UIN1436EI9C2JRV04CTJMDHPSRU8D1M05BSOTAG6B5EANGO
0 7
0 15
1 8
1 21
2 17
2 26
3 20
3 25
4 15
4 21
5 2
5 7
6 3
6 20
7 26
7 31
8 9
8 30
9 18
9 23
10 1
10 4
11 3
11 6
12 14
12 18
13 9
13 12
14 2
14 19
15 27
15 31
16 0
16 4
17 12
17 29
18 19
18 22
19 13
19 17
20 25
20 28
21 27
21 30
22 8
22 13
23 1
23 22
24 0
24 5
25 11
25 28
26 24
26 29
27 10
27 16
28 6
28 11
29 5
29 14
30 10
30 23
31 16
31 24

# solution 86
# n=32 sym=rot4 status=verified source=flammenkamp_cache/n32_rot4
# code=oDF9NHL3SFKOP5B5A1JDU2O4P8EMV2JRV04CT09HN6R7T1ICULQKQ67BG3SAE8MGI
0 13
0 15
1 9
1 23
2 17
2 21
3 3
3 28
4 15
4 20
5 24
5 25
6 5
6 11
7 5
7 10
8 1
8 19
9 13
9 30
10 2
10 24
11 4
11 25
12 8
12 14
13 22
13 31
14 2
14 19
15 27
15 31
16 0
16 4
17 12
17 29
18 0
18 9
19 17
19 23
20 6
20 27
21 7
21 29
22 1
22 18
23 12
23 30
24 21
24 26
25 20
25 26
26 6
26 7
27 11
27 16
28 3
28 28
29 10
29 14
30 8
30 22
31 16
31 18

# solution 87
# n=32 sym=rot4 status=verified source=flammenkamp_cache/n32_rot4
# code=oFIDL5C6MFQ4TOS6B8N3K1E9OET0UJLRV04AC1V2H7MHUBS8NKP372R5G9PJQAIDG
0 15
0 18
1 13
1 21
2 5
2 12
3 6
3 22
4 15
4 26
5 4
5 29
6 24
6 28
7 6
7 11
8 8
8 23
9 3
9 20
10 1
10 14
11 9
11 24
12 14
12 29
13 0
13 30
14 19
14 21
15 27
15 31
16 0
16 4
17 10
17 12
18 1
18 31
19 2
19 17
20 7
20 22
21 17
21 30
22 11
22 28
23 8
23 23
24 20
24 25
25 3
25 7
26 2
26 27
27 5
27 16
28 9
28 25
29 19
29 26
30 10
30 18
31 13
31 16

# solution 88
# n=32 sym=rot4 status=verified source=flammenkamp_cache/n32_rot4
# code=oDG9NHL3SFKOP5B5A1JDU2O4P8EMV2J0R4VCT09HN6R7T1ICULQKQ67BG3SAE8MFI
0 13
0 16
1 9
1 23
2 17
2 21
3 3
3 28
4 15
4 20
5 24
5 25
6 5
6 11
7 5
7 10
8 1
8 19
9 13
9 30
10 2
10 24
11 4
11 25
12 8
12 14
13 22
13 31
14 2
14 19
15 0
15 27
16 4
16 31
17 12
17 29
18 0
18 9
19 17
19 23
20 6
20 27
21 7
21 29
22 1
22 18
23 12
23 30
24 21
24 26
25 20
25 26
26 6
26 7
27 11
27 16
28 3
28 28
29 10
29 14
30 8
30 22
31 15
31 18

# solution 89
# n=32 sym=rot4 status=verified source=flammenkamp_cache/n32_rot4
# code=oILCF8QFR3N27AIHQ4TBE0PCMKU067MSU139OPV1B9J6VHK2R5EDLOT8S4G5NGJAD
0 18
0 21
1 12
1 15
2 8
2 26
3 15
3 27
4 3
4 23
5 2
5 7
6 10
6 18
7 17
7 26
8 4
8 29
9 11
9 14
10 0
10 25
11 12
11 22
12 20
12 30
13 0
13 6
14 7
14 22
15 28
15 30
16 1
16 3
17 9
17 24
18 25
18 31
19 1
19 11
20 9
20 19
21 6
21 31
22 17
22 20
23 2
23 27
24 5
24 14
25 13
25 21
26 24
26 29
27 8
27 28
28 4
28 16
29 5
29 23
30 16
30 19
31 10
31 13

# solution 90
# n=32 sym=rot4 status=verified source=flammenkamp_cache/n32_rot4
# code=o9G5A5PAGHMTU2EDJ8N4VSUDJ7BKO4P03SV6R7BKOCI130R8NCIHT129EFL6QLQFM
0 9
0 16
1 5
1 10
2 5
2 25
3 10
3 16
4 17
4 22
5 29
5 30
6 2
6 14
7 13
7 19
8 8
8 23
9 4
9 31
10 28
10 30
11 13
11 19
12 7
12 11
13 20
13 24
14 4
14 25
15 0
15 3
16 28
16 31
17 6
17 27
18 7
18 11
19 20
19 24
20 12
20 18
21 1
21 3
22 0
22 27
23 8
23 23
24 12
24 18
25 17
25 29
26 1
26 2
27 9
27 14
28 15
28 21
29 6
29 26
30 21
30 26
31 15
31 22

# solution 91
# n=32 sym=rot4 status=verified source=flammenkamp_cache/n32_rot4
# code=oGJAM5AGQ793TJNER6I1RTUBK068EIO03SV7DHNPVBK124UDP4H8C2SMO5FLQ9LCF
0 16
0 19
1 10
1 22
2 5
2 10
3 16
3 26
4 7
4 9
5 3
5 29
6 19
6 23
7 14
7 27
8 6
8 18
9 1
9 27
10 29
10 30
11 11
11 20
12 0
12 6
13 8
13 14
14 18
14 24
15 0
15 3
16 28
16 31
17 7
17 13
18 17
18 23
19 25
19 31
20 11
20 20
21 1
21 2
22 4
22 30
23 13
23 25
24 4
24 17
25 8
25 12
26 2
26 28
27 22
27 24
28 5
28 15
29 21
29 26
30 9
30 21
31 12
31 15

# solution 92
# n=32 sym=rot4 status=verified source=flammenkamp_cache/n32_rot4
# code=oCIDFFN7ABL6P5QMS2C7B4SMRNV0UEHTU12EH1V08493RKOJT395Q6PAKLO8GGIDJ
0 12
0 18
1 13
1 15
2 15
2 23
3 7
3 10
4 11
4 21
5 6
5 25
6 5
6 26
7 22
7 28
8 2
8 12
9 7
9 11
10 4
10 28
11 22
11 27
12 23
12 31
13 0
13 30
14 14
14 17
15 29
15 30
16 1
16 2
17 14
17 17
18 1
18 31
19 0
19 8
20 4
20 9
21 3
21 27
22 20
22 24
23 19
23 29
24 3
24 9
25 5
25 26
26 6
26 25
27 10
27 20
28 21
28 24
29 8
29 16
30 16
30 18
31 13
31 19

# solution 93
# n=32 sym=rot4 status=verified source=flammenkamp_cache/n32_rot4
# code=oBOGOEGLM56HR8R01CP3J3BLV9NDI5T12TU2QDI8M0AKSCS6JUV4N4EPQ9AFH7F7K
0 11
0 24
1 16
1 24
2 14
2 16
3 21
3 22
4 5
4 6
5 17
5 27
6 8
6 27
7 0
7 1
8 12
8 25
9 3
9 19
10 3
10 11
11 21
11 31
12 9
12 23
13 13
13 18
14 5
14 29
15 1
15 2
16 29
16 30
17 2
17 26
18 13
18 18
19 8
19 22
20 0
20 10
21 20
21 28
22 12
22 28
23 6
23 19
24 30
24 31
25 4
25 23
26 4
26 14
27 25
27 26
28 9
28 10
29 15
29 17
30 7
30 15
31 7
31 20

# solution 94
# n=32 sym=rot4 status=verified source=flammenkamp_cache/n32_rot4
# code=oJNFREG9K176A7QPR0HKSCQ390LDI8T2U1T2NDIAVMS5J3BEV465OLPOUBMFH4G8C
0 19
0 23
1 15
1 27
2 14
2 16
3 9
3 20
4 1
4 7
5 6
5 10
6 7
6 26
7 25
7 27
8 0
8 17
9 20
9 28
10 12
10 26
11 3
11 9
12 0
12 21
13 13
13 18
14 8
14 29
15 2
15 30
16 1
16 29
17 2
17 23
18 13
18 18
19 10
19 31
20 22
20 28
21 5
21 19
22 3
22 11
23 14
23 31
24 4
24 6
25 5
25 24
26 21
26 25
27 24
27 30
28 11
28 22
29 15
29 17
30 4
30 16
31 8
31 12

# solution 95
# n=32 sym=rot4 status=verified source=flammenkamp_cache/n32_rot4
# code=oCGJK8FKN69HP5R9A3TORDO131VEL5I0T2VDQAH0USU7I472SLM4Q6EMP8BGNBCFJ
0 12
0 16
1 19
1 20
2 8
2 15
3 20
3 23
4 6
4 9
5 17
5 25
6 5
6 27
7 9
7 10
8 3
8 29
9 24
9 27
10 13
10 24
11 1
11 3
12 1
12 31
13 14
13 21
14 5
14 18
15 0
15 29
16 2
16 31
17 13
17 26
18 10
18 17
19 0
19 30
20 28
20 30
21 7
21 18
22 4
22 7
23 2
23 28
24 21
24 22
25 4
25 26
26 6
26 14
27 22
27 25
28 8
28 11
29 16
29 23
30 11
30 12
31 15
31 19

# solution 96
# n=32 sym=rot4 status=verified source=flammenkamp_cache/n32_rot4
# code=oEGCT1FABNOHP594C4LBP8SMSOUDI5V0T2V0QDI17393N6KARJRMQ6E78KLGU2JFH
0 14
0 16
1 12
1 29
2 1
2 15
3 10
3 11
4 23
4 24
5 17
5 25
6 5
6 9
7 4
7 12
8 4
8 21
9 11
9 25
10 8
10 28
11 22
11 28
12 24
12 30
13 13
13 18
14 5
14 31
15 0
15 29
16 2
16 31
17 0
17 26
18 13
18 18
19 1
19 7
20 3
20 9
21 3
21 23
22 6
22 20
23 10
23 27
24 19
24 27
25 22
25 26
26 6
26 14
27 7
27 8
28 20
28 21
29 16
29 30
30 2
30 19
31 15
31 17

# solution 97
# n=32 sym=rot4 status=verified source=flammenkamp_cache/n32_rot4
# code=oBFDF6NBQDM3OOT562E4AEMSVCJRULNUV018A14CJ039HLRHTPQ277S9I5K8PGIGK
0 11
0 15
1 13
1 15
2 6
2 23
3 11
3 26
4 13
4 22
5 3
5 24
6 24
6 29
7 5
7 6
8 2
8 14
9 4
9 10
10 14
10 22
11 28
11 31
12 12
12 19
13 27
13 30
14 21
14 23
15 30
15 31
16 0
16 1
17 8
17 10
18 1
18 4
19 12
19 19
20 0
20 3
21 9
21 17
22 21
22 27
23 17
23 29
24 25
24 26
25 2
25 7
26 7
26 28
27 9
27 18
28 5
28 20
29 8
29 25
30 16
30 18
31 16
31 20

# solution 98
# n=32 sym=rot4 status=verified source=flammenkamp_cache/n32_rot4
# code=oBFFI6NBQDM3OOT562E4AEMSVCJ1RLNUV018A4UCJ039HLRHTPQ277S9I5K8PDGGK
0 11
0 15
1 15
1 18
2 6
2 23
3 11
3 26
4 13
4 22
5 3
5 24
6 24
6 29
7 5
7 6
8 2
8 14
9 4
9 10
10 14
10 22
11 28
11 31
12 12
12 19
13 1
13 27
14 21
14 23
15 30
15 31
16 0
16 1
17 8
17 10
18 4
18 30
19 12
19 19
20 0
20 3
21 9
21 17
22 21
22 27
23 17
23 29
24 25
24 26
25 2
25 7
26 7
26 28
27 9
27 18
28 5
28 20
29 8
29 25
30 13
30 16
31 16
31 20

# solution 99
# n=32 sym=rot4 status=verified source=flammenkamp_cache/n32_rot4
# code=oFKGNAK9LOQ4HEN4J16CS3T027MDI5P1V0U6QDI9OTV2S3JPUCR8HER57AMBL8FBG
0 15
0 20
1 16
1 23
2 10
2 20
3 9
3 21
4 24
4 26
5 4
5 17
6 14
6 23
7 4
7 19
8 1
8 6
9 12
9 28
10 3
10 29
11 0
11 2
12 7
12 22
13 13
13 18
14 5
14 25
15 1
15 31
16 0
16 30
17 6
17 26
18 13
18 18
19 9
19 24
20 29
20 31
21 2
21 28
22 3
22 19
23 25
23 30
24 12
24 27
25 8
25 17
26 14
26 27
27 5
27 7
28 10
28 22
29 11
29 21
30 8
30 15
31 11
31 16

# solution 100
# n=32 sym=rot4 status=verified source=flammenkamp_cache/n32_rot4
# code=oAGFMBCHM7BEP58CRAP13NVRTOTDI3Q0U1V5SDI272408SU6L4JNQ6HKO9EJK9GFL
0 10
0 16
1 15
1 22
2 11
2 12
3 17
3 22
4 7
4 11
5 14
5 25
6 5
6 8
7 12
7 27
8 10
8 25
9 1
9 3
10 23
10 31
11 27
11 29
12 24
12 29
13 13
13 18
14 3
14 26
15 0
15 30
16 1
16 31
17 5
17 28
18 13
18 18
19 2
19 7
20 2
20 4
21 0
21 8
22 28
22 30
23 6
23 21
24 4
24 19
25 23
25 26
26 6
26 17
27 20
27 24
28 9
28 14
29 19
29 20
30 9
30 16
31 15
31 21

# solution 101
# n=32 sym=rot4 status=verified source=flammenkamp_cache/n32_rot4
# code=oAGFM69JKEQ46QTAIEJ1TOV3D387KNR0U1V48BONSIS072UCHDL25PR5HBCMP9GFL
0 10
0 16
1 15
1 22
2 6
2 9
3 19
3 20
4 14
4 26
5 4
5 6
6 26
6 29
7 10
7 18
8 14
8 19
9 1
9 29
10 24
10 31
11 3
11 13
12 3
12 8
13 7
13 20
14 23
14 27
15 0
15 30
16 1
16 31
17 4
17 8
18 11
18 24
19 23
19 28
20 18
20 28
21 0
21 7
22 2
22 30
23 12
23 17
24 13
24 21
25 2
25 5
26 25
26 27
27 5
27 17
28 11
28 12
29 22
29 25
30 9
30 16
31 15
31 21

