# solution 1
# n=32 sym=dia1 status=verified source=flammenkamp_cache/n32_dia1
# code=/DHHNPSMN8C695FPR4E5USVCK4B0K8E6ULV01IOLRBDGJ3T13IQ27OT7J2AMQ9FAG
0 13
0 17
1 17
1 23
2 25
2 28
3 22
3 23
4 8
4 12
5 6
5 9
6 5
6 15
7 25
7 27
8 4
8 14
9 5
9 30
10 28
10 31
11 12
11 20
12 4
12 11
13 0
13 20
14 8
14 14
15 6
15 30
16 21
16 31
17 0
17 1
18 18
18 24
19 21
19 27
20 11
20 13
21 16
21 19
22 3
22 29
23 1
23 3
24 18
24 26
25 2
25 7
26 24
26 29
27 7
27 19
28 2
28 10
29 22
29 26
30 9
30 15
31 10
31 16

# solution 2
# n=32 sym=dia1 status=verified source=flammenkamp_cache/n32_dia1
# code=/9M4FGM8A189RLNOR34053FJTEUOPCE1A2SIQHSBKJV6V026P7DDNHT57GIBQCUKL
0 9
0 22
1 4
1 15
2 16
2 22
3 8
3 10
4 1
4 8
5 9
5 27
6 21
6 23
7 24
7 27
8 3
8 4
9 0
9 5
10 3
10 15
11 19
11 29
12 14
12 30
13 24
13 25
14 12
14 14
15 1
15 10
16 2
16 28
17 18
17 26
18 17
18 28
19 11
19 20
20 19
20 31
21 6
21 31
22 0
22 2
23 6
23 25
24 7
24 13
25 13
25 23
26 17
26 29
27 5
27 7
28 16
28 18
29 11
29 26
30 12
30 30
31 20
31 21

# solution 3
# n=32 sym=dia1 status=verified source=flammenkamp_cache/n32_dia1
# code=/JMDI5T9EEI6N1447CQMVFJADLVRU6A029LRSKU7N13HKFS35COHQ8TOP8B0GBP2G
0 19
0 22
1 13
1 18
2 5
2 29
3 9
3 14
4 14
4 18
5 6
5 23
6 1
6 4
7 4
7 7
8 12
8 26
9 22
9 31
10 15
10 19
11 10
11 13
12 21
12 31
13 27
13 30
14 6
14 10
15 0
15 2
16 9
16 21
17 27
17 28
18 20
18 30
19 7
19 23
20 1
20 3
21 17
21 20
22 15
22 28
23 3
23 5
24 12
24 24
25 17
25 26
26 8
26 29
27 24
27 25
28 8
28 11
29 0
29 16
30 11
30 25
31 2
31 16

# solution 4
# n=32 sym=dia1 status=verified source=flammenkamp_cache/n32_dia1
# code=/4KGMIQ9B7HET4D37IMNU12DV59NTFRAU2H5QKP36ASBGJS06OR8CEJPVCOFL1L08
0 4
0 20
1 16
1 22
2 18
2 26
3 9
3 11
4 7
4 17
5 14
5 29
6 4
6 13
7 3
7 7
8 18
8 22
9 23
9 30
10 1
10 2
11 13
11 31
12 5
12 9
13 23
13 29
14 15
14 27
15 10
15 30
16 2
16 17
17 5
17 26
18 20
18 25
19 3
19 6
20 10
20 28
21 11
21 16
22 19
22 28
23 0
23 6
24 24
24 27
25 8
25 12
26 14
26 19
27 25
27 31
28 12
28 24
29 15
29 21
30 1
30 21
31 0
31 8

# solution 5
# n=32 sym=dia1 status=verified source=flammenkamp_cache/n32_dia1
# code=/8CIJDGJPNU695TEO085OKMIV0R2D7RLS2MSV1B13AUFPAG4Q793LNTCEFH6Q4KBH
0 8
0 12
1 18
1 19
2 13
2 16
3 19
3 25
4 23
4 30
5 6
5 9
6 5
6 29
7 14
7 24
8 0
8 8
9 5
9 24
10 20
10 22
11 18
11 31
12 0
12 27
13 2
13 13
14 7
14 27
15 21
15 28
16 2
16 22
17 28
17 31
18 1
18 11
19 1
19 3
20 10
20 30
21 15
21 25
22 10
22 16
23 4
23 26
24 7
24 9
25 3
25 21
26 23
26 29
27 12
27 14
28 15
28 17
29 6
29 26
30 4
30 20
31 11
31 17

# solution 6
# n=32 sym=dia1 status=verified source=flammenkamp_cache/n32_dia1
# code=/8LAELMDHAORT6GKU098H14KSNT3V1QFI6M39FPQU7B022GCO4NISEJ5VBP5C7JDR
0 8
0 21
1 10
1 14
2 21
2 22
3 13
3 17
4 10
4 24
5 27
5 29
6 6
6 16
7 20
7 30
8 0
8 9
9 8
9 17
10 1
10 4
11 20
11 28
12 23
12 29
13 3
13 31
14 1
14 26
15 15
15 18
16 6
16 22
17 3
17 9
18 15
18 25
19 26
19 30
20 7
20 11
21 0
21 2
22 2
22 16
23 12
23 24
24 4
24 23
25 18
25 28
26 14
26 19
27 5
27 31
28 11
28 25
29 5
29 12
30 7
30 19
31 13
31 27

# solution 7
# n=32 sym=dia1 status=verified source=flammenkamp_cache/n32_dia1
# code=/CFLO5P7KEH2V7M36BQFLPT8I0EJU4C09QU4VBKDS3I196MRS1T2A8GNRJNAODG5H
0 12
0 15
1 21
1 24
2 5
2 25
3 7
3 20
4 14
4 17
5 2
5 31
6 7
6 22
7 3
7 6
8 11
8 26
9 15
9 21
10 25
10 29
11 8
11 18
12 0
12 14
13 19
13 30
14 4
14 12
15 0
15 9
16 26
16 30
17 4
17 31
18 11
18 20
19 13
19 28
20 3
20 18
21 1
21 9
22 6
22 22
23 27
23 28
24 1
24 29
25 2
25 10
26 8
26 16
27 23
27 27
28 19
28 23
29 10
29 24
30 13
30 16
31 5
31 17

# solution 8
# n=32 sym=dia1 status=verified source=flammenkamp_cache/n32_dia1
# code=/AFHKKT1B6LGQ35DJ8B4GERTU8O02FUMQHVAL0O47NSEV12JN5C3R7PCM6P9I9SDI
0 10
0 15
1 17
1 20
2 20
2 29
3 1
3 11
4 6
4 21
5 16
5 26
6 3
6 5
7 13
7 19
8 8
8 11
9 4
9 16
10 14
10 27
11 29
11 30
12 8
12 24
13 0
13 2
14 15
14 30
15 22
15 26
16 17
16 31
17 10
17 21
18 0
18 24
19 4
19 7
20 23
20 28
21 14
21 31
22 1
22 2
23 19
23 23
24 5
24 12
25 3
25 27
26 7
26 25
27 12
27 22
28 6
28 25
29 9
29 18
30 9
30 28
31 13
31 18

# solution 9
# n=32 sym=dia1 status=verified source=flammenkamp_cache/n32_dia1
# code=/4GABLQLNAI7T352KJS9GSTEO8N6R5FMV1H9K0C3D1URUEM0J7Q4IHP6VCP2OBF8D
0 4
0 16
1 10
1 11
2 21
2 26
3 21
3 23
4 10
4 18
5 7
5 29
6 3
6 5
7 2
7 20
8 19
8 28
9 9
9 16
10 28
10 29
11 14
11 24
12 8
12 23
13 6
13 27
14 5
14 15
15 22
15 31
16 1
16 17
17 9
17 20
18 0
18 12
19 3
19 13
20 1
20 30
21 27
21 30
22 14
22 22
23 0
23 19
24 7
24 26
25 4
25 18
26 17
26 25
27 6
27 31
28 12
28 25
29 2
29 24
30 11
30 15
31 8
31 13

# solution 10
# n=32 sym=dia1 status=verified source=flammenkamp_cache/n32_dia1
# code=/DLGQDI8RES8UKN35KP6G1VNP2BFT29MU1I9RTV054J4AEHQS367MCOAB7OHJFL0C
0 13
0 21
1 16
1 26
2 13
2 18
3 8
3 27
4 14
4 28
5 8
5 30
6 20
6 23
7 3
7 5
8 20
8 25
9 6
9 16
10 1
10 31
11 23
11 25
12 2
12 11
13 15
13 29
14 2
14 9
15 22
15 30
16 1
16 18
17 9
17 27
18 29
18 31
19 0
19 5
20 4
20 19
21 4
21 10
22 14
22 17
23 26
23 28
24 3
24 6
25 7
25 22
26 12
26 24
27 10
27 11
28 7
28 24
29 17
29 19
30 15
30 21
31 0
31 12

# solution 11
# n=32 sym=dia1 status=verified source=flammenkamp_cache/n32_dia1
# code=/78AD2K7CHNPTBC030IOU1R6L361FSUDVMR4O8ILV2SBJGN4M9H5QPTAGEK5Q9EFJ
0 7
0 8
1 10
1 13
2 2
2 20
3 7
3 12
4 17
4 23
5 25
5 29
6 11
6 12
7 0
7 3
8 0
8 18
9 24
9 30
10 1
10 27
11 6
11 21
12 3
12 6
13 1
13 15
14 28
14 30
15 13
15 31
16 22
16 27
17 4
17 24
18 8
18 18
19 21
19 31
20 2
20 28
21 11
21 19
22 16
22 23
23 4
23 22
24 9
24 17
25 5
25 26
26 25
26 29
27 10
27 16
28 14
28 20
29 5
29 26
30 9
30 14
31 15
31 19

# solution 12
# n=32 sym=dia1 status=verified source=flammenkamp_cache/n32_dia1
# code=/DI9AFOBI584AHPMQ4M1F153BNQ0TEU29KN6T03LVGRJV78CG2R6S7CKOPUDHESJL
0 13
0 18
1 9
1 10
2 15
2 24
3 11
3 18
4 5
4 8
5 4
5 10
6 17
6 25
7 22
7 26
8 4
8 22
9 1
9 15
10 1
10 5
11 3
11 11
12 23
12 26
13 0
13 29
14 14
14 30
15 2
15 9
16 20
16 23
17 6
17 29
18 0
18 3
19 21
19 31
20 16
20 27
21 19
21 31
22 7
22 8
23 12
23 16
24 2
24 27
25 6
25 28
26 7
26 12
27 20
27 24
28 25
28 30
29 13
29 17
30 14
30 28
31 19
31 21

# solution 13
# n=32 sym=dia1 status=verified source=flammenkamp_cache/n32_dia1
# code=/JQ8DFTJK3ANV1GABGQ6I125SSVIM7FNPHT7DEU260OOR340UEHCM4K599RCLLP8B
0 19
0 26
1 8
1 13
2 15
2 29
3 19
3 20
4 3
4 10
5 23
5 31
6 1
6 16
7 10
7 11
8 16
8 26
9 6
9 18
10 1
10 2
11 5
11 28
12 28
12 31
13 18
13 22
14 7
14 15
15 23
15 25
16 17
16 29
17 7
17 13
18 14
18 30
19 2
19 6
20 0
20 24
21 24
21 27
22 3
22 4
23 0
23 30
24 14
24 17
25 12
25 22
26 4
26 20
27 5
27 9
28 9
28 27
29 12
29 21
30 21
30 25
31 8
31 11

# solution 14
# n=32 sym=dia1 status=verified source=flammenkamp_cache/n32_dia1
# code=/EJ7O2BJLCMQTCL187FOVKQ2V46FP0I8DNTIUEH03AU364RGS19DR5AMPNS5GHK9B
0 14
0 19
1 7
1 24
2 2
2 11
3 19
3 21
4 12
4 22
5 26
5 29
6 12
6 21
7 1
7 8
8 7
8 15
9 24
9 31
10 20
10 26
11 2
11 31
12 4
12 6
13 15
13 25
14 0
14 18
15 8
15 13
16 23
16 29
17 18
17 30
18 14
18 17
19 0
19 3
20 10
20 30
21 3
21 6
22 4
22 27
23 16
23 28
24 1
24 9
25 13
25 27
26 5
26 10
27 22
27 25
28 23
28 28
29 5
29 16
30 17
30 20
31 9
31 11

# solution 15
# n=32 sym=dia1 status=verified source=flammenkamp_cache/n32_dia1
# code=/JNAHCDIL468T4BIU5SMN1T6B2E2KCOKROP1V370VDF3S9U09EGGQPRFQ8L5A7MHJ
0 19
0 23
1 10
1 17
2 12
2 13
3 18
3 21
4 4
4 6
5 8
5 29
6 4
6 11
7 18
7 30
8 5
8 28
9 22
9 23
10 1
10 29
11 6
11 11
12 2
12 14
13 2
13 20
14 12
14 24
15 20
15 27
16 24
16 25
17 1
17 31
18 3
18 7
19 0
19 31
20 13
20 15
21 3
21 28
22 9
22 30
23 0
23 9
24 14
24 16
25 16
25 26
26 25
26 27
27 15
27 26
28 8
28 21
29 5
29 10
30 7
30 22
31 17
31 19

# solution 16
# n=32 sym=dia1 status=verified source=flammenkamp_cache/n32_dia1
# code=/FL588C6ELMAPMQ9G2KPRRV9N7C03DF3OHV1SBHJT1D4QKOTU0J5S6U4AGI2NBE7I
0 15
0 21
1 5
1 8
2 8
2 12
3 6
3 14
4 21
4 22
5 10
5 25
6 22
6 26
7 9
7 16
8 2
8 20
9 25
9 27
10 27
10 31
11 9
11 23
12 7
12 12
13 0
13 3
14 13
14 15
15 3
15 24
16 17
16 31
17 1
17 28
18 11
18 17
19 19
19 29
20 1
20 13
21 4
21 26
22 20
22 24
23 29
23 30
24 0
24 19
25 5
25 28
26 6
26 30
27 4
27 10
28 16
28 18
29 2
29 23
30 11
30 14
31 7
31 18

# solution 17
# n=32 sym=dia1 status=verified source=flammenkamp_cache/n32_dia1
# code=/HJDF8QAR48GQ9RFU246I3PPVEH1LCO175T0C9M0KJTDVIOSUEMAB2536NSGK7NBL
0 17
0 19
1 13
1 15
2 8
2 26
3 10
3 27
4 4
4 8
5 16
5 26
6 9
6 27
7 15
7 30
8 2
8 4
9 6
9 18
10 3
10 25
11 25
11 31
12 14
12 17
13 1
13 21
14 12
14 24
15 1
15 7
16 5
16 29
17 0
17 12
18 9
18 22
19 0
19 20
20 19
20 29
21 13
21 31
22 18
22 24
23 28
23 30
24 14
24 22
25 10
25 11
26 2
26 5
27 3
27 6
28 23
28 28
29 16
29 20
30 7
30 23
31 11
31 21

# solution 18
# n=32 sym=dia1 status=verified source=flammenkamp_cache/n32_dia1
# code=/DN1D8TJL5F465ENP2SCJFTMU9E016C4AOVQRKV39IP3LBQ07GS7KHMHU8O2ABRGI
0 13
0 23
1 1
1 13
2 8
2 29
3 19
3 21
4 5
4 15
5 4
5 6
6 5
6 14
7 23
7 25
8 2
8 28
9 12
9 19
10 15
10 29
11 22
11 30
12 9
12 14
13 0
13 1
14 6
14 12
15 4
15 10
16 24
16 31
17 26
17 27
18 20
18 31
19 3
19 9
20 18
20 25
21 3
21 21
22 11
22 26
23 0
23 7
24 16
24 28
25 7
25 20
26 17
26 22
27 17
27 30
28 8
28 24
29 2
29 10
30 11
30 27
31 16
31 18

# solution 19
# n=32 sym=dia1 status=verified source=flammenkamp_cache/n32_dia1
# code=/4I7VFHCV0KMNAG17DPBT6L9O3D8CSU2M6U2N0LST4PAI5F5HBR8KQROQEJ9JEG13
0 4
0 18
1 7
1 31
2 15
2 17
3 12
3 31
4 0
4 20
5 22
5 23
6 10
6 16
7 1
7 7
8 13
8 25
9 11
9 29
10 6
10 21
11 9
11 24
12 3
12 13
13 8
13 12
14 28
14 30
15 2
15 22
16 6
16 30
17 2
17 23
18 0
18 21
19 28
19 29
20 4
20 25
21 10
21 18
22 5
22 15
23 5
23 17
24 11
24 27
25 8
25 20
26 26
26 27
27 24
27 26
28 14
28 19
29 9
29 19
30 14
30 16
31 1
31 3

# solution 20
# n=32 sym=dia1 status=verified source=flammenkamp_cache/n32_dia1
# code=/BLFI48BO2Q8FGMMR25HODR03DVACPU156K9T1VJNGP0U67JT39EK4S7AQSHNELCI
0 11
0 21
1 15
1 18
2 4
2 8
3 11
3 24
4 2
4 26
5 8
5 15
6 16
6 22
7 22
7 27
8 2
8 5
9 17
9 24
10 13
10 27
11 0
11 3
12 13
12 31
13 10
13 12
14 25
14 30
15 1
15 5
16 6
16 20
17 9
17 29
18 1
18 31
19 19
19 23
20 16
20 25
21 0
21 30
22 6
22 7
23 19
23 29
24 3
24 9
25 14
25 20
26 4
26 28
27 7
27 10
28 26
28 28
29 17
29 23
30 14
30 21
31 12
31 18

# solution 21
# n=32 sym=dia1 status=verified source=flammenkamp_cache/n32_dia1
# code=/GHBE786QNPGSIRFL4R47CO8C151P5VQVAO9U23KL0U3F9EKTMT2SHJMNAD6DIJ0B
0 16
0 17
1 11
1 14
2 7
2 8
3 6
3 26
4 23
4 25
5 16
5 28
6 18
6 27
7 15
7 21
8 4
8 27
9 4
9 7
10 12
10 24
11 8
11 12
12 1
12 5
13 1
13 25
14 5
14 31
15 26
15 31
16 10
16 24
17 9
17 30
18 2
18 3
19 20
19 21
20 0
20 30
21 3
21 15
22 9
22 14
23 20
23 29
24 22
24 29
25 2
25 28
26 17
26 19
27 22
27 23
28 10
28 13
29 6
29 13
30 18
30 19
31 0
31 11

# solution 22
# n=32 sym=dia1 status=verified source=flammenkamp_cache/n32_dia1
# code=/7QEGJS5F5F346A0OJTNR6UCIBCMV1K341MPQBN28ESPVDG9I7THL0H9U2K8OARDL
0 7
0 26
1 14
1 16
2 19
2 28
3 5
3 15
4 5
4 15
5 3
5 4
6 6
6 10
7 0
7 24
8 19
8 29
9 23
9 27
10 6
10 30
11 12
11 18
12 11
12 12
13 22
13 31
14 1
14 20
15 3
15 4
16 1
16 22
17 25
17 26
18 11
18 23
19 2
19 8
20 14
20 28
21 25
21 31
22 13
22 16
23 9
23 18
24 7
24 29
25 17
25 21
26 0
26 17
27 9
27 30
28 2
28 20
29 8
29 24
30 10
30 27
31 13
31 21

# solution 23
# n=32 sym=dia1 status=verified source=flammenkamp_cache/n32_dia1
# code=/BNHJ58MROS1HDGOR6V3S79JKKU4EQU0P24CI8P2E9V05BLDT1L3NATFI6MCF7QAG
0 11
0 23
1 17
1 19
2 5
2 8
3 22
3 27
4 24
4 28
5 1
5 17
6 13
6 16
7 24
7 27
8 6
8 31
9 3
9 28
10 7
10 9
11 19
11 20
12 20
12 30
13 4
13 14
14 26
14 30
15 0
15 25
16 2
16 4
17 12
17 18
18 8
18 25
19 2
19 14
20 9
20 31
21 0
21 5
22 11
22 21
23 13
23 29
24 1
24 21
25 3
25 23
26 10
26 29
27 15
27 18
28 6
28 22
29 12
29 15
30 7
30 26
31 10
31 16

# solution 24
# n=32 sym=dia1 status=verified source=flammenkamp_cache/n32_dia1
# code=/4AAH4NJL029OPQCEKM5E01NT7FKS79CLRT1VJQ3I8D3F8U2B5U6P6IGSDRBGMOHV
0 4
0 10
1 10
1 17
2 4
2 23
3 19
3 21
4 0
4 2
5 9
5 24
6 25
6 26
7 12
7 14
8 20
8 22
9 5
9 14
10 0
10 1
11 23
11 29
12 7
12 15
13 20
13 28
14 7
14 9
15 12
15 21
16 27
16 29
17 1
17 31
18 19
18 26
19 3
19 18
20 8
20 13
21 3
21 15
22 8
22 30
23 2
23 11
24 5
24 30
25 6
25 25
26 6
26 18
27 16
27 28
28 13
28 27
29 11
29 16
30 22
30 24
31 17
31 31

# solution 25
# n=32 sym=dia1 status=verified source=flammenkamp_cache/n32_dia1
# code=/IN7C5F6TFG2H3A1RDMOU6UIK1P8EDS244K5Q0BJTBGNV8S0L9VCQHP7REM3J9ALO
0 18
0 23
1 7
1 12
2 5
2 15
3 6
3 29
4 15
4 16
5 2
5 17
6 3
6 10
7 1
7 27
8 13
8 22
9 24
9 30
10 6
10 30
11 18
11 20
12 1
12 25
13 8
13 14
14 13
14 28
15 2
15 4
16 4
16 20
17 5
17 26
18 0
18 11
19 19
19 29
20 11
20 16
21 23
21 31
22 8
22 28
23 0
23 21
24 9
24 31
25 12
25 26
26 17
26 25
27 7
27 27
28 14
28 22
29 3
29 19
30 9
30 10
31 21
31 24

# solution 26
# n=32 sym=dia1 status=verified source=flammenkamp_cache/n32_dia1
# code=/GLAO7D6SGI5K149UIL5HNVAQ13NRFMRV8H2E6T0902KUCO7F8TDSMQ3P4JBEJPBC
0 16
0 21
1 10
1 24
2 7
2 13
3 6
3 28
4 16
4 18
5 5
5 20
6 1
6 4
7 9
7 30
8 18
8 21
9 5
9 17
10 23
10 31
11 10
11 26
12 1
12 3
13 23
13 27
14 15
14 22
15 27
15 31
16 8
16 17
17 2
17 14
18 6
18 29
19 0
19 9
20 0
20 2
21 20
21 30
22 12
22 24
23 7
23 15
24 8
24 29
25 13
25 28
26 22
26 26
27 3
27 25
28 4
28 19
29 11
29 14
30 19
30 25
31 11
31 12

# solution 27
# n=32 sym=dia1 status=verified source=flammenkamp_cache/n32_dia1
# code=/EG4AKL7Q2GDS6LCH0F8APT5T151FBORVIN3V3Q2OBHMU497M8S0PJK9UDECRIJ6N
0 14
0 16
1 4
1 10
2 20
2 21
3 7
3 26
4 2
4 16
5 13
5 28
6 6
6 21
7 12
7 17
8 0
8 15
9 8
9 10
10 25
10 29
11 5
11 29
12 1
12 5
13 1
13 15
14 11
14 24
15 27
15 31
16 18
16 23
17 3
17 31
18 3
18 26
19 2
19 24
20 11
20 17
21 22
21 30
22 4
22 9
23 7
23 22
24 8
24 28
25 0
25 25
26 19
26 20
27 9
27 30
28 13
28 14
29 12
29 27
30 18
30 19
31 6
31 23

# solution 28
# n=32 sym=dia1 status=verified source=flammenkamp_cache/n32_dia1
# code=/671EIJ8GMNDK060R3TOUCIPRAV5H1FEQ3SDV2A2U5MOQ4K4T9LBSFL7BGP8N9JCH
0 6
0 7
1 1
1 14
2 18
2 19
3 8
3 16
4 22
4 23
5 13
5 20
6 0
6 6
7 0
7 27
8 3
8 29
9 24
9 30
10 12
10 18
11 25
11 27
12 10
12 31
13 5
13 17
14 1
14 15
15 14
15 26
16 3
16 28
17 13
17 31
18 2
18 10
19 2
19 30
20 5
20 22
21 24
21 26
22 4
22 20
23 4
23 29
24 9
24 21
25 11
25 28
26 15
26 21
27 7
27 11
28 16
28 25
29 8
29 23
30 9
30 19
31 12
31 17

# solution 29
# n=32 sym=dia1 status=verified source=flammenkamp_cache/n32_dia1
# code=/BCHK4P5J2P3KDEST8NTVIR0C0B6U6RFJSU1MAO3F15OVHQ8QIL24MNAE7G79DG9L
0 11
0 12
1 17
1 20
2 4
2 25
3 5
3 19
4 2
4 25
5 3
5 20
6 13
6 14
7 28
7 29
8 8
8 23
9 29
9 31
10 18
10 27
11 0
11 12
12 0
12 11
13 6
13 30
14 6
14 27
15 15
15 19
16 28
16 30
17 1
17 22
18 10
18 24
19 3
19 15
20 1
20 5
21 24
21 31
22 17
22 26
23 8
23 26
24 18
24 21
25 2
25 4
26 22
26 23
27 10
27 14
28 7
28 16
29 7
29 9
30 13
30 16
31 9
31 21

# solution 30
# n=32 sym=dia1 status=verified source=flammenkamp_cache/n32_dia1
# code=/EI5E8M9JMT1Q7H6C283VFHQU7NFN01ADSU6A0L3VRSIO24CDLPOR5BKPGK4TBG9J
0 14
0 18
1 5
1 14
2 8
2 22
3 9
3 19
4 22
4 29
5 1
5 26
6 7
6 17
7 6
7 12
8 2
8 8
9 3
9 31
10 15
10 17
11 26
11 30
12 7
12 23
13 15
13 23
14 0
14 1
15 10
15 13
16 28
16 30
17 6
17 10
18 0
18 21
19 3
19 31
20 27
20 28
21 18
21 24
22 2
22 4
23 12
23 13
24 21
24 25
25 24
25 27
26 5
26 11
27 20
27 25
28 16
28 20
29 4
29 29
30 11
30 16
31 9
31 19

# solution 31
# n=32 sym=dia1 status=verified source=flammenkamp_cache/n32_dia1
# code=/JLLM9A7EOQ8FCK3O5H2R2TMT6HES3D5NSV8CUV0N6U011BFJ47QR4P9PDGABIKGI
0 19
0 21
1 21
1 22
2 9
2 10
3 7
3 14
4 24
4 26
5 8
5 15
6 12
6 20
7 3
7 24
8 5
8 17
9 2
9 27
10 2
10 29
11 22
11 29
12 6
12 17
13 14
13 28
14 3
14 13
15 5
15 23
16 28
16 31
17 8
17 12
18 30
18 31
19 0
19 23
20 6
20 30
21 0
21 1
22 1
22 11
23 15
23 19
24 4
24 7
25 26
25 27
26 4
26 25
27 9
27 25
28 13
28 16
29 10
29 11
30 18
30 20
31 16
31 18

# solution 32
# n=32 sym=dia1 status=verified source=flammenkamp_cache/n32_dia1
# code=/GL9JDTGM9B45IK24BN2SJVCPLUFP38SVCI038TFKNR16RUDH067A1QOQEHMO5A7E
0 16
0 21
1 9
1 19
2 13
2 29
3 16
3 22
4 9
4 11
5 4
5 5
6 18
6 20
7 2
7 4
8 11
8 23
9 2
9 28
10 19
10 31
11 12
11 25
12 21
12 30
13 15
13 25
14 3
14 8
15 28
15 31
16 12
16 18
17 0
17 3
18 8
18 29
19 15
19 20
20 23
20 27
21 1
21 6
22 27
22 30
23 13
23 17
24 0
24 6
25 7
25 10
26 1
26 26
27 24
27 26
28 14
28 17
29 22
29 24
30 5
30 10
31 7
31 14

# solution 33
# n=32 sym=dia1 status=verified source=flammenkamp_cache/n32_dia1
# code=/8Q6CLMGH252V9I9N4O3TKTFL7B3PES0S4K1H0AAU7JCDOP6VBJ8U1RFNIMQR5EDG
0 8
0 26
1 6
1 12
2 21
2 22
3 16
3 17
4 2
4 5
5 2
5 31
6 9
6 18
7 9
7 23
8 4
8 24
9 3
9 29
10 20
10 29
11 15
11 21
12 7
12 11
13 3
13 25
14 14
14 28
15 0
15 28
16 4
16 20
17 1
17 17
18 0
18 10
19 10
19 30
20 7
20 19
21 12
21 13
22 24
22 25
23 6
23 31
24 11
24 19
25 8
25 30
26 1
26 27
27 15
27 23
28 18
28 22
29 26
29 27
30 5
30 14
31 13
31 16

# solution 34
# n=32 sym=dia1 status=verified source=flammenkamp_cache/n32_dia1
# code=/AG2J1BIVDR7LLN587SGQ0C2VAP4KEIST09NT3E1JDU56PQ6HRUCM9M4O8FFHKO3B
0 10
0 16
1 2
1 19
2 1
2 11
3 18
3 31
4 13
4 27
5 7
5 21
6 21
6 23
7 5
7 8
8 7
8 28
9 16
9 26
10 0
10 12
11 2
11 31
12 10
12 25
13 4
13 20
14 14
14 18
15 28
15 29
16 0
16 9
17 23
17 29
18 3
18 14
19 1
19 19
20 13
20 30
21 5
21 6
22 25
22 26
23 6
23 17
24 27
24 30
25 12
25 22
26 9
26 22
27 4
27 24
28 8
28 15
29 15
29 17
30 20
30 24
31 3
31 11

# solution 35
# n=32 sym=dia1 status=verified source=flammenkamp_cache/n32_dia1
# code=/BH5S6KIMFM1R28NQ6AFV8D0KOTAEDN49TU0R3UJO2BSV347ECJPQ7P5H1LCGGI9L
0 11
0 17
1 5
1 28
2 6
2 20
3 18
3 22
4 15
4 22
5 1
5 27
6 2
6 8
7 23
7 26
8 6
8 10
9 15
9 31
10 8
10 13
11 0
11 20
12 24
12 29
13 10
13 14
14 13
14 23
15 4
15 9
16 29
16 30
17 0
17 27
18 3
18 30
19 19
19 24
20 2
20 11
21 28
21 31
22 3
22 4
23 7
23 14
24 12
24 19
25 25
25 26
26 7
26 25
27 5
27 17
28 1
28 21
29 12
29 16
30 16
30 18
31 9
31 21

# solution 36
# n=32 sym=dia1 status=verified source=flammenkamp_cache/n32_dia1
# code=/BGJN247F2ICSLT3CFIJUOV0E57PVBM380TNQ4819MS6UEK1HAPDOHRQR5K6G9LAD
0 11
0 16
1 19
1 23
2 2
2 4
3 7
3 15
4 2
4 18
5 12
5 28
6 21
6 29
7 3
7 12
8 15
8 18
9 19
9 30
10 24
10 31
11 0
11 14
12 5
12 7
13 25
13 31
14 11
14 22
15 3
15 8
16 0
16 29
17 23
17 26
18 4
18 8
19 1
19 9
20 22
20 28
21 6
21 30
22 14
22 20
23 1
23 17
24 10
24 25
25 13
25 24
26 17
26 27
27 26
27 27
28 5
28 20
29 6
29 16
30 9
30 21
31 10
31 13

# solution 37
# n=32 sym=dia1 status=verified source=flammenkamp_cache/n32_dia1
# code=/DH9BEG6QLSEL3R8S7J1PAU1BIR0F25DQ2V0VCK8NIO45NTJMKT9U3F6C47MOAPGH
0 13
0 17
1 9
1 11
2 14
2 16
3 6
3 26
4 21
4 28
5 14
5 21
6 3
6 27
7 8
7 28
8 7
8 19
9 1
9 25
10 10
10 30
11 1
11 11
12 18
12 27
13 0
13 15
14 2
14 5
15 13
15 26
16 2
16 31
17 0
17 31
18 12
18 20
19 8
19 23
20 18
20 24
21 4
21 5
22 23
22 29
23 19
23 22
24 20
24 29
25 9
25 30
26 3
26 15
27 6
27 12
28 4
28 7
29 22
29 24
30 10
30 25
31 16
31 17

# solution 38
# n=32 sym=dia1 status=verified source=flammenkamp_cache/n32_dia1
# code=/DL8G4EOP24FR9DJR1A6Q8KKQSV062F5E1UUVLN7JAB0INSIM3T3T9B57CMOPGHCH
0 13
0 21
1 8
1 16
2 4
2 14
3 24
3 25
4 2
4 4
5 15
5 27
6 9
6 13
7 19
7 27
8 1
8 10
9 6
9 26
10 8
10 20
11 20
11 26
12 28
12 31
13 0
13 6
14 2
14 15
15 5
15 14
16 1
16 30
17 30
17 31
18 21
18 23
19 7
19 19
20 10
20 11
21 0
21 18
22 23
22 28
23 18
23 22
24 3
24 29
25 3
25 29
26 9
26 11
27 5
27 7
28 12
28 22
29 24
29 25
30 16
30 17
31 12
31 17

# solution 39
# n=32 sym=dia1 status=verified source=flammenkamp_cache/n32_dia1
# code=/6GGQDE8LBO5U3NFRLP1BNS06DF7C45UVJO1TJTCIMR02489S2IKVHQ9H3P7AEMAK
0 6
0 16
1 16
1 26
2 13
2 14
3 8
3 21
4 11
4 24
5 5
5 30
6 3
6 23
7 15
7 27
8 21
8 25
9 1
9 11
10 23
10 28
11 0
11 6
12 13
12 15
13 7
13 12
14 4
14 5
15 30
15 31
16 19
16 24
17 1
17 29
18 19
18 29
19 12
19 18
20 22
20 27
21 0
21 2
22 4
22 8
23 9
23 28
24 2
24 18
25 20
25 31
26 17
26 26
27 9
27 17
28 3
28 25
29 7
29 10
30 14
30 22
31 10
31 20

# solution 40
# n=32 sym=dia1 status=verified source=flammenkamp_cache/n32_dia1
# code=/ELAQ9EBJ9QRU6JAIIN4DGV7DPSNO173L01TVKM583SOURT0CHK4P2C6MBG25FH8F
0 14
0 21
1 10
1 26
2 9
2 14
3 11
3 19
4 9
4 26
5 27
5 30
6 6
6 19
7 10
7 18
8 18
8 23
9 4
9 13
10 16
10 31
11 7
11 13
12 25
12 28
13 23
13 24
14 1
14 7
15 3
15 21
16 0
16 1
17 29
17 31
18 20
18 22
19 5
19 8
20 3
20 28
21 24
21 30
22 27
22 29
23 0
23 12
24 17
24 20
25 4
25 25
26 2
26 12
27 6
27 22
28 11
28 16
29 2
29 5
30 15
30 17
31 8
31 15

# solution 41
# n=32 sym=dia1 status=verified source=flammenkamp_cache/n32_dia1
# code=/GL9GDL8SDO2N683RMQFNTV2I4AEK01UVAMCIRT7E35FJ0UPS6C7P1B4JBOKQ5H9H
0 16
0 21
1 9
1 16
2 13
2 21
3 8
3 28
4 13
4 24
5 2
5 23
6 6
6 8
7 3
7 27
8 22
8 26
9 15
9 23
10 29
10 31
11 2
11 18
12 4
12 10
13 14
13 20
14 0
14 1
15 30
15 31
16 10
16 22
17 12
17 18
18 27
18 29
19 7
19 14
20 3
20 5
21 15
21 19
22 0
22 30
23 25
23 28
24 6
24 12
25 7
25 25
26 1
26 11
27 4
27 19
28 11
28 24
29 20
29 26
30 5
30 17
31 9
31 17

# solution 42
# n=32 sym=dia1 status=verified source=flammenkamp_cache/n32_dia1
# code=/GJEG7ANR5S3FHNAEPS236CFH1V05KPUVKQOU199L02OTCD478T4LIR68MQBMDJBI
0 16
0 19
1 14
1 16
2 7
2 10
3 23
3 27
4 5
4 28
5 3
5 15
6 17
6 23
7 10
7 14
8 25
8 28
9 2
9 3
10 6
10 12
11 15
11 17
12 1
12 31
13 0
13 5
14 20
14 25
15 30
15 31
16 20
16 26
17 24
17 30
18 1
18 9
19 9
19 21
20 0
20 2
21 24
21 29
22 12
22 13
23 4
23 7
24 8
24 29
25 4
25 21
26 18
26 27
27 6
27 8
28 22
28 26
29 11
29 22
30 13
30 19
31 11
31 18

# solution 43
# n=32 sym=dia1 status=verified source=flammenkamp_cache/n32_dia1
# code=/BF67JLGHCO2N89NROQDGJT27LTDE0SMS1V0IIM6R4V19AP4PKUCU358B35KQAFEH
0 11
0 15
1 6
1 7
2 19
2 21
3 16
3 17
4 12
4 24
5 2
5 23
6 8
6 9
7 23
7 27
8 24
8 26
9 13
9 16
10 19
10 29
11 2
11 7
12 21
12 29
13 13
13 14
14 0
14 28
15 22
15 28
16 1
16 31
17 0
17 18
18 18
18 22
19 6
19 27
20 4
20 31
21 1
21 9
22 10
22 25
23 4
23 25
24 20
24 30
25 12
25 30
26 3
26 5
27 8
27 11
28 3
28 5
29 20
29 26
30 10
30 15
31 14
31 17

# solution 44
# n=32 sym=dia1 status=verified source=flammenkamp_cache/n32_dia1
# code=/1G0D6DMOFM7T2N5T9F8VCKQRAJ12EJ480UQRNVCEASOU346I3LPSBHBHKP57GL9I
0 1
0 16
1 0
1 13
2 6
2 13
3 22
3 24
4 15
4 22
5 7
5 29
6 2
6 23
7 5
7 29
8 9
8 15
9 8
9 31
10 12
10 20
11 26
11 27
12 10
12 19
13 1
13 2
14 14
14 19
15 4
15 8
16 0
16 30
17 26
17 27
18 23
18 31
19 12
19 14
20 10
20 28
21 24
21 30
22 3
22 4
23 6
23 18
24 3
24 21
25 25
25 28
26 11
26 17
27 11
27 17
28 20
28 25
29 5
29 7
30 16
30 21
31 9
31 18

# solution 45
# n=32 sym=dia1 status=verified source=flammenkamp_cache/n32_dia1
# code=/6F1I9JDMQT9C06PSEK25TVKN5P3E8D0UOQJL1V2H8BHN3UBLGR7C4GOS7R4AFMAI
0 6
0 15
1 1
1 18
2 9
2 19
3 13
3 22
4 26
4 29
5 9
5 12
6 0
6 6
7 25
7 28
8 14
8 20
9 2
9 5
10 29
10 31
11 20
11 23
12 5
12 25
13 3
13 14
14 8
14 13
15 0
15 30
16 24
16 26
17 19
17 21
18 1
18 31
19 2
19 17
20 8
20 11
21 17
21 23
22 3
22 30
23 11
23 21
24 16
24 27
25 7
25 12
26 4
26 16
27 24
27 28
28 7
28 27
29 4
29 10
30 15
30 22
31 10
31 18

# solution 46
# n=32 sym=dia1 status=verified source=flammenkamp_cache/n32_dia1
# code=/7RBG2BFI5Q45IM0COTEMGS127NLV9F3E1AJV36HNRUDP69CJ8ULS4T0KAP8QKODH
0 7
0 27
1 11
1 16
2 2
2 11
3 15
3 18
4 5
4 26
5 4
5 5
6 18
6 22
7 0
7 12
8 24
8 29
9 14
9 22
10 16
10 28
11 1
11 2
12 7
12 23
13 21
13 31
14 9
14 15
15 3
15 14
16 1
16 10
17 19
17 31
18 3
18 6
19 17
19 23
20 27
20 30
21 13
21 25
22 6
22 9
23 12
23 19
24 8
24 30
25 21
25 28
26 4
26 29
27 0
27 20
28 10
28 25
29 8
29 26
30 20
30 24
31 13
31 17

# solution 47
# n=32 sym=dia1 status=verified source=flammenkamp_cache/n32_dia1
# code=/COGI57CKNR2KAF27ESBN6U9U03LV8F6E1MIP1HQT35DVGT490QHSJO4R8PJMABDL
0 12
0 24
1 16
1 18
2 5
2 7
3 12
3 20
4 23
4 27
5 2
5 20
6 10
6 15
7 2
7 7
8 14
8 28
9 11
9 23
10 6
10 30
11 9
11 30
12 0
12 3
13 21
13 31
14 8
14 15
15 6
15 14
16 1
16 22
17 18
17 25
18 1
18 17
19 26
19 29
20 3
20 5
21 13
21 31
22 16
22 29
23 4
23 9
24 0
24 26
25 17
25 28
26 19
26 24
27 4
27 27
28 8
28 25
29 19
29 22
30 10
30 11
31 13
31 21

# solution 48
# n=32 sym=dia1 status=verified source=flammenkamp_cache/n32_dia1
# code=/GLNPCD57GJ38BS3P5NDIFT6M2V29FQAE04RV9O4JLR0KBT18IU17EQHK6UAMOSCH
0 16
0 21
1 23
1 25
2 12
2 13
3 5
3 7
4 16
4 19
5 3
5 8
6 11
6 28
7 3
7 25
8 5
8 23
9 13
9 18
10 15
10 29
11 6
11 22
12 2
12 31
13 2
13 9
14 15
14 26
15 10
15 14
16 0
16 4
17 27
17 31
18 9
18 24
19 4
19 19
20 21
20 27
21 0
21 20
22 11
22 29
23 1
23 8
24 18
24 30
25 1
25 7
26 14
26 26
27 17
27 20
28 6
28 30
29 10
29 22
30 24
30 28
31 12
31 17

# solution 49
# n=32 sym=dia1 status=verified source=flammenkamp_cache/n32_dia1
# code=/FQJN479EPR3VPRGKBU5D2KLOCUCE2B6O0VIS8MIJHN018S9D5T3G7M1T6QHL4AAF
0 15
0 26
1 19
1 23
2 4
2 7
3 9
3 14
4 25
4 27
5 3
5 31
6 25
6 27
7 16
7 20
8 11
8 30
9 5
9 13
10 2
10 20
11 21
11 24
12 12
12 30
13 12
13 14
14 2
14 11
15 6
15 24
16 0
16 31
17 18
17 28
18 8
18 22
19 18
19 19
20 17
20 23
21 0
21 1
22 8
22 28
23 9
23 13
24 5
24 29
25 3
25 16
26 7
26 22
27 1
27 29
28 6
28 26
29 17
29 21
30 4
30 10
31 10
31 15

# solution 50
# n=32 sym=dia1 status=verified source=flammenkamp_cache/n32_dia1
# code=/7D6ODM5IKQNRACOUKQ9T9JNR1L1SCF580H2ETVHP064PLM4G3VBUGS8A273EIJBF
0 7
0 13
1 6
1 24
2 13
2 22
3 5
3 18
4 20
4 26
5 23
5 27
6 10
6 12
7 24
7 30
8 20
8 26
9 9
9 29
10 9
10 19
11 23
11 27
12 1
12 21
13 1
13 28
14 12
14 15
15 5
15 8
16 0
16 17
17 2
17 14
18 29
18 31
19 17
19 25
20 0
20 6
21 4
21 25
22 21
22 22
23 4
23 16
24 3
24 31
25 11
25 30
26 16
26 28
27 8
27 10
28 2
28 7
29 3
29 14
30 18
30 19
31 11
31 15

# solution 51
# n=32 sym=dia1 status=verified source=flammenkamp_cache/n32_dia1
# code=/EI5L5DJO0N2C8COS7R7MIU06HSLVFJ168HBV3TPQAE4B12FPMNGKTU3A4D9Q9GKR
0 14
0 18
1 5
1 21
2 5
2 13
3 19
3 24
4 0
4 23
5 2
5 12
6 8
6 12
7 24
7 28
8 7
8 27
9 7
9 22
10 18
10 30
11 0
11 6
12 17
12 28
13 21
13 31
14 15
14 19
15 1
15 6
16 8
16 17
17 11
17 31
18 3
18 29
19 25
19 26
20 10
20 14
21 4
21 11
22 1
22 2
23 15
23 25
24 22
24 23
25 16
25 20
26 29
26 30
27 3
27 10
28 4
28 13
29 9
29 26
30 9
30 16
31 20
31 27

# solution 52
# n=32 sym=dia1 status=verified source=flammenkamp_cache/n32_dia1
# code=/4DFLDK6A3N1B36JNORBE0UJTKO78CF02HU8MTVCHMQAS25EI5IPS791VPR9G4QGL
0 4
0 13
1 15
1 21
2 13
2 20
3 6
3 10
4 3
4 23
5 1
5 11
6 3
6 6
7 19
7 23
8 24
8 27
9 11
9 14
10 0
10 30
11 19
11 29
12 20
12 24
13 7
13 8
14 12
14 15
15 0
15 2
16 17
16 30
17 8
17 22
18 29
18 31
19 12
19 17
20 22
20 26
21 10
21 28
22 2
22 5
23 14
23 18
24 5
24 18
25 25
25 28
26 7
26 9
27 1
27 31
28 25
28 27
29 9
29 16
30 4
30 26
31 16
31 21

# solution 53
# n=32 sym=dia1 status=verified source=flammenkamp_cache/n32_dia1
# code=/JRCE8AKLRVKP6Q2C16BDHSQS1V37FL3B0H9U4MOUGM0T2E8T5INP475DGI9OJNAF
0 19
0 27
1 12
1 14
2 8
2 10
3 20
3 21
4 27
4 31
5 20
5 25
6 6
6 26
7 2
7 12
8 1
8 6
9 11
9 13
10 17
10 28
11 26
11 28
12 1
12 31
13 3
13 7
14 15
14 21
15 3
15 11
16 0
16 17
17 9
17 30
18 4
18 22
19 24
19 30
20 16
20 22
21 0
21 29
22 2
22 14
23 8
23 29
24 5
24 18
25 23
25 25
26 4
26 7
27 5
27 13
28 16
28 18
29 9
29 24
30 19
30 23
31 10
31 15

# solution 54
# n=32 sym=dia1 status=verified source=flammenkamp_cache/n32_dia1
# code=/8H6BQR9LITGT2LGK3C27PSEO147REVOQ3DHK1F4NAU5B8S9VIM0U0ACJFNMPDJ56
0 8
0 17
1 6
1 11
2 26
2 27
3 9
3 21
4 18
4 29
5 16
5 29
6 2
6 21
7 16
7 20
8 3
8 12
9 2
9 7
10 25
10 28
11 14
11 24
12 1
12 4
13 7
13 27
14 14
14 31
15 24
15 26
16 3
16 13
17 17
17 20
18 1
18 15
19 4
19 23
20 10
20 30
21 5
21 11
22 8
22 28
23 9
23 31
24 18
24 22
25 0
25 30
26 0
26 10
27 12
27 19
28 15
28 23
29 22
29 25
30 13
30 19
31 5
31 6

# solution 55
# n=32 sym=dia1 status=verified source=flammenkamp_cache/n32_dia1
# code=/7E5M2G5CCG13PR0KLSHQKRBV34FJ0UDV249OLUDS7A8I1NMTHP6O9T6A8JNQEIBF
0 7
0 14
1 5
1 22
2 2
2 16
3 5
3 12
4 12
4 16
5 1
5 3
6 25
6 27
7 0
7 20
8 21
8 28
9 17
9 26
10 20
10 27
11 11
11 31
12 3
12 4
13 15
13 19
14 0
14 30
15 13
15 31
16 2
16 4
17 9
17 24
18 21
18 30
19 13
19 28
20 7
20 10
21 8
21 18
22 1
22 23
23 22
23 29
24 17
24 25
25 6
25 24
26 9
26 29
27 6
27 10
28 8
28 19
29 23
29 26
30 14
30 18
31 11
31 15

# solution 56
# n=32 sym=dia1 status=verified source=flammenkamp_cache/n32_dia1
# code=/GPNTGH6AJN9O39EOET563VFLLSFV78BD022UIR4JMSBCKU14570QPRIQCK18HMAD
0 16
0 25
1 23
1 29
2 16
2 17
3 6
3 10
4 19
4 23
5 9
5 24
6 3
6 9
7 14
7 24
8 14
8 29
9 5
9 6
10 3
10 31
11 15
11 21
12 21
12 28
13 15
13 31
14 7
14 8
15 11
15 13
16 0
16 2
17 2
17 30
18 18
18 27
19 4
19 19
20 22
20 28
21 11
21 12
22 20
22 30
23 1
23 4
24 5
24 7
25 0
25 26
26 25
26 27
27 18
27 26
28 12
28 20
29 1
29 8
30 17
30 22
31 10
31 13

# solution 57
# n=32 sym=dia1 status=verified source=flammenkamp_cache/n32_dia1
# code=/4CAFKLGH09PTILPQ9A4818IV0RFUMV1D3J3O6BGU2S26ESNOHN577TCRKM5QDJBE
0 4
0 12
1 10
1 15
2 20
2 21
3 16
3 17
4 0
4 9
5 25
5 29
6 18
6 21
7 25
7 26
8 9
8 10
9 4
9 8
10 1
10 8
11 18
11 31
12 0
12 27
13 15
13 30
14 22
14 31
15 1
15 13
16 3
16 19
17 3
17 24
18 6
18 11
19 16
19 30
20 2
20 28
21 2
21 6
22 14
22 28
23 23
23 24
24 17
24 23
25 5
25 7
26 7
26 29
27 12
27 27
28 20
28 22
29 5
29 26
30 13
30 19
31 11
31 14

# solution 58
# n=32 sym=dia1 status=verified source=flammenkamp_cache/n32_dia1
# code=/EGLMFO5ALP35CSDHBJOQ3K8U6P7F0T2D0K7MTU8RAG141HRV294C9QJN6VEIBINS
0 14
0 16
1 21
1 22
2 15
2 24
3 5
3 10
4 21
4 25
5 3
5 5
6 12
6 28
7 13
7 17
8 11
8 19
9 24
9 26
10 3
10 20
11 8
11 30
12 6
12 25
13 7
13 15
14 0
14 29
15 2
15 13
16 0
16 20
17 7
17 22
18 29
18 30
19 8
19 27
20 10
20 16
21 1
21 4
22 1
22 17
23 27
23 31
24 2
24 9
25 4
25 12
26 9
26 26
27 19
27 23
28 6
28 31
29 14
29 18
30 11
30 18
31 23
31 28

# solution 59
# n=32 sym=dia1 status=verified source=flammenkamp_cache/n32_dia1
# code=/BD7F6I1MCJMP9Q2E14QSJK0LLRFT8B02IU7O4VARHV3C5P3HEU6T59DN8AGONSGK
0 11
0 13
1 7
1 15
2 6
2 18
3 1
3 22
4 12
4 19
5 22
5 25
6 9
6 26
7 2
7 14
8 1
8 4
9 26
9 28
10 19
10 20
11 0
11 21
12 21
12 27
13 15
13 29
14 8
14 11
15 0
15 2
16 18
16 30
17 7
17 24
18 4
18 31
19 10
19 27
20 17
20 31
21 3
21 12
22 5
22 25
23 3
23 17
24 14
24 30
25 6
25 29
26 5
26 9
27 13
27 23
28 8
28 10
29 16
29 24
30 23
30 28
31 16
31 20

# solution 60
# n=32 sym=dia1 status=verified source=flammenkamp_cache/n32_dia1
# code=/9EMO9J7D8MEFRU3O4K02HUBDQR3B055FJTATNV2G8SNQ14IL17SVCL6CKPGH6AIP
0 9
0 14
1 22
1 24
2 9
2 19
3 7
3 13
4 8
4 22
5 14
5 15
6 27
6 30
7 3
7 24
8 4
8 20
9 0
9 2
10 17
10 30
11 11
11 13
12 26
12 27
13 3
13 11
14 0
14 5
15 5
15 15
16 19
16 29
17 10
17 29
18 23
18 31
19 2
19 16
20 8
20 28
21 23
21 26
22 1
22 4
23 18
23 21
24 1
24 7
25 28
25 31
26 12
26 21
27 6
27 12
28 20
28 25
29 16
29 17
30 6
30 10
31 18
31 25

# solution 61
# n=32 sym=dia1 status=verified source=flammenkamp_cache/n32_dia1
# code=/AVFKHIFNAP7GOR4P3S588H1U3GETLTJQSU0I7CCD25RV06LMDQ19BM2OJN4B6K9E
0 10
0 31
1 15
1 20
2 17
2 18
3 15
3 23
4 10
4 25
5 7
5 16
6 24
6 27
7 4
7 25
8 3
8 28
9 5
9 8
10 8
10 17
11 1
11 30
12 3
12 16
13 14
13 29
14 21
14 29
15 19
15 26
16 28
16 30
17 0
17 18
18 7
18 12
19 12
19 13
20 2
20 5
21 27
21 31
22 0
22 6
23 21
23 22
24 13
24 26
25 1
25 9
26 11
26 22
27 2
27 24
28 19
28 23
29 4
29 11
30 6
30 20
31 9
31 14

# solution 62
# n=32 sym=dia1 status=verified source=flammenkamp_cache/n32_dia1
# code=/OQBIDI5K6N3C4CEPQSMUFV1H562R7FAEJTBR12GU3SMP9L4V0T7L08DH8KGO9JAN
0 24
0 26
1 11
1 18
2 13
2 18
3 5
3 20
4 6
4 23
5 3
5 12
6 4
6 12
7 14
7 25
8 26
8 28
9 22
9 30
10 15
10 31
11 1
11 17
12 5
12 6
13 2
13 27
14 7
14 15
15 10
15 14
16 19
16 29
17 11
17 27
18 1
18 2
19 16
19 30
20 3
20 28
21 22
21 25
22 9
22 21
23 4
23 31
24 0
24 29
25 7
25 21
26 0
26 8
27 13
27 17
28 8
28 20
29 16
29 24
30 9
30 19
31 10
31 23

# solution 63
# n=32 sym=dia1 status=verified source=flammenkamp_cache/n32_dia1
# code=/CQ6KDJ9S4OLVEL6R2H5APQIUFTBK3N580J2P0TBVCI7M1S1G7AOUGM3R4HEN89DF
0 12
0 26
1 6
1 20
2 13
2 19
3 9
3 28
4 4
4 24
5 21
5 31
6 14
6 21
7 6
7 27
8 2
8 17
9 5
9 10
10 25
10 26
11 18
11 30
12 15
12 29
13 11
13 20
14 3
14 23
15 5
15 8
16 0
16 19
17 2
17 25
18 0
18 29
19 11
19 31
20 12
20 18
21 7
21 22
22 1
22 28
23 1
23 16
24 7
24 10
25 24
25 30
26 16
26 22
27 3
27 27
28 4
28 17
29 14
29 23
30 8
30 9
31 13
31 15

# solution 64
# n=32 sym=dia1 status=verified source=flammenkamp_cache/n32_dia1
# code=/0ILNCQCS9H7TJT5JBM4EUV8I23EO9DORKU4L0B67GV1H8P1PDFMN2QFS3R56AGAK
0 0
0 18
1 21
1 23
2 12
2 26
3 12
3 28
4 9
4 17
5 7
5 29
6 19
6 29
7 5
7 19
8 11
8 22
9 4
9 14
10 30
10 31
11 8
11 18
12 2
12 3
13 14
13 24
14 9
14 13
15 24
15 27
16 20
16 30
17 4
17 21
18 0
18 11
19 6
19 7
20 16
20 31
21 1
21 17
22 8
22 25
23 1
23 25
24 13
24 15
25 22
25 23
26 2
26 26
27 15
27 28
28 3
28 27
29 5
29 6
30 10
30 16
31 10
31 20

# solution 65
# n=32 sym=dia1 status=verified source=flammenkamp_cache/n32_dia1
# code=/BH7LDM9PHNEFNR17AQ3V8M0EQU2I5B5FKU04DJIOGO1V2A46JK3S8C6TPTRSCG9L
0 11
0 17
1 7
1 21
2 13
2 22
3 9
3 25
4 17
4 23
5 14
5 15
6 23
6 27
7 1
7 7
8 10
8 26
9 3
9 31
10 8
10 22
11 0
11 14
12 26
12 30
13 2
13 18
14 5
14 11
15 5
15 15
16 20
16 30
17 0
17 4
18 13
18 19
19 18
19 24
20 16
20 24
21 1
21 31
22 2
22 10
23 4
23 6
24 19
24 20
25 3
25 28
26 8
26 12
27 6
27 29
28 25
28 29
29 27
29 28
30 12
30 16
31 9
31 21

# solution 66
# n=32 sym=dia1 status=verified source=flammenkamp_cache/n32_dia1
# code=/3L8HEI0MAMAIDSPQ1LFV45BVRT6F2N9DKU1Q25TUGO0834EOKN7P7HCS6RCJGJ9B
0 3
0 21
1 8
1 17
2 14
2 18
3 0
3 22
4 10
4 22
5 10
5 18
6 13
6 28
7 25
7 26
8 1
8 21
9 15
9 31
10 4
10 5
11 11
11 31
12 27
12 29
13 6
13 15
14 2
14 23
15 9
15 13
16 20
16 30
17 1
17 26
18 2
18 5
19 29
19 30
20 16
20 24
21 0
21 8
22 3
22 4
23 14
23 24
24 20
24 23
25 7
25 25
26 7
26 17
27 12
27 28
28 6
28 27
29 12
29 19
30 16
30 19
31 9
31 11

# solution 67
# n=32 sym=dia1 status=verified source=flammenkamp_cache/n32_dia1
# code=/MNAHFQHR594E69TUPQ461GILRVES5D2KAO13BKUVFIBL0T0PGS8N283CDO7M7JCJ
0 22
0 23
1 10
1 17
2 15
2 26
3 17
3 27
4 5
4 9
5 4
5 14
6 6
6 9
7 29
7 30
8 25
8 26
9 4
9 6
10 1
10 16
11 18
11 21
12 27
12 31
13 14
13 28
14 5
14 13
15 2
15 20
16 10
16 24
17 1
17 3
18 11
18 20
19 30
19 31
20 15
20 18
21 11
21 21
22 0
22 29
23 0
23 25
24 16
24 28
25 8
25 23
26 2
26 8
27 3
27 12
28 13
28 24
29 7
29 22
30 7
30 19
31 12
31 19

# solution 68
# n=32 sym=dia1 status=verified source=flammenkamp_cache/n32_dia1
# code=/79CIIM3LGN0QBL68ER5TPS3FAETU126R0KJNBCDUDP2J1V5O4VGO8M47KSAH9HFQ
0 7
0 9
1 12
1 18
2 18
2 22
3 3
3 21
4 16
4 23
5 0
5 26
6 11
6 21
7 6
7 8
8 14
8 27
9 5
9 29
10 25
10 28
11 3
11 15
12 10
12 14
13 29
13 30
14 1
14 2
15 6
15 27
16 0
16 20
17 19
17 23
18 11
18 12
19 13
19 30
20 13
20 25
21 2
21 19
22 1
22 31
23 5
23 24
24 4
24 31
25 16
25 24
26 8
26 22
27 4
27 7
28 20
28 28
29 10
29 17
30 9
30 17
31 15
31 26

# solution 69
# n=32 sym=dia1 status=verified source=flammenkamp_cache/n32_dia1
# code=/9GGN9D4P3NHOEF7JAS028SMTDR2C6K6K015UQV7OEFRVBT145J3PIUCL8ABMHQIL
0 9
0 16
1 16
1 23
2 9
2 13
3 4
3 25
4 3
4 23
5 17
5 24
6 14
6 15
7 7
7 19
8 10
8 28
9 0
9 2
10 8
10 28
11 22
11 29
12 13
12 27
13 2
13 12
14 6
14 20
15 6
15 20
16 0
16 1
17 5
17 30
18 26
18 31
19 7
19 24
20 14
20 15
21 27
21 31
22 11
22 29
23 1
23 4
24 5
24 19
25 3
25 25
26 18
26 30
27 12
27 21
28 8
28 10
29 11
29 22
30 17
30 26
31 18
31 21

# solution 70
# n=32 sym=dia1 status=verified source=flammenkamp_cache/n32_dia1
# code=/ERAILR8DTV1K34AD9CHKHTMQ470ULM3FFG7VOS5N25OU6N0SEJ69BCJPGP1B2Q8I
0 14
0 27
1 10
1 18
2 21
2 27
3 8
3 13
4 29
4 31
5 1
5 20
6 3
6 4
7 10
7 13
8 9
8 12
9 17
9 20
10 17
10 29
11 22
11 26
12 4
12 7
13 0
13 30
14 21
14 22
15 3
15 15
16 15
16 16
17 7
17 31
18 24
18 28
19 5
19 23
20 2
20 5
21 24
21 30
22 6
22 23
23 0
23 28
24 14
24 19
25 6
25 9
26 11
26 12
27 19
27 25
28 16
28 25
29 1
29 11
30 2
30 26
31 8
31 18

# solution 71
# n=32 sym=dia1 status=verified source=flammenkamp_cache/n32_dia1
# code=/GL9J9CGJ5E47NQ5KRT12DIKV2QAR4VFL03MTAU137B0FHP6SSUMP6C8DNO8HIOBE
0 16
0 21
1 9
1 19
2 9
2 12
3 16
3 19
4 5
4 14
5 4
5 7
6 23
6 26
7 5
7 20
8 27
8 29
9 1
9 2
10 13
10 18
11 20
11 31
12 2
12 26
13 10
13 27
14 4
14 31
15 15
15 21
16 0
16 3
17 22
17 29
18 10
18 30
19 1
19 3
20 7
20 11
21 0
21 15
22 17
22 25
23 6
23 28
24 28
24 30
25 22
25 25
26 6
26 12
27 8
27 13
28 23
28 24
29 8
29 17
30 18
30 24
31 11
31 14

# solution 72
# n=32 sym=dia1 status=verified source=flammenkamp_cache/n32_dia1
# code=/IKCKORGHRT6ADNAT3P3D6IUV12LVBSFS0G58MPCU7HOQ124E0BLQ4E58MN9J9J7F
0 18
0 20
1 12
1 20
2 24
2 27
3 16
3 17
4 27
4 29
5 6
5 10
6 13
6 23
7 10
7 29
8 3
8 25
9 3
9 13
10 6
10 18
11 30
11 31
12 1
12 2
13 21
13 31
14 11
14 28
15 15
15 28
16 0
16 16
17 5
17 8
18 22
18 25
19 12
19 30
20 7
20 17
21 24
21 26
22 1
22 2
23 4
23 14
24 0
24 11
25 21
25 26
26 4
26 14
27 5
27 8
28 22
28 23
29 9
29 19
30 9
30 19
31 7
31 15

# solution 73
# n=32 sym=dia1 status=verified source=flammenkamp_cache/n32_dia1
# code=/DN2JIT9F8ICKNP2CPV0779JQKURT4A1FGS6B3VOQ4E0HLS5RLM1E38BH5DOU6GAM
0 13
0 23
1 2
1 19
2 18
2 29
3 9
3 15
4 8
4 18
5 12
5 20
6 23
6 25
7 2
7 12
8 25
8 31
9 0
9 7
10 7
10 9
11 19
11 26
12 20
12 30
13 27
13 29
14 4
14 10
15 1
15 15
16 16
16 28
17 6
17 11
18 3
18 31
19 24
19 26
20 4
20 14
21 0
21 17
22 21
22 28
23 5
23 27
24 21
24 22
25 1
25 14
26 3
26 8
27 11
27 17
28 5
28 13
29 24
29 30
30 6
30 16
31 10
31 22

