# solution 1
# n=33 sym=rot2 status=verified source=flammenkamp_cache/n33_rot2.few
# code=:3R47CJCGHOQVIN8N0E1B3FLRADPS0AQU2U26MW47JM5BHTLVIW9O9E168FGKDKPS5T
0 3
0 27
1 4
1 7
2 12
2 19
3 12
3 16
4 17
4 24
5 26
5 31
6 18
6 23
7 8
7 23
8 0
8 14
9 1
9 11
10 3
10 15
11 21
11 27
12 10
12 13
13 25
13 28
14 0
14 10
15 26
15 30
16 2
16 30
17 2
17 6
18 22
18 32
19 4
19 7
20 19
20 22
21 5
21 11
22 17
22 29
23 21
23 31
24 18
24 32
25 9
25 24
26 9
26 14
27 1
27 6
28 8
28 15
29 16
29 20
30 13
30 20
31 25
31 28
32 5
32 29

