# solution 1
# n=33 sym=rct4 status=verified source=flammenkamp_cache/n33_rct4
# code=cFNAI8T2M8I6K6RBKSU0F3VDP57GL14NWDJ09SVBGPR7J1THW24CL5QCQEOAU3OEM9H
0 15
0 23
1 10
1 18
2 8
2 29
3 2
3 22
4 8
4 18
5 6
5 20
6 6
6 27
7 11
7 20
8 28
8 30
9 0
9 15
10 3
10 31
11 13
11 25
12 5
12 7
13 16
13 21
14 1
14 4
15 23
15 32
16 13
16 19
17 0
17 9
18 28
18 31
19 11
19 16
20 25
20 27
21 7
21 19
22 1
22 29
23 17
23 32
24 2
24 4
25 12
25 21
26 5
26 26
27 12
27 26
28 14
28 24
29 10
29 30
30 3
30 24
31 14
31 22
32 9
32 17

# solution 2
# n=33 sym=rct4 status=verified source=flammenkamp_cache/n33_rct4
# code=c7K9LFO5ODI6TFRKW239VBE1M07GS4MQUDJ26AS4GPWAVIL1NTU0C5H3QEJ8R8HBNCP
0 7
0 20
1 9
1 21
2 15
2 24
3 5
3 24
4 13
4 18
5 6
5 29
6 15
6 27
7 20
7 32
8 2
8 3
9 9
9 31
10 11
10 14
11 1
11 22
12 0
12 7
13 16
13 28
14 4
14 22
15 26
15 30
16 13
16 19
17 2
17 6
18 10
18 28
19 4
19 16
20 25
20 32
21 10
21 31
22 18
22 21
23 1
23 23
24 29
24 30
25 0
25 12
26 5
26 17
27 3
27 26
28 14
28 19
29 8
29 27
30 8
30 17
31 11
31 23
32 12
32 25

# solution 3
# n=33 sym=rct4 status=verified source=flammenkamp_cache/n33_rct4
# code=cDF9LKOFI4OAI7KNQ247VBR1M26GW35TWDJ03RT0GQUAV5L1PSU69CPEM8SEH8CBNHJ
0 13
0 15
1 9
1 21
2 20
2 24
3 15
3 18
4 4
4 24
5 10
5 18
6 7
6 20
7 23
7 26
8 2
8 4
9 7
9 31
10 11
10 27
11 1
11 22
12 2
12 6
13 16
13 32
14 3
14 5
15 29
15 32
16 13
16 19
17 0
17 3
18 27
18 29
19 0
19 16
20 26
20 30
21 10
21 31
22 5
22 21
23 1
23 25
24 28
24 30
25 6
25 9
26 12
26 25
27 14
27 22
28 8
28 28
29 14
29 17
30 8
30 12
31 11
31 23
32 17
32 19

# solution 4
# n=33 sym=rct4 status=verified source=flammenkamp_cache/n33_rct4
# code=cDEAN2KERBN3HHL8DAP14OV6S2GPWTW56CKQR0307GU4Q18SV7MJOBFFT9L5ICU9MIJ
0 13
0 14
1 10
1 23
2 2
2 20
3 14
3 27
4 11
4 23
5 3
5 17
6 17
6 21
7 8
7 13
8 10
8 25
9 1
9 4
10 24
10 31
11 6
11 28
12 2
12 16
13 25
13 32
14 29
14 32
15 5
15 6
16 12
16 20
17 26
17 27
18 0
18 3
19 0
19 7
20 16
20 30
21 4
21 26
22 1
22 8
23 28
23 31
24 7
24 22
25 19
25 24
26 11
26 15
27 15
27 29
28 9
28 21
29 5
29 18
30 12
30 30
31 9
31 22
32 18
32 19

# solution 5
# n=33 sym=rct4 status=verified source=flammenkamp_cache/n33_rct4
# code=c9SEJCHMQ0E783C8RPRHW3ADGQU1LSV29BLNU14BV26GJMT0F575OKTOPIW6AFKDI4N
0 9
0 28
1 14
1 19
2 12
2 17
3 22
3 26
4 0
4 14
5 7
5 8
6 3
6 12
7 8
7 27
8 25
8 27
9 17
9 32
10 3
10 10
11 13
11 16
12 26
12 30
13 1
13 21
14 28
14 31
15 2
15 9
16 11
16 21
17 23
17 30
18 1
18 4
19 11
19 31
20 2
20 6
21 16
21 19
22 22
22 29
23 0
23 15
24 5
24 7
25 5
25 24
26 20
26 29
27 24
27 25
28 18
28 32
29 6
29 10
30 15
30 20
31 13
31 18
32 4
32 23

# solution 6
# n=33 sym=rct4 status=verified source=flammenkamp_cache/n33_rct4
# code=cACFILN36AJ8NETFO7R25SW2GDW4K1QPVBL176VCS0JGU04RU5P8H3I9ODMQT9BEHKM
0 10
0 12
1 15
1 18
2 21
2 23
3 3
3 6
4 10
4 19
5 8
5 23
6 14
6 29
7 15
7 24
8 7
8 27
9 2
9 5
10 28
10 32
11 2
11 16
12 13
12 32
13 4
13 20
14 1
14 26
15 25
15 31
16 11
16 21
17 1
17 7
18 6
18 31
19 12
19 28
20 0
20 19
21 16
21 30
22 0
22 4
23 27
23 30
24 5
24 25
25 8
25 17
26 3
26 18
27 9
27 24
28 13
28 22
29 26
29 29
30 9
30 11
31 14
31 17
32 20
32 22

# solution 7
# n=33 sym=rct4 status=verified source=flammenkamp_cache/n33_rct4
# code=cHO2DKVHJOQ574MER04KM69EG293VLP03BLTW7B1TNUGINQACSW5IASPR68DF1CJU8F
0 17
0 24
1 2
1 13
2 20
2 31
3 17
3 19
4 24
4 26
5 5
5 7
6 4
6 22
7 14
7 27
8 0
8 4
9 20
9 22
10 6
10 9
11 14
11 16
12 2
12 9
13 3
13 31
14 21
14 25
15 0
15 3
16 11
16 21
17 29
17 32
18 7
18 11
19 1
19 29
20 23
20 30
21 16
21 18
22 23
22 26
23 10
23 12
24 28
24 32
25 5
25 18
26 10
26 28
27 25
27 27
28 6
28 8
29 13
29 15
30 1
30 12
31 19
31 30
32 8
32 15

# solution 8
# n=33 sym=rct4 status=verified source=flammenkamp_cache/n33_rct4
# code=cAFIJPT26IJBN6T29AG5POWKRBF1414KW8O0CSVSVHL5C087RGMNU3Q9LDEQU37DEHM
0 10
0 15
1 18
1 19
2 25
2 29
3 2
3 6
4 18
4 19
5 11
5 23
6 6
6 29
7 2
7 9
8 10
8 16
9 5
9 25
10 24
10 32
11 20
11 27
12 11
12 15
13 1
13 4
14 1
14 4
15 20
15 32
16 8
16 24
17 0
17 12
18 28
18 31
19 28
19 31
20 17
20 21
21 5
21 12
22 0
22 8
23 7
23 27
24 16
24 22
25 23
25 30
26 3
26 26
27 9
27 21
28 13
28 14
29 26
29 30
30 3
30 7
31 13
31 14
32 17
32 22

# solution 9
# n=33 sym=rct4 status=verified source=flammenkamp_cache/n33_rct4
# code=cEKFNPS8C25PSDG25BT1FBDMO0TMQEWNV6Q190I6A3W8AJLHV3LRUGJ47RUKO479HCI
0 14
0 20
1 15
1 23
2 25
2 28
3 8
3 12
4 2
4 5
5 25
5 28
6 13
6 16
7 2
7 5
8 11
8 29
9 1
9 15
10 11
10 13
11 22
11 24
12 0
12 29
13 22
13 26
14 14
14 32
15 23
15 31
16 6
16 26
17 1
17 9
18 0
18 18
19 6
19 10
20 3
20 32
21 8
21 10
22 19
22 21
23 17
23 31
24 3
24 21
25 27
25 30
26 16
26 19
27 4
27 7
28 27
28 30
29 20
29 24
30 4
30 7
31 9
31 17
32 12
32 18

# solution 10
# n=33 sym=rct4 status=verified source=flammenkamp_cache/n33_rct4
# code=c9F7F2ALN67GM8SSVKQ3W5U3E8JCEJLVW5R01BDIKDOIT2R0T6C144OAGPQ9BMUHPHN
0 9
0 15
1 7
1 15
2 2
2 10
3 21
3 23
4 6
4 7
5 16
5 22
6 8
6 28
7 28
7 31
8 20
8 26
9 3
9 32
10 5
10 30
11 3
11 14
12 8
12 19
13 12
13 14
14 19
14 21
15 31
15 32
16 5
16 27
17 0
17 1
18 11
18 13
19 18
19 20
20 13
20 24
21 18
21 29
22 2
22 27
23 0
23 29
24 6
24 12
25 1
25 4
26 4
26 24
27 10
27 16
28 25
28 26
29 9
29 11
30 22
30 30
31 17
31 25
32 17
32 23

# solution 11
# n=33 sym=rct4 status=verified source=flammenkamp_cache/n33_rct4
# code=cEL14KR8KGV2PDP56DTFM9E0F23OQMWLN4S9B0A68TUHWINAH3JQR7J7U1GCO5CSVBI
0 14
0 21
1 1
1 4
2 20
2 27
3 8
3 20
4 16
4 31
5 2
5 25
6 13
6 25
7 5
7 6
8 13
8 29
9 15
9 22
10 9
10 14
11 0
11 15
12 2
12 3
13 24
13 26
14 22
14 32
15 21
15 23
16 4
16 28
17 9
17 11
18 0
18 10
19 6
19 8
20 29
20 30
21 17
21 32
22 18
22 23
23 10
23 17
24 3
24 19
25 26
25 27
26 7
26 19
27 7
27 30
28 1
28 16
29 12
29 24
30 5
30 12
31 28
31 31
32 11
32 18

# solution 12
# n=33 sym=rct4 status=verified source=flammenkamp_cache/n33_rct4
# code=cEF9MDKGM486BLR9FDSPV136R2EOUKWPW3T070C28IU5QTV174JHN5BLQOSAGCJANHI
0 14
0 15
1 9
1 22
2 13
2 20
3 16
3 22
4 4
4 8
5 6
5 11
6 21
6 27
7 9
7 15
8 13
8 28
9 25
9 31
10 1
10 3
11 6
11 27
12 2
12 14
13 24
13 30
14 20
14 32
15 25
15 32
16 3
16 29
17 0
17 7
18 0
18 12
19 2
19 8
20 18
20 30
21 5
21 26
22 29
22 31
23 1
23 7
24 4
24 19
25 17
25 23
26 5
26 11
27 21
27 26
28 24
28 28
29 10
29 16
30 12
30 19
31 10
31 23
32 17
32 18

# solution 13
# n=33 sym=rct4 status=verified source=flammenkamp_cache/n33_rct4
# code=c0CGMNQBD5IDS2OCN6B271FOTPWRT4FIM1VAEHS350738HVPULQ9K8U4JERJL69AGKW
0 0
0 12
1 16
1 22
2 23
2 26
3 11
3 13
4 5
4 18
5 13
5 28
6 2
6 24
7 12
7 23
8 6
8 11
9 2
9 7
10 1
10 15
11 24
11 29
12 25
12 32
13 27
13 29
14 4
14 15
15 18
15 22
16 1
16 31
17 10
17 14
18 17
18 28
19 3
19 5
20 0
20 7
21 3
21 8
22 17
22 31
23 25
23 30
24 21
24 26
25 9
25 20
26 8
26 30
27 4
27 19
28 14
28 27
29 19
29 21
30 6
30 9
31 10
31 16
32 20
32 32

# solution 14
# n=33 sym=rct4 status=verified source=flammenkamp_cache/n33_rct4
# code=cCMFG2P8N6MEQ5S2ELT3J048CLW9FPRJV1V1D57HN0BKOSWDT3BIU4R6IAQ9O7UGHAK
0 12
0 22
1 15
1 16
2 2
2 25
3 8
3 23
4 6
4 22
5 14
5 26
6 5
6 28
7 2
7 14
8 21
8 29
9 3
9 19
10 0
10 4
11 8
11 12
12 21
12 32
13 9
13 15
14 25
14 27
15 19
15 31
16 1
16 31
17 1
17 13
18 5
18 7
19 17
19 23
20 0
20 11
21 20
21 24
22 28
22 32
23 13
23 29
24 3
24 11
25 18
25 30
26 4
26 27
27 6
27 18
28 10
28 26
29 9
29 24
30 7
30 30
31 16
31 17
32 10
32 20

