# solution 1
# n=34 sym=rot4 status=verified source=flammenkamp_cache/n34_rot4
# code=oOR6JADFM7PEL0WOT4L07BV3N58FV1SKUGHGH3D5W2IPSAU2MQXCT491XCJ8QBIKNER69
0 24
0 27
1 6
1 19
2 10
2 13
3 15
3 22
4 7
4 25
5 14
5 21
6 0
6 32
7 24
7 29
8 4
8 21
9 0
9 7
10 11
10 31
11 3
11 23
12 5
12 8
13 15
13 31
14 1
14 28
15 20
15 30
16 16
16 17
17 16
17 17
18 3
18 13
19 5
19 32
20 2
20 18
21 25
21 28
22 10
22 30
23 2
23 22
24 26
24 33
25 12
25 29
26 4
26 9
27 1
27 33
28 12
28 19
29 8
29 26
30 11
30 18
31 20
31 23
32 14
32 27
33 6
33 9

# solution 2
# n=34 sym=rot4 status=verified source=flammenkamp_cache/n34_rot4
# code=oENETMOCR16IK3TIM9D2P0C27NU5PWX57GHGHQS018S3AQVLX8VKOBF4UDFRW6L9B4JAJ
0 14
0 23
1 14
1 29
2 22
2 24
3 12
3 27
4 1
4 6
5 18
5 20
6 3
6 29
7 18
7 22
8 9
8 13
9 2
9 25
10 0
10 12
11 2
11 7
12 23
12 30
13 5
13 25
14 32
14 33
15 5
15 7
16 16
16 17
17 16
17 17
18 26
18 28
19 0
19 1
20 8
20 28
21 3
21 10
22 26
22 31
23 21
23 33
24 8
24 31
25 20
25 24
26 11
26 15
27 4
27 30
28 13
28 15
29 27
29 32
30 6
30 21
31 9
31 11
32 4
32 19
33 10
33 19

# solution 3
# n=34 sym=rot4 status=verified source=flammenkamp_cache/n34_rot4
# code=o8J6BDNNSFJ3LIW8KQXCM239W5O7V046TGHGH4RTX2Q9S1OUVBL07DP1FCUEI5AAKMREP
0 8
0 19
1 6
1 11
2 13
2 23
3 23
3 28
4 15
4 19
5 3
5 21
6 18
6 32
7 8
7 20
8 26
8 33
9 12
9 22
10 2
10 3
11 9
11 32
12 5
12 24
13 7
13 31
14 0
14 4
15 6
15 29
16 16
16 17
17 16
17 17
18 4
18 27
19 29
19 33
20 2
20 26
21 9
21 28
22 1
22 24
23 30
23 31
24 11
24 21
25 0
25 7
26 13
26 25
27 1
27 15
28 12
28 30
29 14
29 18
30 5
30 10
31 10
31 20
32 22
32 27
33 14
33 25

# solution 4
# n=34 sym=rot4 status=verified source=flammenkamp_cache/n34_rot4
# code=oNW0PEF69JLAK9U7Q1CRU0SHK4P5B4VGVBIFM2H2TMS8TDG5X36LW7Q3ODNCEORIJ8X1A
0 23
0 32
1 0
1 25
2 14
2 15
3 6
3 9
4 19
4 21
5 10
5 20
6 9
6 30
7 7
7 26
8 1
8 12
9 27
9 30
10 0
10 28
11 17
11 20
12 4
12 25
13 5
13 11
14 4
14 31
15 16
15 31
16 11
16 18
17 15
17 22
18 2
18 17
19 2
19 29
20 22
20 28
21 8
21 29
22 13
22 16
23 5
23 33
24 3
24 6
25 21
25 32
26 7
26 26
27 3
27 24
28 13
28 23
29 12
29 14
30 24
30 27
31 18
31 19
32 8
32 33
33 1
33 10

# solution 5
# n=34 sym=rot4 status=verified source=flammenkamp_cache/n34_rot4
# code=oDIPS7CBNEL1Q6R5V1JAD3OGU4VOX8T0GIMBFHX4P092T3H9UKNEW2S6R7WCJAMLQ58FK
0 13
0 18
1 25
1 28
2 7
2 12
3 11
3 23
4 14
4 21
5 1
5 26
6 6
6 27
7 5
7 31
8 1
8 19
9 10
9 13
10 3
10 24
11 16
11 30
12 4
12 31
13 24
13 33
14 8
14 29
15 0
15 16
16 18
16 22
17 11
17 15
18 17
18 33
19 4
19 25
20 0
20 9
21 2
21 29
22 3
22 17
23 9
23 30
24 20
24 23
25 14
25 32
26 2
26 28
27 6
27 27
28 7
28 32
29 12
29 19
30 10
30 22
31 21
31 26
32 5
32 8
33 15
33 20

# solution 6
# n=34 sym=rot4 status=verified source=flammenkamp_cache/n34_rot4
# code=oCD8Q8KJLEQFOAB14VW5HBRNR3X2X3TGS9IFO5H4U0V0U6A6MGS12TWMN9I7JCEDP7PKL
0 12
0 13
1 8
1 26
2 8
2 20
3 19
3 21
4 14
4 26
5 15
5 24
6 10
6 11
7 1
7 4
8 31
8 32
9 5
9 17
10 11
10 27
11 23
11 27
12 3
12 33
13 2
13 33
14 3
14 29
15 16
15 28
16 9
16 18
17 15
17 24
18 5
18 17
19 4
19 30
20 0
20 31
21 0
21 30
22 6
22 10
23 6
23 22
24 16
24 28
25 1
25 2
26 29
26 32
27 22
27 23
28 9
28 18
29 7
29 19
30 12
30 14
31 13
31 25
32 7
32 25
33 20
33 21

# solution 7
# n=34 sym=rot4 status=verified source=flammenkamp_cache/n34_rot4
# code=oDJ8QJR6BDIBN2U18QWCH5CSUNOTX024G9IFOHTVX049A35LSGL17PW3VAMFKMR6E7PEK
0 13
0 19
1 8
1 26
2 19
2 27
3 6
3 11
4 13
4 18
5 11
5 23
6 2
6 30
7 1
7 8
8 26
8 32
9 12
9 17
10 5
10 12
11 28
11 30
12 23
12 24
13 29
13 33
14 0
14 2
15 4
15 16
16 9
16 18
17 15
17 24
18 17
18 29
19 31
19 33
20 0
20 4
21 9
21 10
22 3
22 5
23 21
23 28
24 16
24 21
25 1
25 7
26 25
26 32
27 3
27 31
28 10
28 22
29 15
29 20
30 22
30 27
31 6
31 14
32 7
32 25
33 14
33 20

# solution 8
# n=34 sym=rot4 status=verified source=flammenkamp_cache/n34_rot4
# code=oELFP8E6O6KADTUBN1V3H7SLQ0B4SVXGW9IFO1H025TMX7C5QGU2WAM34KNDR9RJP8ICJ
0 14
0 21
1 15
1 25
2 8
2 14
3 6
3 24
4 6
4 20
5 10
5 13
6 29
6 30
7 11
7 23
8 1
8 31
9 3
9 17
10 7
10 28
11 21
11 26
12 0
12 11
13 4
13 28
14 31
14 33
15 16
15 32
16 9
16 18
17 15
17 24
18 1
18 17
19 0
19 2
20 5
20 29
21 22
21 33
22 7
22 12
23 5
23 26
24 16
24 30
25 2
25 32
26 10
26 22
27 3
27 4
28 20
28 23
29 13
29 27
30 9
30 27
31 19
31 25
32 8
32 18
33 12
33 19

# solution 9
# n=34 sym=rot4 status=verified source=flammenkamp_cache/n34_rot4
# code=o6EJLALQS4T38BX3DOS8GKVFR12AQ1XGMIO9FBH0W7NVW6I2DHP59KU0MPU4T57CNCEJR
0 6
0 14
1 19
1 21
2 10
2 21
3 26
3 28
4 4
4 29
5 3
5 8
6 11
6 33
7 3
7 13
8 24
8 28
9 8
9 16
10 20
10 31
11 15
11 27
12 1
12 2
13 10
13 26
14 1
14 33
15 16
15 22
16 18
16 24
17 9
17 15
18 11
18 17
19 0
19 32
20 7
20 23
21 31
21 32
22 6
22 18
23 2
23 13
24 17
24 25
25 5
25 9
26 20
26 30
27 0
27 22
28 25
28 30
29 4
29 29
30 5
30 7
31 12
31 23
32 12
32 14
33 19
33 27

# solution 10
# n=34 sym=rot4 status=verified source=flammenkamp_cache/n34_rot4
# code=o695PKL9NGJ8WJXCM1SUX3M7A2Q2I46DGIT4FHKRTFV7VNQBU035WBL0E1PEHAOCD8SOR
0 6
0 9
1 5
1 25
2 20
2 21
3 9
3 23
4 16
4 19
5 8
5 32
6 19
6 33
7 12
7 22
8 1
8 28
9 30
9 33
10 3
10 22
11 7
11 10
12 2
12 26
13 2
13 18
14 4
14 6
15 13
15 16
16 18
16 29
17 4
17 15
18 17
18 20
19 27
19 29
20 15
20 31
21 7
21 31
22 23
22 26
23 11
23 30
24 0
24 3
25 5
25 32
26 11
26 21
27 0
27 14
28 1
28 25
29 14
29 17
30 10
30 24
31 12
31 13
32 8
32 28
33 24
33 27

# solution 11
# n=34 sym=rot4 status=verified source=flammenkamp_cache/n34_rot4
# code=o6PCKAJ6H4TCJUXMN0FKM7V79SW1925GP3IFU8HSVOW15OQ2QBDIXAB03EL4TGRENDL8R
0 6
0 25
1 12
1 20
2 10
2 19
3 6
3 17
4 4
4 29
5 12
5 19
6 30
6 33
7 22
7 23
8 0
8 15
9 20
9 22
10 7
10 31
11 7
11 9
12 28
12 32
13 1
13 9
14 2
14 5
15 16
15 25
16 3
16 18
17 15
17 30
18 8
18 17
19 28
19 31
20 24
20 32
21 1
21 5
22 24
22 26
23 2
23 26
24 11
24 13
25 18
25 33
26 10
26 11
27 0
27 3
28 14
28 21
29 4
29 29
30 16
30 27
31 14
31 23
32 13
32 21
33 8
33 27

# solution 12
# n=34 sym=rot4 status=verified source=flammenkamp_cache/n34_rot4
# code=oIR68AMGK4T8D0WJLSWBLJV2O793S7A0GIU3FHXNQ5UOQ9V2ECM15CE1XKP4TDHBNPR6F
0 18
0 27
1 6
1 8
2 10
2 22
3 16
3 20
4 4
4 29
5 8
5 13
6 0
6 32
7 19
7 21
8 28
8 32
9 11
9 21
10 19
10 31
11 2
11 24
12 7
12 9
13 3
13 28
14 7
14 10
15 0
15 16
16 18
16 30
17 3
17 15
18 17
18 33
19 23
19 26
20 5
20 30
21 24
21 26
22 9
22 31
23 2
23 14
24 12
24 22
25 1
25 5
26 12
26 14
27 1
27 33
28 20
28 25
29 4
29 29
30 13
30 17
31 11
31 23
32 25
32 27
33 6
33 15

# solution 13
# n=34 sym=rot4 status=verified source=flammenkamp_cache/n34_rot4
# code=oKM68HK8T3JBFOWNOUW677J0SCL024AGS2IFV5HNTVXCL5XEQQR139A19IMEU4PDGPRBD
0 20
0 22
1 6
1 8
2 17
2 20
3 8
3 29
4 3
4 19
5 11
5 15
6 24
6 32
7 23
7 24
8 30
8 32
9 6
9 7
10 7
10 19
11 0
11 28
12 12
12 21
13 0
13 2
14 4
14 10
15 16
15 28
16 2
16 18
17 15
17 31
18 5
18 17
19 23
19 29
20 31
20 33
21 12
21 21
22 5
22 33
23 14
23 26
24 26
24 27
25 1
25 3
26 9
26 10
27 1
27 9
28 18
28 22
29 14
29 30
30 4
30 25
31 13
31 16
32 25
32 27
33 11
33 13

# solution 14
# n=34 sym=rot4 status=verified source=flammenkamp_cache/n34_rot4
# code=oCP5PBRENFKRW25KO017C3FGVOX47GUNTJMBE4A3HQT092HIULQWX9DSV16DIAJ6M8S8L
0 12
0 25
1 5
1 25
2 11
2 27
3 14
3 23
4 15
4 20
5 27
5 32
6 2
6 5
7 20
7 24
8 0
8 1
9 7
9 12
10 3
10 15
11 16
11 31
12 24
12 33
13 4
13 7
14 16
14 30
15 23
15 29
16 19
16 22
17 11
17 14
18 4
18 10
19 3
19 17
20 26
20 29
21 0
21 9
22 2
22 17
23 18
23 30
24 21
24 26
25 32
25 33
26 9
26 13
27 28
27 31
28 1
28 6
29 13
29 18
30 10
30 19
31 6
31 22
32 8
32 28
33 8
33 21

# solution 15
# n=34 sym=rot4 status=verified source=flammenkamp_cache/n34_rot4
# code=o1DFXLNEFMN8QCM58QSDH24462ROXGUUW9JEO133H096VRTTVGK57PSBL7PABIJAC0IKW
0 1
0 13
1 15
1 33
2 21
2 23
3 14
3 15
4 22
4 23
5 8
5 26
6 12
6 22
7 5
7 8
8 26
8 28
9 13
9 17
10 2
10 4
11 4
11 6
12 2
12 27
13 24
13 33
14 16
14 30
15 30
15 32
16 9
16 19
17 14
17 24
18 1
18 3
19 3
19 17
20 0
20 9
21 6
21 31
22 27
22 29
23 29
23 31
24 16
24 20
25 5
25 7
26 25
26 28
27 11
27 21
28 7
28 25
29 10
29 11
30 18
30 19
31 10
31 12
32 0
32 18
33 20
33 32

# solution 16
# n=34 sym=rot4 status=verified source=flammenkamp_cache/n34_rot4
# code=o6JFLIRBNKPNQ2X5D4G9O35LU1B4Q0G2WJP8E1VHX7TMW3CSU9OHTKS0V7A8DAM6FCIER
0 6
0 19
1 15
1 21
2 18
2 27
3 11
3 23
4 20
4 25
5 23
5 26
6 2
6 33
7 5
7 13
8 4
8 16
9 9
9 24
10 3
10 5
11 21
11 30
12 1
12 11
13 4
13 26
14 0
14 16
15 2
15 32
16 19
16 25
17 8
17 14
18 1
18 31
19 17
19 33
20 7
20 29
21 22
21 32
22 3
22 12
23 28
23 30
24 9
24 24
25 17
25 29
26 20
26 28
27 0
27 31
28 7
28 10
29 8
29 13
30 10
30 22
31 6
31 15
32 12
32 18
33 14
33 27

# solution 17
# n=34 sym=rot4 status=verified source=flammenkamp_cache/n34_rot4
# code=oFJIK9M796CNR5TKUCGUV5M2APT170G1XJP8E0WHXQW48NVBS23HL3D4S6ALROQBODFEI
0 15
0 19
1 18
1 20
2 9
2 22
3 7
3 9
4 6
4 12
5 23
5 27
6 5
6 29
7 20
7 30
8 12
8 16
9 30
9 31
10 5
10 22
11 2
11 10
12 25
12 29
13 1
13 7
14 0
14 16
15 1
15 33
16 19
16 25
17 8
17 14
18 0
18 32
19 17
19 33
20 26
20 32
21 4
21 8
22 23
22 31
23 11
23 28
24 2
24 3
25 17
25 21
26 3
26 13
27 4
27 28
28 6
28 10
29 21
29 27
30 24
30 26
31 11
31 24
32 13
32 15
33 14
33 18

# solution 18
# n=34 sym=rot4 status=verified source=flammenkamp_cache/n34_rot4
# code=oDIENPR9B7PDH2ICT24AU1OLUBQSXGW065JESRX1H057M3C9W3NTV4LFVGK8QMO68AJFK
0 13
0 18
1 14
1 23
2 25
2 27
3 9
3 11
4 7
4 25
5 13
5 17
6 2
6 18
7 12
7 29
8 2
8 4
9 10
9 30
10 1
10 24
11 21
11 30
12 11
12 26
13 28
13 33
14 16
14 32
15 0
15 6
16 5
16 19
17 14
17 28
18 27
18 33
19 1
19 17
20 0
20 5
21 7
21 22
22 3
22 12
23 9
23 32
24 3
24 23
25 29
25 31
26 4
26 21
27 15
27 31
28 16
28 20
29 8
29 26
30 22
30 24
31 6
31 8
32 10
32 19
33 15
33 20

# solution 19
# n=34 sym=rot4 status=verified source=flammenkamp_cache/n34_rot4
# code=o5JABLM6QFHRX5U3FDN9O8W2W2KCP0GQT4JET47HX8LDV1V1P9OAKIU3S06GI7RBCMNES
0 5
0 19
1 10
1 11
2 21
2 22
3 6
3 26
4 15
4 17
5 27
5 33
6 5
6 30
7 3
7 15
8 13
8 23
9 9
9 24
10 8
10 32
11 2
11 32
12 2
12 20
13 12
13 25
14 0
14 16
15 26
15 29
16 4
16 19
17 14
17 29
18 4
18 7
19 17
19 33
20 8
20 21
21 13
21 31
22 1
22 31
23 1
23 25
24 9
24 24
25 10
25 20
26 18
26 30
27 3
27 28
28 0
28 6
29 16
29 18
30 7
30 27
31 11
31 12
32 22
32 23
33 14
33 28

# solution 20
# n=34 sym=rot4 status=verified source=flammenkamp_cache/n34_rot4
# code=oAICOCDHMPS4QBF5K491PJX3RVW7VAG0R3JEU6XHN2Q126U0E8WOTDSIM7T58BGKL9LFN
0 10
0 18
1 12
1 24
2 12
2 13
3 17
3 22
4 25
4 28
5 4
5 26
6 11
6 15
7 5
7 20
8 4
8 9
9 1
9 25
10 19
10 33
11 3
11 27
12 31
12 32
13 7
13 31
14 10
14 16
15 0
15 27
16 3
16 19
17 14
17 30
18 6
18 33
19 17
19 23
20 2
20 26
21 1
21 2
22 6
22 30
23 0
23 14
24 8
24 32
25 24
25 29
26 13
26 28
27 18
27 22
28 7
28 29
29 5
29 8
30 11
30 16
31 20
31 21
32 9
32 21
33 15
33 23

# solution 21
# n=34 sym=rot4 status=verified source=flammenkamp_cache/n34_rot4
# code=o9LDH36DVAMILJV89MQQXIT4805UW6G5A1JEWNSHR13SXPT4F077BOP2ECFBN2KRUGKCO
0 9
0 21
1 13
1 17
2 3
2 6
3 13
3 31
4 10
4 22
5 18
5 21
6 19
6 31
7 8
7 9
8 22
8 26
9 26
9 33
10 18
10 29
11 4
11 8
12 0
12 5
13 30
13 32
14 6
14 16
15 5
15 10
16 1
16 19
17 14
17 32
18 23
18 28
19 17
19 27
20 1
20 3
21 28
21 33
22 25
22 29
23 4
23 15
24 0
24 7
25 7
25 11
26 24
26 25
27 2
27 14
28 12
28 15
29 11
29 23
30 2
30 20
31 27
31 30
32 16
32 20
33 12
33 24

# solution 22
# n=34 sym=rot4 status=verified source=flammenkamp_cache/n34_rot4
# code=o7TCGFM9D05JTNPDX6FLU6B2N9WQU5GPVJW1E28HS371OAVMR3CIR0K8A4ESXKOBIHL4Q
0 7
0 29
1 12
1 16
2 15
2 22
3 9
3 13
4 0
4 5
5 19
5 29
6 23
6 25
7 13
7 33
8 6
8 15
9 21
9 30
10 6
10 11
11 2
11 23
12 9
12 32
13 26
13 30
14 5
14 16
15 25
15 31
16 19
16 32
17 1
17 14
18 2
18 8
19 17
19 28
20 3
20 7
21 1
21 24
22 10
22 31
23 22
23 27
24 3
24 12
25 18
25 27
26 0
26 20
27 8
27 10
28 4
28 14
29 28
29 33
30 20
30 24
31 11
31 18
32 17
32 21
33 4
33 26

# solution 23
# n=34 sym=rot4 status=verified source=flammenkamp_cache/n34_rot4
# code=o69GLKRIN78BC2X8TQTEX3MAS1S2IGO3DJW1EKU9HFV5W5NBU0J474P0VLMPQAF6DCHOR
0 6
0 9
1 16
1 21
2 20
2 27
3 18
3 23
4 7
4 8
5 11
5 12
6 2
6 33
7 8
7 29
8 26
8 29
9 14
9 33
10 3
10 22
11 10
11 28
12 1
12 28
13 2
13 18
14 16
14 24
15 3
15 13
16 19
16 32
17 1
17 14
18 20
18 30
19 9
19 17
20 15
20 31
21 5
21 32
22 5
22 23
23 11
23 30
24 0
24 19
25 4
25 7
26 4
26 25
27 0
27 31
28 21
28 22
29 25
29 26
30 10
30 15
31 6
31 13
32 12
32 17
33 24
33 27

# solution 24
# n=34 sym=rot4 status=verified source=flammenkamp_cache/n34_rot4
# code=oFG8DLNNQ59ITLM38QWDT236E26OWGM5XJX0E0SBH19RVJRUV4K17PUBC4FOS7AACKPHI
0 15
0 16
1 8
1 13
2 21
2 23
3 23
3 26
4 5
4 9
5 18
5 29
6 21
6 22
7 3
7 8
8 26
8 32
9 13
9 29
10 2
10 3
11 6
11 14
12 2
12 6
13 24
13 32
14 16
14 22
15 5
15 33
16 19
16 33
17 0
17 14
18 0
18 28
19 11
19 17
20 1
20 9
21 27
21 31
22 19
22 27
23 30
23 31
24 4
24 20
25 1
25 7
26 25
26 30
27 11
27 12
28 4
28 15
29 24
29 28
30 7
30 10
31 10
31 12
32 20
32 25
33 17
33 18

# solution 25
# n=34 sym=rot4 status=verified source=flammenkamp_cache/n34_rot4
# code=oCGKL9P59EMAU7MIR2AUVPS461X1HFT7JDX0KEQ4IGW0WRT5823NV6FBQ3NBJOS8OCDHL
0 12
0 16
1 20
1 21
2 9
2 25
3 5
3 9
4 14
4 22
5 10
5 30
6 7
6 22
7 18
7 27
8 2
8 10
9 30
9 31
10 25
10 28
11 4
11 6
12 1
12 33
13 1
13 17
14 15
14 29
15 7
15 19
16 13
16 33
17 0
17 20
18 14
18 26
19 4
19 18
20 16
20 32
21 0
21 32
22 27
22 29
23 5
23 8
24 2
24 3
25 23
25 31
26 6
26 15
27 11
27 26
28 3
28 23
29 11
29 19
30 24
30 28
31 8
31 24
32 12
32 13
33 17
33 21

# solution 26
# n=34 sym=rot4 status=verified source=flammenkamp_cache/n34_rot4
# code=oCJKSAMJNIL1R59OP7F7R3V2G4X1G034PKMBD8TUXHW0THV2U6QIQ89OS6WCFAEBN5DEL
0 12
0 19
1 20
1 28
2 10
2 22
3 19
3 23
4 18
4 21
5 1
5 27
6 5
6 9
7 24
7 25
8 7
8 15
9 7
9 27
10 3
10 31
11 2
11 16
12 4
12 33
13 1
13 16
14 0
14 3
15 4
15 25
16 20
16 22
17 11
17 13
18 8
18 29
19 30
19 33
20 17
20 32
21 0
21 29
22 17
22 31
23 2
23 30
24 6
24 26
25 18
25 26
26 8
26 9
27 24
27 28
28 6
28 32
29 12
29 15
30 10
30 14
31 11
31 23
32 5
32 13
33 14
33 21

# solution 27
# n=34 sym=rot4 status=verified source=flammenkamp_cache/n34_rot4
# code=oCLFJ7B5PMROU4EFV395PGK4V0XAG1RQWKNAD176WHN0X2TDH8SOU2IJT396B8SMQEICL
0 12
0 21
1 15
1 19
2 7
2 11
3 5
3 25
4 22
4 27
5 24
5 30
6 4
6 14
7 15
7 31
8 3
8 9
9 5
9 25
10 16
10 20
11 4
11 31
12 0
12 33
13 10
13 16
14 1
14 27
15 26
15 32
16 20
16 23
17 10
17 13
18 1
18 7
19 6
19 32
20 17
20 23
21 0
21 33
22 2
22 29
23 13
23 17
24 8
24 28
25 24
25 30
26 2
26 18
27 19
27 29
28 3
28 9
29 6
29 11
30 8
30 28
31 22
31 26
32 14
32 18
33 12
33 21

# solution 28
# n=34 sym=rot4 status=verified source=flammenkamp_cache/n34_rot4
# code=o15MXEPFOFLCX8EHN2R3A7O1K4SBGRVTU7KDQ3426HM5TDW9QNU6VAGJP0LCI9I8J0BSW
0 1
0 5
1 22
1 33
2 14
2 25
3 15
3 24
4 15
4 21
5 12
5 33
6 8
6 14
7 17
7 23
8 2
8 27
9 3
9 10
10 7
10 24
11 1
11 20
12 4
12 28
13 11
13 16
14 27
14 31
15 29
15 30
16 7
16 20
17 13
17 26
18 3
18 4
19 2
19 6
20 17
20 22
21 5
21 29
22 13
22 32
23 9
23 26
24 23
24 30
25 6
25 31
26 10
26 16
27 19
27 25
28 0
28 21
29 12
29 18
30 9
30 18
31 8
31 19
32 0
32 11
33 28
33 32

# solution 29
# n=34 sym=rot4 status=verified source=flammenkamp_cache/n34_rot4
# code=o8TIODIAP05ET6RGJ3X1BLUCOAMGV7S12KQ7DVW5Q2HBN9L3CMW0UEH6R4JSX8NFK9F4P
0 8
0 29
1 18
1 24
2 13
2 18
3 10
3 25
4 0
4 5
5 14
5 29
6 6
6 27
7 16
7 19
8 3
8 33
9 1
9 11
10 21
10 30
11 12
11 24
12 10
12 22
13 16
13 31
14 7
14 28
15 1
15 2
16 20
16 26
17 7
17 13
18 31
18 32
19 5
19 26
20 2
20 17
21 11
21 23
22 9
22 21
23 3
23 12
24 22
24 32
25 0
25 30
26 14
26 17
27 6
27 27
28 4
28 19
29 28
29 33
30 8
30 23
31 15
31 20
32 9
32 15
33 4
33 25

# solution 30
# n=34 sym=rot4 status=verified source=flammenkamp_cache/n34_rot4
# code=oIJ9Q9I6CNPEQHU154KVW4BCNMU8G0S026KDRVX5XHP3BALMT12DTSW3G7J8ALRFO7OEF
0 18
0 19
1 9
1 26
2 9
2 18
3 6
3 12
4 23
4 25
5 14
5 26
6 17
6 30
7 1
7 5
8 4
8 20
9 31
9 32
10 4
10 11
11 12
11 23
12 22
12 30
13 8
13 16
14 0
14 28
15 0
15 2
16 6
16 20
17 13
17 27
18 31
18 33
19 5
19 33
20 17
20 25
21 3
21 11
22 10
22 21
23 22
23 29
24 1
24 2
25 13
25 29
26 28
26 32
27 3
27 16
28 7
28 19
29 8
29 10
30 21
30 27
31 15
31 24
32 7
32 24
33 14
33 15

# solution 31
# n=34 sym=rot4 status=verified source=flammenkamp_cache/n34_rot4
# code=o5PFMAK7F7BLXGLTU0O8N9V1T562GEJUWKR6D13EJHVRS4W2OAP9X34CH0CMQIQDNBI8S
0 5
0 25
1 15
1 22
2 10
2 20
3 7
3 15
4 7
4 11
5 21
5 33
6 16
6 21
7 29
7 30
8 0
8 24
9 8
9 23
10 9
10 31
11 1
11 29
12 5
12 6
13 2
13 16
14 14
14 19
15 30
15 32
16 20
16 27
17 6
17 13
18 1
18 3
19 14
19 19
20 17
20 31
21 27
21 28
22 4
22 32
23 2
23 24
24 10
24 25
25 9
25 33
26 3
26 4
27 12
27 17
28 0
28 12
29 22
29 26
30 18
30 26
31 13
31 23
32 11
32 18
33 8
33 28

# solution 32
# n=34 sym=rot4 status=verified source=flammenkamp_cache/n34_rot4
# code=o9JMR8AFN6CHI1T7QMVDX3V18ETGO0L5U5KDS3SCX9H4JPW2U0K2B7Q4WFGLRAINP6BEO
0 9
0 19
1 22
1 27
2 8
2 10
3 15
3 23
4 6
4 12
5 17
5 18
6 1
6 29
7 7
7 26
8 22
8 31
9 13
9 33
10 3
10 31
11 1
11 8
12 14
12 29
13 16
13 24
14 0
14 21
15 5
15 30
16 5
16 20
17 13
17 28
18 3
18 28
19 12
19 33
20 9
20 17
21 4
21 19
22 25
22 32
23 2
23 30
24 0
24 20
25 2
25 11
26 7
26 26
27 4
27 32
28 15
28 16
29 21
29 27
30 10
30 18
31 23
31 25
32 6
32 11
33 14
33 24

# solution 33
# n=34 sym=rot4 status=verified source=flammenkamp_cache/n34_rot4
# code=oILLM9I8T3JGN8A7QRUMV5R1901GJ4D02KS5DVXKTEHWXOW6S2B367QNPAHEU4PFOBCCF
0 18
0 21
1 21
1 22
2 9
2 18
3 8
3 29
4 3
4 19
5 16
5 23
6 8
6 10
7 7
7 26
8 27
8 30
9 22
9 31
10 5
10 27
11 1
11 9
12 0
12 1
13 16
13 19
14 4
14 13
15 0
15 2
16 20
16 28
17 5
17 13
18 31
18 33
19 20
19 29
20 14
20 17
21 32
21 33
22 24
22 32
23 6
23 28
24 2
24 11
25 3
25 6
26 7
26 26
27 23
27 25
28 10
28 17
29 14
29 30
30 4
30 25
31 15
31 24
32 11
32 12
33 12
33 15

# solution 34
# n=34 sym=rot4 status=verified source=flammenkamp_cache/n34_rot4
# code=oAJ8RFM57GMAU1LIUJW9OSX246DGL087VKT4D2QPXCHKRTV059O1E3FCW3NBHQSBI6PEN
0 10
0 19
1 8
1 27
2 15
2 22
3 5
3 7
4 16
4 22
5 10
5 30
6 1
6 21
7 18
7 30
8 19
8 32
9 9
9 24
10 28
10 33
11 2
11 4
12 6
12 13
13 16
13 21
14 0
14 8
15 7
15 31
16 20
16 29
17 4
17 13
18 2
18 26
19 25
19 33
20 12
20 17
21 20
21 27
22 29
22 31
23 0
23 5
24 9
24 24
25 1
25 14
26 3
26 15
27 12
27 32
28 3
28 23
29 11
29 17
30 26
30 28
31 11
31 18
32 6
32 25
33 14
33 23

# solution 35
# n=34 sym=rot4 status=verified source=flammenkamp_cache/n34_rot4
# code=oDI5NJP4GRUPW4BIO257E1BNRCLGX2O07KU3DQX9V0HCL6AMWJQSV9FMT1836HT8EASFK
0 13
0 18
1 5
1 23
2 19
2 25
3 4
3 16
4 27
4 30
5 25
5 32
6 4
6 11
7 18
7 24
8 2
8 5
9 7
9 14
10 1
10 11
11 23
11 27
12 12
12 21
13 16
13 33
14 2
14 24
15 0
15 7
16 20
16 30
17 3
17 13
18 26
18 33
19 9
19 31
20 0
20 17
21 12
21 21
22 6
22 10
23 22
23 32
24 19
24 26
25 28
25 31
26 9
26 15
27 22
27 29
28 1
28 8
29 3
29 6
30 17
30 29
31 8
31 14
32 10
32 28
33 15
33 20

# solution 36
# n=34 sym=rot4 status=verified source=flammenkamp_cache/n34_rot4
# code=o9LBKFHBQOS4A7J3RFN4X8SUW0E1G6LPV2KDV28CRHWJX135P0TAI6UEQNT597MGIDMCO
0 9
0 21
1 11
1 20
2 15
2 17
3 11
3 26
4 24
4 28
5 4
5 10
6 7
6 19
7 3
7 27
8 15
8 23
9 4
9 33
10 8
10 28
11 30
11 32
12 0
12 14
13 1
13 16
14 6
14 21
15 25
15 31
16 2
16 20
17 13
17 31
18 2
18 8
19 12
19 27
20 17
20 32
21 19
21 33
22 1
22 3
23 5
23 25
24 0
24 29
25 10
25 18
26 6
26 30
27 14
27 26
28 23
28 29
29 5
29 9
30 7
30 22
31 16
31 18
32 13
32 22
33 12
33 24

# solution 37
# n=34 sym=rot4 status=verified source=flammenkamp_cache/n34_rot4
# code=o6O9JHPBT3F7NIXES2C0W5KCUMPAG1Q6T2KDV4R7WHN8B3LDS1XLV5J0FAQIU4M8GEO9R
0 6
0 24
1 9
1 19
2 17
2 25
3 11
3 29
4 3
4 15
5 7
5 23
6 18
6 33
7 14
7 28
8 2
8 12
9 0
9 32
10 5
10 20
11 12
11 30
12 22
12 25
13 10
13 16
14 1
14 26
15 6
15 29
16 2
16 20
17 13
17 31
18 4
18 27
19 7
19 32
20 17
20 23
21 8
21 11
22 3
22 21
23 13
23 28
24 1
24 33
25 21
25 31
26 5
26 19
27 0
27 15
28 10
28 26
29 18
29 30
30 4
30 22
31 8
31 16
32 14
32 24
33 9
33 27

# solution 38
# n=34 sym=rot4 status=verified source=flammenkamp_cache/n34_rot4
# code=oLUGJMO075AJT8BOUFR27IT2R0DGL15APKW1D8NSWCHKX6V4FQV6I39MP4ENSQX9BEH3C
0 21
0 30
1 16
1 19
2 22
2 24
3 0
3 7
4 5
4 10
5 19
5 29
6 8
6 11
7 24
7 30
8 15
8 27
9 2
9 7
10 18
10 29
11 2
11 27
12 0
12 13
13 16
13 21
14 1
14 5
15 10
15 25
16 20
16 32
17 1
17 13
18 8
18 23
19 28
19 32
20 12
20 17
21 20
21 33
22 6
22 31
23 4
23 15
24 26
24 31
25 6
25 18
26 3
26 9
27 22
27 25
28 4
28 14
29 23
29 28
30 26
30 33
31 9
31 11
32 14
32 17
33 3
33 12

# solution 39
# n=34 sym=rot4 status=verified source=flammenkamp_cache/n34_rot4
# code=oFHDEMQBT36JPLT2O5L7AIO2U68GW5WAX0KDX0N1S1HPR3V9FNQCS9V4C8ERU4M7BJKGI
0 15
0 17
1 13
1 14
2 22
2 26
3 11
3 29
4 3
4 6
5 19
5 25
6 21
6 29
7 2
7 24
8 5
8 21
9 7
9 10
10 18
10 24
11 2
11 30
12 6
12 8
13 16
13 32
14 5
14 32
15 10
15 33
16 0
16 20
17 13
17 33
18 0
18 23
19 1
19 28
20 1
20 17
21 25
21 27
22 3
22 31
23 9
23 15
24 23
24 26
25 12
25 28
26 9
26 31
27 4
27 12
28 8
28 14
29 27
29 30
30 4
30 22
31 7
31 11
32 19
32 20
33 16
33 18

# solution 40
# n=34 sym=rot4 status=verified source=flammenkamp_cache/n34_rot4
# code=oHKCJ9P9B5RET4PAC26UVIQIUQW0G1SAB0KDXMN5WHX173F7F23RVLN8T4J6SMO8OELDG
0 17
0 20
1 12
1 19
2 9
2 25
3 9
3 11
4 5
4 27
5 14
5 29
6 4
6 25
7 10
7 12
8 2
8 6
9 30
9 31
10 18
10 26
11 18
11 30
12 26
12 32
13 0
13 16
14 1
14 28
15 10
15 11
16 0
16 20
17 13
17 33
18 22
18 23
19 5
19 32
20 17
20 33
21 1
21 7
22 3
22 15
23 7
23 15
24 2
24 3
25 27
25 31
26 21
26 23
27 8
27 29
28 4
28 19
29 6
29 28
30 22
30 24
31 8
31 24
32 14
32 21
33 13
33 16

# solution 41
# n=34 sym=rot4 status=verified source=flammenkamp_cache/n34_rot4
# code=oHICK9AEFOP6NJS7Q4M4V5V8CMW1G6U0U0KDX3X3RHW1BLP2S2TBT7Q5EAR89IJNODLFG
0 17
0 18
1 12
1 20
2 9
2 10
3 14
3 15
4 24
4 25
5 6
5 23
6 19
6 28
7 7
7 26
8 4
8 22
9 4
9 31
10 5
10 31
11 8
11 12
12 22
12 32
13 1
13 16
14 6
14 30
15 0
15 30
16 0
16 20
17 13
17 33
18 3
18 33
19 3
19 27
20 17
20 32
21 1
21 11
22 21
22 25
23 2
23 28
24 2
24 29
25 11
25 29
26 7
26 26
27 5
27 14
28 10
28 27
29 8
29 9
30 18
30 19
31 23
31 24
32 13
32 21
33 15
33 16

# solution 42
# n=34 sym=rot4 status=verified source=flammenkamp_cache/n34_rot4
# code=o9HLR69IMAMEI1VLP7AVXPT3417EGKS350KDXSU5DHJQWTU4802NQ8C2WFJBNBFOR6CGO
0 9
0 17
1 21
1 27
2 6
2 9
3 18
3 22
4 10
4 22
5 14
5 18
6 1
6 31
7 21
7 25
8 7
8 10
9 31
9 33
10 25
10 29
11 3
11 4
12 1
12 7
13 14
13 16
14 20
14 28
15 3
15 5
16 0
16 20
17 13
17 33
18 28
18 30
19 5
19 13
20 17
20 19
21 26
21 32
22 29
22 30
23 4
23 8
24 0
24 2
25 23
25 26
26 8
26 12
27 2
27 32
28 15
28 19
29 11
29 23
30 11
30 15
31 24
31 27
32 6
32 12
33 16
33 24

# solution 43
# n=34 sym=rot4 status=verified source=flammenkamp_cache/n34_rot4
# code=oDJALASBF8M26OSHJ9T6PVW4U1HFX07KU7CLQ3DQX0IGW3T128R4OEG59RVBPIM5NCNEK
0 13
0 19
1 10
1 21
2 10
2 28
3 11
3 15
4 8
4 22
5 2
5 6
6 24
6 28
7 17
7 19
8 9
8 29
9 6
9 25
10 31
10 32
11 4
11 30
12 1
12 17
13 15
13 33
14 0
14 7
15 20
15 30
16 7
16 12
17 21
17 26
18 3
18 13
19 26
19 33
20 0
20 18
21 16
21 32
22 3
22 29
23 1
23 2
24 8
24 27
25 4
25 24
26 14
26 16
27 5
27 9
28 27
28 31
29 11
29 25
30 18
30 22
31 5
31 23
32 12
32 23
33 14
33 20

# solution 44
# n=34 sym=rot4 status=verified source=flammenkamp_cache/n34_rot4
# code=oELDQFNAQBOIR5O13EH462UKT0GBWPX5V8LCP2S081MHX4D3VRTGJUW9S6F9M7NAI7KCJ
0 14
0 21
1 13
1 26
2 15
2 23
3 10
3 26
4 11
4 24
5 18
5 27
6 5
6 24
7 1
7 3
8 14
8 17
9 4
9 6
10 2
10 30
11 20
11 29
12 0
12 16
13 11
13 32
14 25
14 33
15 5
15 31
16 8
16 21
17 12
17 25
18 2
18 28
19 0
19 8
20 1
20 22
21 17
21 33
22 4
22 13
23 3
23 31
24 27
24 29
25 16
25 19
26 30
26 32
27 9
27 28
28 6
28 15
29 9
29 22
30 7
30 23
31 10
31 18
32 7
32 20
33 12
33 19

# solution 45
# n=34 sym=rot4 status=verified source=flammenkamp_cache/n34_rot4
# code=o9NFMEKAT3QCR594MGJRX0U17GS2F8VKWLP8C1D2PIV5HQW3X06EHBTOS6L7U4NDJBIAO
0 9
0 23
1 15
1 22
2 14
2 20
3 10
3 29
4 3
4 26
5 12
5 27
6 5
6 9
7 4
7 22
8 16
8 19
9 27
9 33
10 0
10 30
11 1
11 7
12 16
12 28
13 2
13 15
14 8
14 31
15 20
15 32
16 21
16 25
17 8
17 12
18 1
18 13
19 2
19 25
20 18
20 31
21 5
21 17
22 26
22 32
23 3
23 33
24 0
24 6
25 14
25 17
26 11
26 29
27 24
27 28
28 6
28 21
29 7
29 30
30 4
30 23
31 13
31 19
32 11
32 18
33 10
33 24

# solution 46
# n=34 sym=rot4 status=verified source=flammenkamp_cache/n34_rot4
# code=oFK4PAC69JWBJ7U9R1GQUBVNSGV0F45KXLP8C0DSTIX2H5A2M37HW6O3QEM1EORLN8TDI
0 15
0 20
1 4
1 25
2 10
2 12
3 6
3 9
4 19
4 32
5 11
5 19
6 7
6 30
7 9
7 27
8 1
8 16
9 26
9 30
10 11
10 31
11 23
11 28
12 16
12 31
13 0
13 15
14 4
14 5
15 20
15 33
16 21
16 25
17 8
17 12
18 0
18 13
19 28
19 29
20 18
20 33
21 2
21 17
22 5
22 10
23 2
23 22
24 3
24 7
25 17
25 32
26 6
26 24
27 3
27 26
28 14
28 22
29 1
29 14
30 24
30 27
31 21
31 23
32 8
32 29
33 13
33 18

# solution 47
# n=34 sym=rot4 status=verified source=flammenkamp_cache/n34_rot4
# code=oEK9EAK9R4TPR35GL5FUWMVAI7G02WXBPLQ7C8M01VXHQFN2B13ISCHSU684T6ODNJODJ
0 14
0 20
1 9
1 14
2 10
2 20
3 9
3 27
4 4
4 29
5 25
5 27
6 3
6 5
7 16
7 21
8 5
8 15
9 30
9 32
10 22
10 31
11 10
11 18
12 7
12 16
13 0
13 2
14 32
14 33
15 11
15 25
16 21
16 26
17 7
17 12
18 8
18 22
19 0
19 1
20 31
20 33
21 17
21 26
22 15
22 23
23 2
23 11
24 1
24 3
25 18
25 28
26 12
26 17
27 28
27 30
28 6
28 8
29 4
29 29
30 6
30 24
31 13
31 23
32 19
32 24
33 13
33 19

# solution 48
# n=34 sym=rot4 status=verified source=flammenkamp_cache/n34_rot4
# code=oINDL9N6QBI6ESU3G9KPV02ET1G8WMS04LQ7CTX5B1PHW4JVX28DOHU35JRFM7RAOCKAF
0 18
0 23
1 13
1 21
2 9
2 23
3 6
3 26
4 11
4 18
5 6
5 14
6 28
6 30
7 3
7 16
8 9
8 20
9 25
9 31
10 0
10 2
11 14
11 29
12 1
12 16
13 8
13 32
14 22
14 28
15 0
15 4
16 21
16 26
17 7
17 12
18 29
18 33
19 5
19 11
20 1
20 25
21 17
21 32
22 4
22 19
23 31
23 33
24 2
24 8
25 13
25 24
26 17
26 30
27 3
27 5
28 19
28 27
29 15
29 22
30 7
30 27
31 10
31 24
32 12
32 20
33 10
33 15

# solution 49
# n=34 sym=rot4 status=verified source=flammenkamp_cache/n34_rot4
# code=oDI3OJNRW7AHJ3M8TIQ1D2T6LBGOX25085LCSPXSV09HMCR4VKW7F4PBUEGNQ16AE9UFK
0 13
0 18
1 3
1 24
2 19
2 23
3 27
3 32
4 7
4 10
5 17
5 19
6 3
6 22
7 8
7 29
8 18
8 26
9 1
9 13
10 2
10 29
11 6
11 21
12 11
12 16
13 24
13 33
14 2
14 5
15 0
15 8
16 5
16 21
17 12
17 28
18 25
18 33
19 28
19 31
20 0
20 9
21 17
21 22
22 12
22 27
23 4
23 31
24 20
24 32
25 7
25 15
26 4
26 25
27 11
27 30
28 14
28 16
29 23
29 26
30 1
30 6
31 10
31 14
32 9
32 30
33 15
33 20

# solution 50
# n=34 sym=rot4 status=verified source=flammenkamp_cache/n34_rot4
# code=oIMAO5PADHPFVLQ69241QUW0K6GBUEJ0S4LCT5XEJ3MHRDX137WTVOR7C2I8GKN8S9NBF
0 18
0 22
1 10
1 24
2 5
2 25
3 10
3 13
4 17
4 25
5 15
5 31
6 21
6 26
7 6
7 9
8 2
8 4
9 1
9 26
10 30
10 32
11 0
11 20
12 6
12 16
13 11
13 30
14 14
14 19
15 0
15 28
16 4
16 21
17 12
17 29
18 5
18 33
19 14
19 19
20 3
20 22
21 17
21 27
22 13
22 33
23 1
23 3
24 7
24 32
25 29
25 31
26 24
26 27
27 7
27 12
28 2
28 18
29 8
29 16
30 20
30 23
31 8
31 28
32 9
32 23
33 11
33 15

# solution 51
# n=34 sym=rot4 status=verified source=flammenkamp_cache/n34_rot4
# code=oBI7AKNDR5HOT3LEWIO582WEX6G2UMQ084LCTPX7B3VHR0J1VPS9F1JCU49GS6KADNQFM
0 11
0 18
1 7
1 10
2 20
2 23
3 13
3 27
4 5
4 17
5 24
5 29
6 3
6 21
7 14
7 32
8 18
8 24
9 5
9 8
10 2
10 32
11 14
11 33
12 6
12 16
13 2
13 30
14 22
14 26
15 0
15 8
16 4
16 21
17 12
17 29
18 25
18 33
19 7
19 11
20 3
20 31
21 17
21 27
22 0
22 19
23 1
23 31
24 25
24 28
25 9
25 15
26 1
26 19
27 12
27 30
28 4
28 9
29 16
29 28
30 6
30 20
31 10
31 13
32 23
32 26
33 15
33 22

# solution 52
# n=34 sym=rot4 status=verified source=flammenkamp_cache/n34_rot4
# code=o59AIHIEMENMX79PR7CRX4W35GPDKTU122LCVVW34DK8HSU1T06LQ68OQ0BAJBJFGFNOS
0 5
0 9
1 10
1 18
2 17
2 18
3 14
3 22
4 14
4 23
5 22
5 33
6 7
6 9
7 25
7 27
8 7
8 12
9 27
9 33
10 4
10 32
11 3
11 5
12 16
12 25
13 13
13 20
14 29
14 30
15 1
15 2
16 2
16 21
17 12
17 31
18 31
18 32
19 3
19 4
20 13
20 20
21 8
21 17
22 28
22 30
23 1
23 29
24 0
24 6
25 21
25 26
26 6
26 8
27 24
27 26
28 0
28 11
29 10
29 19
30 11
30 19
31 15
31 16
32 15
32 23
33 24
33 28

# solution 53
# n=34 sym=rot4 status=verified source=flammenkamp_cache/n34_rot4
# code=oFL3BGPNWMRFR45DN29KP374W0G9QEJSXLV2C05EJ7OHX1TQU8DOVAKST6I6B1A8HMUCI
0 15
0 21
1 3
1 11
2 16
2 25
3 23
3 32
4 22
4 27
5 15
5 27
6 4
6 5
7 13
7 23
8 2
8 9
9 20
9 25
10 3
10 7
11 4
11 32
12 0
12 16
13 9
13 26
14 14
14 19
15 28
15 33
16 21
16 31
17 2
17 12
18 0
18 5
19 14
19 19
20 7
20 24
21 17
21 33
22 1
22 29
23 26
23 30
24 8
24 13
25 24
25 31
26 10
26 20
27 28
27 29
28 6
28 18
29 6
29 11
30 1
30 10
31 8
31 17
32 22
32 30
33 12
33 18

# solution 54
# n=34 sym=rot4 status=verified source=flammenkamp_cache/n34_rot4
# code=oQRFGAJ3UAJIO070RKM5MTV89DG8L245WLW1C1STVCPHKOP24BSBD6XQX9FEN3UENHI67
0 26
0 27
1 15
1 16
2 10
2 19
3 3
3 30
4 10
4 19
5 18
5 24
6 0
6 7
7 0
7 27
8 20
8 22
9 5
9 22
10 29
10 31
11 8
11 9
12 13
12 16
13 8
13 21
14 2
14 4
15 5
15 32
16 21
16 32
17 1
17 12
18 1
18 28
19 29
19 31
20 12
20 25
21 17
21 20
22 24
22 25
23 2
23 4
24 11
24 28
25 11
25 13
26 6
26 33
27 26
27 33
28 9
28 15
29 14
29 23
30 3
30 30
31 14
31 23
32 17
32 18
33 6
33 7

# solution 55
# n=34 sym=rot4 status=verified source=flammenkamp_cache/n34_rot4
# code=o2EGNKX59CIPUEMBP57IU1D6QGT2NRX49LW1COT06AV4H7RKW3FQS8MBJ38FLOS0DAHJV
0 2
0 14
1 16
1 23
2 20
2 33
3 5
3 9
4 12
4 18
5 25
5 30
6 14
6 22
7 11
7 25
8 5
8 7
9 18
9 30
10 1
10 13
11 6
11 26
12 16
12 29
13 2
13 23
14 27
14 33
15 4
15 9
16 21
16 32
17 1
17 12
18 24
18 29
19 0
19 6
20 10
20 31
21 4
21 17
22 7
22 27
23 20
23 32
24 3
24 15
25 26
25 28
26 8
26 22
27 11
27 19
28 3
28 8
29 15
29 21
30 24
30 28
31 0
31 13
32 10
32 17
33 19
33 31

# solution 56
# n=34 sym=rot4 status=verified source=flammenkamp_cache/n34_rot4
# code=oCGNV196E8IBDOUJP7T6V1IDSGXMS7U4ALX0CNT3Q5B0H5KFW2R4Q8E39KMFPJROW2AHL
0 12
0 16
1 23
1 31
2 1
2 9
3 6
3 14
4 8
4 18
5 11
5 13
6 24
6 30
7 19
7 25
8 7
8 29
9 6
9 31
10 1
10 18
11 13
11 28
12 16
12 33
13 22
13 28
14 7
14 30
15 4
15 10
16 21
16 33
17 0
17 12
18 23
18 29
19 3
19 26
20 5
20 11
21 0
21 17
22 5
22 20
23 15
23 32
24 2
24 27
25 4
25 26
26 8
26 14
27 3
27 9
28 20
28 22
29 15
29 25
30 19
30 27
31 24
31 32
32 2
32 10
33 17
33 21

# solution 57
# n=34 sym=rot4 status=verified source=flammenkamp_cache/n34_rot4
# code=o9GIMFPLNMQ7R584S2RDX3K143GAOEJ1VLX0C2WEJ9NHUTWDU0K6V5TPS6Q7BAC8IBFHO
0 9
0 16
1 18
1 22
2 15
2 25
3 21
3 23
4 22
4 26
5 7
5 27
6 5
6 8
7 4
7 28
8 2
8 27
9 13
9 33
10 3
10 20
11 1
11 4
12 3
12 16
13 10
13 24
14 14
14 19
15 1
15 31
16 21
16 33
17 0
17 12
18 2
18 32
19 14
19 19
20 9
20 23
21 17
21 30
22 29
22 32
23 13
23 30
24 0
24 20
25 6
25 31
26 5
26 29
27 25
27 28
28 6
28 26
29 7
29 11
30 10
30 12
31 8
31 18
32 11
32 15
33 17
33 24

# solution 58
# n=34 sym=rot4 status=verified source=flammenkamp_cache/n34_rot4
# code=oAKIJAL675BHTPUFU6K9OVXHT2E081L1Q5BMS7WCWPXJV4G029ODR3I384GMSQRCNEFDN
0 10
0 20
1 18
1 19
2 10
2 21
3 6
3 7
4 5
4 11
5 17
5 29
6 25
6 30
7 15
7 30
8 6
8 20
9 9
9 24
10 31
10 33
11 17
11 29
12 2
12 14
13 0
13 8
14 1
14 21
15 1
15 26
16 5
16 11
17 22
17 28
18 7
18 32
19 12
19 32
20 25
20 33
21 19
21 31
22 4
22 16
23 0
23 2
24 9
24 24
25 13
25 27
26 3
26 18
27 3
27 8
28 4
28 16
29 22
29 28
30 26
30 27
31 12
31 23
32 14
32 15
33 13
33 23

# solution 59
# n=34 sym=rot4 status=verified source=flammenkamp_cache/n34_rot4
# code=oELPS7BKSAF13EF9V1LGQDTGV083NRXRTMO9B4606AUPX2H4K7HCW2OIJUWIN5DMQ58CJ
0 14
0 21
1 25
1 28
2 7
2 11
3 20
3 28
4 10
4 15
5 1
5 3
6 14
6 15
7 9
7 31
8 1
8 21
9 16
9 26
10 13
10 29
11 16
11 31
12 0
12 8
13 3
13 23
14 27
14 33
15 27
15 29
16 22
16 24
17 9
17 11
18 4
18 6
19 0
19 6
20 10
20 30
21 25
21 33
22 2
22 17
23 4
23 20
24 7
24 17
25 12
25 32
26 2
26 24
27 18
27 19
28 30
28 32
29 18
29 23
30 5
30 13
31 22
31 26
32 5
32 8
33 12
33 19

# solution 60
# n=34 sym=rot4 status=verified source=flammenkamp_cache/n34_rot4
# code=oADIN5I6QMPDVGU3C4E9O1X4GEQSXLP12MR6BVW8C057JHT0W9OJTLU3H2K8B7RFSAFKN
0 10
0 13
1 18
1 23
2 5
2 18
3 6
3 26
4 22
4 25
5 13
5 31
6 16
6 30
7 3
7 12
8 4
8 14
9 9
9 24
10 1
10 33
11 4
11 16
12 14
12 26
13 28
13 33
14 21
14 25
15 1
15 2
16 22
16 27
17 6
17 11
18 31
18 32
19 8
19 12
20 0
20 5
21 7
21 19
22 17
22 29
23 0
23 32
24 9
24 24
25 19
25 29
26 21
26 30
27 3
27 17
28 2
28 20
29 8
29 11
30 7
30 27
31 15
31 28
32 10
32 15
33 20
33 23

# solution 61
# n=34 sym=rot4 status=verified source=flammenkamp_cache/n34_rot4
# code=oDQ8A6LFOCS4OGV0FNW358WGK2TBXEJQUMR6B37EJ0M4VDH1PSU1AIX2H9T5L9ICRNP7K
0 13
0 26
1 8
1 10
2 6
2 21
3 15
3 24
4 12
4 28
5 4
5 24
6 16
6 31
7 0
7 15
8 23
8 32
9 3
9 5
10 8
10 32
11 16
11 20
12 2
12 29
13 11
13 33
14 14
14 19
15 26
15 30
16 22
16 27
17 6
17 11
18 3
18 7
19 14
19 19
20 0
20 22
21 4
21 31
22 13
22 17
23 1
23 25
24 28
24 30
25 1
25 10
26 18
26 33
27 2
27 17
28 9
28 29
29 5
29 21
30 9
30 18
31 12
31 27
32 23
32 25
33 7
33 20

# solution 62
# n=34 sym=rot4 status=verified source=flammenkamp_cache/n34_rot4
# code=oKRCNEG48KUIQ095J9UPR1CGINW047V5BMV2BMS2QTX1AFHLW683OESOX7F3DPTHJAL6D
0 20
0 27
1 12
1 23
2 14
2 16
3 4
3 8
4 20
4 30
5 18
5 26
6 0
6 9
7 5
7 19
8 9
8 30
9 25
9 27
10 1
10 12
11 16
11 18
12 23
12 32
13 0
13 4
14 7
14 31
15 5
15 11
16 22
16 31
17 2
17 11
18 22
18 28
19 2
19 26
20 29
20 33
21 1
21 10
22 15
22 17
23 21
23 32
24 6
24 8
25 3
25 24
26 14
26 28
27 24
27 33
28 7
28 15
29 3
29 13
30 25
30 29
31 17
31 19
32 10
32 21
33 6
33 13

# solution 63
# n=34 sym=rot4 status=verified source=flammenkamp_cache/n34_rot4
# code=oDJHI9BFQKR6A4S38JQLVCSGV9N4X081U1MBW3WPX0TAO2H5L2C7EPU5TNR6D7IMOFGEK
0 13
0 19
1 17
1 18
2 9
2 11
3 15
3 26
4 20
4 27
5 6
5 10
6 4
6 28
7 3
7 8
8 19
8 26
9 21
9 31
10 12
10 28
11 16
11 31
12 9
12 23
13 4
13 33
14 0
14 8
15 1
15 30
16 1
16 22
17 11
17 32
18 3
18 32
19 25
19 33
20 0
20 29
21 10
21 24
22 2
22 17
23 5
23 21
24 2
24 12
25 7
25 14
26 25
26 30
27 5
27 29
28 23
28 27
29 6
29 13
30 7
30 18
31 22
31 24
32 15
32 16
33 14
33 20

# solution 64
# n=34 sym=rot4 status=verified source=flammenkamp_cache/n34_rot4
# code=oJQHPBC6J6CAKTU081QAKOSGVTV5903FI1MBWFIUXOS242H59DN7WPX34DNLRERLM8G7E
0 19
0 26
1 17
1 25
2 11
2 12
3 6
3 19
4 6
4 12
5 10
5 20
6 29
6 30
7 0
7 8
8 1
8 26
9 10
9 20
10 24
10 28
11 16
11 31
12 29
12 31
13 5
13 9
14 0
14 3
15 15
15 18
16 1
16 22
17 11
17 32
18 15
18 18
19 30
19 33
20 24
20 28
21 2
21 4
22 2
22 17
23 5
23 9
24 13
24 23
25 7
25 32
26 25
26 33
27 3
27 4
28 13
28 23
29 21
29 27
30 14
30 27
31 21
31 22
32 8
32 16
33 7
33 14

# solution 65
# n=34 sym=rot4 status=verified source=flammenkamp_cache/n34_rot4
# code=oDL8GALRSAM3K3F89QWEQTV4G025XFOJRMW1B6E9I0SVXHT247J17OPIUDUBN56CNHPCK
0 13
0 21
1 8
1 16
2 10
2 21
3 27
3 28
4 10
4 22
5 3
5 20
6 3
6 15
7 8
7 9
8 26
8 32
9 14
9 26
10 29
10 31
11 4
11 16
12 0
12 2
13 5
13 33
14 15
14 24
15 19
15 27
16 22
16 32
17 1
17 11
18 6
18 14
19 9
19 18
20 0
20 28
21 31
21 33
22 17
22 29
23 2
23 4
24 7
24 19
25 1
25 7
26 24
26 25
27 18
27 30
28 13
28 30
29 11
29 23
30 5
30 6
31 12
31 23
32 17
32 25
33 12
33 20

# solution 66
# n=34 sym=rot4 status=verified source=flammenkamp_cache/n34_rot4
# code=o7NFGDL7OCK689SUXNS3R08GI2T4VEJBWMW1B1MEJ2T4VFHPX6U5A035OPRDL9QCKHIAQ
0 7
0 23
1 15
1 16
2 13
2 21
3 7
3 24
4 12
4 20
5 6
5 8
6 9
6 28
7 30
7 33
8 23
8 28
9 3
9 27
10 0
10 8
11 16
11 18
12 2
12 29
13 4
13 31
14 14
14 19
15 11
15 32
16 22
16 32
17 1
17 11
18 1
18 22
19 14
19 19
20 2
20 29
21 4
21 31
22 15
22 17
23 25
23 33
24 6
24 30
25 5
25 10
26 0
26 3
27 5
27 24
28 25
28 27
29 13
29 21
30 9
30 26
31 12
31 20
32 17
32 18
33 10
33 26

# solution 67
# n=34 sym=rot4 status=verified source=flammenkamp_cache/n34_rot4
# code=oHLCD8O7T3JFR5OFUAV26JPGK0WBW4AQS0MBX57NT1M1XDH8ERV2N3I9S6IEU4Q9PKLCG
0 17
0 21
1 12
1 13
2 8
2 24
3 7
3 29
4 3
4 19
5 15
5 27
6 5
6 24
7 15
7 30
8 10
8 31
9 2
9 6
10 19
10 25
11 16
11 20
12 0
12 32
13 11
13 32
14 4
14 10
15 26
15 28
16 0
16 22
17 11
17 33
18 5
18 7
19 23
19 29
20 1
20 22
21 1
21 33
22 13
22 17
23 8
23 14
24 27
24 31
25 2
25 23
26 3
26 18
27 9
27 28
28 6
28 18
29 14
29 30
30 4
30 26
31 9
31 25
32 20
32 21
33 12
33 16

# solution 68
# n=34 sym=rot4 status=verified source=flammenkamp_cache/n34_rot4
# code=oFJKLBQ566CNUTU2DMO8G5H8V1T1Q0FJXAO9N0EIX7W4W2PGSHP9BKV343ALRRS7MCDEI
0 15
0 19
1 20
1 21
2 11
2 26
3 5
3 6
4 6
4 12
5 23
5 30
6 29
6 30
7 2
7 13
8 22
8 24
9 8
9 16
10 5
10 17
11 8
11 31
12 1
12 29
13 1
13 26
14 0
14 15
15 19
15 33
16 10
16 24
17 9
17 23
18 0
18 14
19 18
19 33
20 7
20 32
21 4
21 32
22 2
22 25
23 16
23 28
24 17
24 25
25 9
25 11
26 20
26 31
27 3
27 4
28 3
28 10
29 21
29 27
30 27
30 28
31 7
31 22
32 12
32 13
33 14
33 18

# solution 69
# n=34 sym=rot4 status=verified source=flammenkamp_cache/n34_rot4
# code=oIJ9B5Q9JHRLV4A2ICKUWHRDW5P8M03074ANTQXUXBP8S1K6G13DLFVNT2C6GEO7SMOEF
0 18
0 19
1 9
1 11
2 5
2 26
3 9
3 19
4 17
4 27
5 21
5 31
6 4
6 10
7 2
7 18
8 12
8 20
9 30
9 32
10 17
10 27
11 13
11 32
12 5
12 25
13 8
13 22
14 0
14 3
15 0
15 7
16 4
16 10
17 23
17 29
18 26
18 33
19 30
19 33
20 11
20 25
21 8
21 28
22 1
22 20
23 6
23 16
24 1
24 3
25 13
25 21
26 15
26 31
27 23
27 29
28 2
28 12
29 6
29 16
30 14
30 24
31 7
31 28
32 22
32 24
33 14
33 15

# solution 70
# n=34 sym=rot4 status=verified source=flammenkamp_cache/n34_rot4
# code=o8DEGLSJO9C27AIMSFX3THR7D2TMX3W6PAW1N8R1U0B4VKQ6G4U0I5BFNQVLO9E5CHJKP
0 8
0 13
1 14
1 16
2 21
2 28
3 19
3 24
4 9
4 12
5 2
5 7
6 10
6 18
7 22
7 28
8 15
8 33
9 3
9 29
10 17
10 27
11 7
11 13
12 2
12 29
13 22
13 33
14 3
14 32
15 6
15 25
16 10
16 32
17 1
17 23
18 8
18 27
19 1
19 30
20 0
20 11
21 4
21 31
22 20
22 26
23 6
23 16
24 4
24 30
25 0
25 18
26 5
26 11
27 15
27 23
28 26
28 31
29 21
29 24
30 9
30 14
31 5
31 12
32 17
32 19
33 20
33 25

# solution 71
# n=34 sym=rot4 status=verified source=flammenkamp_cache/n34_rot4
# code=oHL8ADEMPDFIO7OLR3W56HW3E07TVMV5T0ANX4S2B24QXJU1GRS1U6C9Q9FIK8BJKNPCG
0 17
0 21
1 8
1 10
2 13
2 14
3 22
3 25
4 13
4 15
5 18
5 24
6 7
6 24
7 21
7 27
8 3
8 32
9 5
9 6
10 17
10 32
11 3
11 14
12 0
12 7
13 29
13 31
14 22
14 31
15 5
15 29
16 0
16 10
17 23
17 33
18 4
18 28
19 2
19 11
20 2
20 4
21 26
21 33
22 19
22 30
23 1
23 16
24 27
24 28
25 1
25 30
26 6
26 12
27 9
27 26
28 9
28 15
29 18
29 20
30 8
30 11
31 19
31 20
32 23
32 25
33 12
33 16

# solution 72
# n=34 sym=rot4 status=verified source=flammenkamp_cache/n34_rot4
# code=oGSCMAD5IJR0U49CKBO8RHV1PQW7V4F3JAX0NEUIT2Q178W2G6P9MDLOT3X6EFSKNBL5H
0 16
0 28
1 12
1 22
2 10
2 13
3 5
3 18
4 19
4 27
5 0
5 30
6 4
6 9
7 12
7 20
8 11
8 24
9 8
9 27
10 17
10 31
11 1
11 25
12 26
12 32
13 7
13 31
14 4
14 15
15 3
15 19
16 10
16 33
17 0
17 23
18 14
18 30
19 18
19 29
20 2
20 26
21 1
21 7
22 8
22 32
23 2
23 16
24 6
24 25
25 9
25 22
26 13
26 21
27 24
27 29
28 3
28 33
29 6
29 14
30 15
30 28
31 20
31 23
32 11
32 21
33 5
33 17

# solution 73
# n=34 sym=rot4 status=verified source=flammenkamp_cache/n34_rot4
# code=o8JKT6ICF1BKMQV6GCXJN9G5TPU15092UNQ7A3VOXSW384SHOAE0LHR27BDMWILFR4DEP
0 8
0 19
1 20
1 29
2 6
2 18
3 12
3 15
4 1
4 11
5 20
5 22
6 26
6 31
7 6
7 16
8 12
8 33
9 19
9 23
10 9
10 16
11 5
11 29
12 25
12 30
13 1
13 5
14 0
14 9
15 2
15 30
16 23
16 26
17 7
17 10
18 3
18 31
19 24
19 33
20 28
20 32
21 3
21 8
22 4
22 28
23 17
23 24
24 10
24 14
25 0
25 21
26 17
26 27
27 2
27 7
28 11
28 13
29 22
29 32
30 18
30 21
31 15
31 27
32 4
32 13
33 14
33 25

# solution 74
# n=34 sym=rot4 status=verified source=flammenkamp_cache/n34_rot4
# code=oCDMPHT5E2CPUIMDF15JN9G16TXQX9U6Q2NAV7R3O0704RWHOAESWIKBF38LVJS4G8BKL
0 12
0 13
1 22
1 25
2 17
2 29
3 5
3 14
4 2
4 12
5 25
5 30
6 18
6 22
7 13
7 15
8 1
8 5
9 19
9 23
10 9
10 16
11 1
11 6
12 29
12 33
13 26
13 33
14 9
14 30
15 6
15 26
16 2
16 23
17 10
17 31
18 7
18 27
19 3
19 24
20 0
20 7
21 0
21 4
22 27
22 32
23 17
23 24
24 10
24 14
25 28
25 32
26 18
26 20
27 11
27 15
28 3
28 8
29 21
29 31
30 19
30 28
31 4
31 16
32 8
32 11
33 20
33 21

# solution 75
# n=34 sym=rot4 status=verified source=flammenkamp_cache/n34_rot4
# code=oFQCK4FOQDVAMEH038P3HES5CMW1TNRVX69OR026A4W1BLS5JGU8PUXGJBN2K79ITDL7I
0 15
0 26
1 12
1 20
2 4
2 15
3 24
3 26
4 13
4 31
5 10
5 22
6 14
6 17
7 0
7 3
8 8
8 25
9 3
9 17
10 14
10 28
11 5
11 12
12 22
12 32
13 1
13 29
14 23
14 27
15 31
15 33
16 6
16 9
17 24
17 27
18 0
18 2
19 6
19 10
20 4
20 32
21 1
21 11
22 21
22 28
23 5
23 19
24 16
24 30
25 8
25 25
26 30
26 33
27 16
27 19
28 11
28 23
29 2
29 20
30 7
30 9
31 18
31 29
32 13
32 21
33 7
33 18

# solution 76
# n=34 sym=rot4 status=verified source=flammenkamp_cache/n34_rot4
# code=oES4FBIMRGW0N3C9P7JHQ5C3VNRDK8X2W9T4O1V0PDK6A2ULS7GEQ8OLUAX1H6BFMIT5J
0 14
0 28
1 4
1 15
2 11
2 18
3 22
3 27
4 16
4 32
5 0
5 23
6 3
6 12
7 9
7 25
8 7
8 19
9 17
9 26
10 5
10 12
11 3
11 31
12 23
12 27
13 13
13 20
14 8
14 33
15 2
15 32
16 9
16 29
17 4
17 24
18 1
18 31
19 0
19 25
20 13
20 20
21 6
21 10
22 2
22 30
23 21
23 28
24 7
24 16
25 14
25 26
26 8
26 24
27 21
27 30
28 10
28 33
29 1
29 17
30 6
30 11
31 15
31 22
32 18
32 29
33 5
33 19

# solution 77
# n=34 sym=rot4 status=verified source=flammenkamp_cache/n34_rot4
# code=oACCH6QOSDN36SV2IBF3H4XDPWXMTEJ7P19OW8QEJ4B018K0TGUIMFV25RUAK597RGLLN
0 10
0 12
1 12
1 17
2 6
2 26
3 24
3 28
4 13
4 23
5 3
5 6
6 28
6 31
7 2
7 18
8 11
8 15
9 3
9 17
10 4
10 33
11 13
11 25
12 32
12 33
13 22
13 29
14 14
14 19
15 7
15 25
16 1
16 9
17 24
17 32
18 8
18 26
19 14
19 19
20 4
20 11
21 0
21 1
22 8
22 20
23 0
23 29
24 16
24 30
25 18
25 22
26 15
26 31
27 2
27 5
28 27
28 30
29 10
29 20
30 5
30 9
31 7
31 27
32 16
32 21
33 21
33 23

# solution 78
# n=34 sym=rot4 status=verified source=flammenkamp_cache/n34_rot4
# code=oHJCQ4C8T3V7NIJ1SMUFH5B8NVWDK066O09OX9RRXDK12APMSGI3B5WEFAQ2U4PLT7LEG
0 17
0 19
1 12
1 26
2 4
2 12
3 8
3 29
4 3
4 31
5 7
5 23
6 18
6 19
7 1
7 28
8 22
8 30
9 15
9 17
10 5
10 11
11 8
11 23
12 31
12 32
13 13
13 20
14 0
14 6
15 6
15 24
16 0
16 9
17 24
17 33
18 9
18 27
19 27
19 33
20 13
20 20
21 1
21 2
22 10
22 25
23 22
23 28
24 16
24 18
25 3
25 11
26 5
26 32
27 14
27 15
28 10
28 26
29 2
29 30
30 4
30 25
31 21
31 29
32 7
32 21
33 14
33 16

# solution 79
# n=34 sym=rot4 status=verified source=flammenkamp_cache/n34_rot4
# code=oCHJMMS3UAE2K8ILP7RAHOT127X5F1T6K09OXDR4WIS0QVW49GN6Q8CFPDVJN3U5BBEGL
0 12
0 17
1 19
1 22
2 22
2 28
3 3
3 30
4 10
4 14
5 2
5 20
6 8
6 18
7 21
7 25
8 7
8 27
9 10
9 17
10 24
10 29
11 1
11 2
12 7
12 33
13 5
13 15
14 1
14 29
15 6
15 20
16 0
16 9
17 24
17 33
18 13
18 27
19 4
19 32
20 18
20 28
21 0
21 26
22 31
22 32
23 4
23 9
24 16
24 23
25 6
25 26
26 8
26 12
27 15
27 25
28 13
28 31
29 19
29 23
30 3
30 30
31 5
31 11
32 11
32 14
33 16
33 21

# solution 80
# n=34 sym=rot4 status=verified source=flammenkamp_cache/n34_rot4
# code=oAHCD8IIR58QT3N5CTVBH6XEOQWEWKM2309OXUVBD1J179J0RGM24LSAU47PS6FFPKLGN
0 10
0 17
1 12
1 13
2 8
2 18
3 18
3 27
4 5
4 8
5 26
5 29
6 3
6 23
7 5
7 12
8 29
8 31
9 11
9 17
10 6
10 33
11 14
11 24
12 26
12 32
13 14
13 32
14 20
14 22
15 2
15 3
16 0
16 9
17 24
17 33
18 30
18 31
19 11
19 13
20 1
20 19
21 1
21 7
22 9
22 19
23 0
23 27
24 16
24 22
25 2
25 4
26 21
26 28
27 10
27 30
28 4
28 7
29 25
29 28
30 6
30 15
31 15
31 25
32 20
32 21
33 16
33 23

# solution 81
# n=34 sym=rot4 status=verified source=flammenkamp_cache/n34_rot4
# code=oGJKM5D8OCRNV4CBNFU3H571QRT1V0FJP9X0O8EIX2W467WQSGU3IAMLT2A6L9PKSBDEH
0 16
0 19
1 20
1 22
2 5
2 13
3 8
3 24
4 12
4 27
5 23
5 31
6 4
6 12
7 11
7 23
8 15
8 30
9 3
9 17
10 5
10 7
11 1
11 26
12 27
12 29
13 1
13 31
14 0
14 15
15 19
15 25
16 9
16 33
17 0
17 24
18 8
18 14
19 18
19 33
20 2
20 32
21 4
21 6
22 7
22 32
23 26
23 28
24 16
24 30
25 3
25 18
26 10
26 22
27 21
27 29
28 2
28 10
29 6
29 21
30 9
30 25
31 20
31 28
32 11
32 13
33 14
33 17

# solution 82
# n=34 sym=rot4 status=verified source=flammenkamp_cache/n34_rot4
# code=oAGLQILIR58QT3N15DTBH6XEO12EPKM239X0OUVBD8JVW9J0RGM4KSWAU47PS6FCF7CHN
0 10
0 16
1 21
1 26
2 18
2 21
3 18
3 27
4 5
4 8
5 26
5 29
6 3
6 23
7 1
7 5
8 13
8 29
9 11
9 17
10 6
10 33
11 14
11 24
12 1
12 2
13 14
13 25
14 20
14 22
15 2
15 3
16 9
16 33
17 0
17 24
18 30
18 31
19 11
19 13
20 8
20 19
21 31
21 32
22 9
22 19
23 0
23 27
24 16
24 22
25 4
25 20
26 28
26 32
27 10
27 30
28 4
28 7
29 25
29 28
30 6
30 15
31 12
31 15
32 7
32 12
33 17
33 23

# solution 83
# n=34 sym=rot4 status=verified source=flammenkamp_cache/n34_rot4
# code=oBI8OIP5LNS4UHQ6C2W1G4DDX3QMNEJ026O9RVXEJAB7U0KKTHW1VLR7G3T5ACS8F9PFM
0 11
0 18
1 8
1 24
2 18
2 25
3 5
3 21
4 23
4 28
5 4
5 30
6 17
6 26
7 6
7 12
8 2
8 32
9 1
9 16
10 4
10 13
11 13
11 33
12 3
12 26
13 22
13 23
14 14
14 19
15 0
15 2
16 6
16 24
17 9
17 27
18 31
18 33
19 14
19 19
20 10
20 11
21 7
21 30
22 0
22 20
23 20
23 29
24 17
24 32
25 1
25 31
26 21
26 27
27 7
27 16
28 3
28 29
29 5
29 10
30 12
30 28
31 8
31 15
32 9
32 25
33 15
33 22

# solution 84
# n=34 sym=rot4 status=verified source=flammenkamp_cache/n34_rot4
# code=oEKBLPQIRKR9G342N2NGS78CW1M04FX3JOS59EU0ITXBW1LPQ5HAVAVTUHO6D6F78CMDJ
0 14
0 20
1 11
1 21
2 25
2 26
3 18
3 27
4 20
4 27
5 9
5 16
6 3
6 4
7 2
7 23
8 2
8 23
9 16
9 28
10 7
10 8
11 12
11 32
12 1
12 22
13 0
13 4
14 15
14 33
15 3
15 19
16 24
16 28
17 5
17 9
18 14
18 30
19 0
19 18
20 29
20 33
21 11
21 32
22 1
22 21
23 25
23 26
24 5
24 17
25 10
25 31
26 10
26 31
27 29
27 30
28 17
28 24
29 6
29 13
30 6
30 15
31 7
31 8
32 12
32 22
33 13
33 19

# solution 85
# n=34 sym=rot4 status=verified source=flammenkamp_cache/n34_rot4
# code=oCIAF5DDMGQLV7B4RJNEG8W3R5XUV8O0WOT491X9P230S6U1PHJAE6TMQ2C7HBKKSINFL
0 12
0 18
1 10
1 15
2 5
2 13
3 13
3 22
4 16
4 26
5 21
5 31
6 7
6 11
7 4
7 27
8 19
8 23
9 14
9 16
10 8
10 32
11 3
11 27
12 5
12 33
13 30
13 31
14 8
14 24
15 0
15 32
16 24
16 29
17 4
17 9
18 1
18 33
19 9
19 25
20 2
20 3
21 0
21 28
22 6
22 30
23 1
23 25
24 17
24 19
25 10
25 14
26 6
26 29
27 22
27 26
28 2
28 12
29 7
29 17
30 11
30 20
31 20
31 28
32 18
32 23
33 15
33 21

# solution 86
# n=34 sym=rot4 status=verified source=flammenkamp_cache/n34_rot4
# code=oFPBDLPGSFK37CONS026G7BNW2R4WEJTXOU3904EJ1T6V1AMQHRVX5A9LQUDI5H8CKM8I
0 15
0 25
1 11
1 13
2 21
2 25
3 16
3 28
4 15
4 20
5 3
5 7
6 12
6 24
7 23
7 28
8 0
8 2
9 6
9 16
10 7
10 11
11 23
11 32
12 2
12 27
13 4
13 32
14 14
14 19
15 29
15 33
16 24
16 30
17 3
17 9
18 0
18 4
19 14
19 19
20 1
20 29
21 6
21 31
22 1
22 10
23 22
23 26
24 17
24 27
25 31
25 33
26 5
26 10
27 9
27 21
28 26
28 30
29 13
29 18
30 5
30 17
31 8
31 12
32 20
32 22
33 8
33 18

# solution 87
# n=34 sym=rot4 status=verified source=flammenkamp_cache/n34_rot4
# code=oEF8E6MGT3D79LVASKWGSMQ2A6F8TWXLXOU390C014PIRNV7B5H1D5N2COQKU4HBRJPIJ
0 14
0 15
1 8
1 14
2 6
2 22
3 16
3 29
4 3
4 13
5 7
5 9
6 21
6 31
7 10
7 28
8 20
8 32
9 16
9 28
10 22
10 26
11 2
11 10
12 6
12 15
13 8
13 29
14 32
14 33
15 21
15 33
16 24
16 30
17 3
17 9
18 0
18 12
19 0
19 1
20 4
20 25
21 18
21 27
22 23
22 31
23 7
23 11
24 5
24 17
25 1
25 13
26 5
26 23
27 2
27 12
28 24
28 26
29 20
29 30
30 4
30 17
31 11
31 27
32 19
32 25
33 18
33 19

# solution 88
# n=34 sym=rot4 status=verified source=flammenkamp_cache/n34_rot4
# code=oHOBDFRKR4T7P23CS5J0GBCNWNQ3W8FJV0O9X2EIP1U7A1ALMHXES5LUV8Q4T6D6IKM9G
0 17
0 24
1 11
1 13
2 15
2 27
3 20
3 27
4 4
4 29
5 7
5 25
6 2
6 3
7 12
7 28
8 5
8 19
9 0
9 16
10 11
10 12
11 23
11 32
12 23
12 26
13 3
13 32
14 8
14 15
15 19
15 31
16 0
16 24
17 9
17 33
18 2
18 14
19 18
19 25
20 1
20 30
21 7
21 10
22 1
22 10
23 21
23 22
24 17
24 33
25 14
25 28
26 5
26 21
27 30
27 31
28 8
28 26
29 4
29 29
30 6
30 13
31 6
31 18
32 20
32 22
33 9
33 16

# solution 89
# n=34 sym=rot4 status=verified source=flammenkamp_cache/n34_rot4
# code=oBHIK4M8A8V7NEOKSTU6G5U2XCL17FR1J0O9XEW6IQWCL0V3SHR345D9JAQ2PNPBTDFGM
0 11
0 17
1 18
1 20
2 4
2 22
3 8
3 10
4 8
4 31
5 7
5 23
6 14
6 24
7 20
7 28
8 29
8 30
9 6
9 16
10 5
10 30
11 2
11 33
12 12
12 21
13 1
13 7
14 15
14 27
15 1
15 19
16 0
16 24
17 9
17 33
18 14
18 32
19 6
19 18
20 26
20 32
21 12
21 21
22 0
22 31
23 3
23 28
24 17
24 27
25 3
25 4
26 5
26 13
27 9
27 19
28 10
28 26
29 2
29 25
30 23
30 25
31 11
31 29
32 13
32 15
33 16
33 22

# solution 90
# n=34 sym=rot4 status=verified source=flammenkamp_cache/n34_rot4
# code=oFH47AM5JOWRU5DKWAB4GPV2PCL7R3FJX0O9X0EIU6QCL8V28HTMN1DKS3619ESBNQTGI
0 15
0 17
1 4
1 7
2 10
2 22
3 5
3 19
4 24
4 32
5 27
5 30
6 5
6 13
7 20
7 32
8 10
8 11
9 4
9 16
10 25
10 31
11 2
11 25
12 12
12 21
13 7
13 27
14 3
14 15
15 19
15 33
16 0
16 24
17 9
17 33
18 0
18 14
19 18
19 30
20 6
20 26
21 12
21 21
22 8
22 31
23 2
23 8
24 17
24 29
25 22
25 23
26 1
26 13
27 20
27 28
28 3
28 6
29 1
29 9
30 14
30 28
31 11
31 23
32 26
32 29
33 16
33 18

# solution 91
# n=34 sym=rot4 status=verified source=flammenkamp_cache/n34_rot4
# code=oEH9CLQ5E4T6UIS2KBNGW8DFP2W7NUX6M0O9XBR03AQ1V8IKP1HAMDV5F3R4TJS7CLOGJ
0 14
0 17
1 9
1 12
2 21
2 26
3 5
3 14
4 4
4 29
5 6
5 30
6 18
6 28
7 2
7 20
8 11
8 23
9 16
9 32
10 8
10 13
11 15
11 25
12 2
12 32
13 7
13 23
14 30
14 33
15 6
15 22
16 0
16 24
17 9
17 33
18 11
18 27
19 0
19 3
20 10
20 26
21 1
21 31
22 8
22 18
23 20
23 25
24 1
24 17
25 10
25 22
26 13
26 31
27 5
27 15
28 3
28 27
29 4
29 29
30 19
30 28
31 7
31 12
32 21
32 24
33 16
33 19

# solution 92
# n=34 sym=rot4 status=verified source=flammenkamp_cache/n34_rot4
# code=oHJ9CLQ5E4T6UIS2KBNGW8DFP2W7N0U6M0O9XBR3XAQ1V8IKP1HAMDV5F3R4TJS7CLOEG
0 17
0 19
1 9
1 12
2 21
2 26
3 5
3 14
4 4
4 29
5 6
5 30
6 18
6 28
7 2
7 20
8 11
8 23
9 16
9 32
10 8
10 13
11 15
11 25
12 2
12 32
13 7
13 23
14 0
14 30
15 6
15 22
16 0
16 24
17 9
17 33
18 11
18 27
19 3
19 33
20 10
20 26
21 1
21 31
22 8
22 18
23 20
23 25
24 1
24 17
25 10
25 22
26 13
26 31
27 5
27 15
28 3
28 27
29 4
29 29
30 19
30 28
31 7
31 12
32 21
32 24
33 14
33 16

# solution 93
# n=34 sym=rot4 status=verified source=flammenkamp_cache/n34_rot4
# code=oCFEI7SET3O2GNPBV6H4B6DOQDXLNUW1X8S5P0W13AC0K79KRMTGR2M8AHV9U4J5QFJIL
0 12
0 15
1 14
1 18
2 7
2 28
3 14
3 29
4 3
4 24
5 2
5 16
6 23
6 25
7 11
7 31
8 6
8 17
9 4
9 11
10 6
10 13
11 24
11 26
12 13
12 33
13 21
13 23
14 30
14 32
15 1
15 33
16 8
16 28
17 5
17 25
18 0
18 32
19 1
19 3
20 10
20 12
21 0
21 20
22 7
22 9
23 20
23 27
24 22
24 29
25 16
25 27
26 2
26 22
27 8
27 10
28 17
28 31
29 9
29 30
30 4
30 19
31 5
31 26
32 15
32 19
33 18
33 21

# solution 94
# n=34 sym=rot4 status=verified source=flammenkamp_cache/n34_rot4
# code=oCFEI7S4EOU2GNPBV6H4B6DOQDXLNUW1X8S5P0W13AC0K79KRMTGR2M8AHV39JT5QFJIL
0 12
0 15
1 14
1 18
2 7
2 28
3 4
3 14
4 24
4 30
5 2
5 16
6 23
6 25
7 11
7 31
8 6
8 17
9 4
9 11
10 6
10 13
11 24
11 26
12 13
12 33
13 21
13 23
14 30
14 32
15 1
15 33
16 8
16 28
17 5
17 25
18 0
18 32
19 1
19 3
20 10
20 12
21 0
21 20
22 7
22 9
23 20
23 27
24 22
24 29
25 16
25 27
26 2
26 22
27 8
27 10
28 17
28 31
29 3
29 9
30 19
30 29
31 5
31 26
32 15
32 19
33 18
33 21

# solution 95
# n=34 sym=rot4 status=verified source=flammenkamp_cache/n34_rot4
# code=o1EJXACHQ4TCM9I39DHQRKV5FSVAP1X6M38PUBR0W8N25IS2D67GKOUFOBL4T7GLN0EJW
0 1
0 14
1 19
1 33
2 10
2 12
3 17
3 26
4 4
4 29
5 12
5 22
6 9
6 18
7 3
7 9
8 13
8 17
9 26
9 27
10 20
10 31
11 5
11 15
12 28
12 31
13 10
13 25
14 1
14 33
15 6
15 22
16 3
16 8
17 25
17 30
18 11
18 27
19 0
19 32
20 8
20 23
21 2
21 5
22 18
22 28
23 2
23 13
24 6
24 7
25 16
25 20
26 24
26 30
27 15
27 24
28 11
28 21
29 4
29 29
30 7
30 16
31 21
31 23
32 0
32 14
33 19
33 32

# solution 96
# n=34 sym=rot4 status=verified source=flammenkamp_cache/n34_rot4
# code=oCTEM9RHK0RBN24AE9HPV5Q1SDX3LQWFI38PUFI17CU0K5W7S28GOJNTVAM6XDG6OBJ4L
0 12
0 29
1 14
1 22
2 9
2 27
3 17
3 20
4 0
4 27
5 11
5 23
6 2
6 4
7 10
7 14
8 9
8 17
9 25
9 31
10 5
10 26
11 1
11 28
12 13
12 33
13 3
13 21
14 26
14 32
15 15
15 18
16 3
16 8
17 25
17 30
18 15
18 18
19 1
19 7
20 12
20 30
21 0
21 20
22 5
22 32
23 7
23 28
24 2
24 8
25 16
25 24
26 19
26 23
27 29
27 31
28 10
28 22
29 6
29 33
30 13
30 16
31 6
31 24
32 11
32 19
33 4
33 21

# solution 97
# n=34 sym=rot4 status=verified source=flammenkamp_cache/n34_rot4
# code=oITAH4IDN0VMO6RCDHM5J3W58EQQU9L0218PWVXCO377JPS1UESBGKL6R9B2XAKFTGN4F
0 18
0 29
1 10
1 17
2 4
2 18
3 13
3 23
4 0
4 31
5 22
5 24
6 6
6 27
7 12
7 13
8 17
8 22
9 5
9 19
10 3
10 32
11 5
11 8
12 14
12 26
13 26
13 30
14 9
14 21
15 0
15 2
16 1
16 8
17 25
17 32
18 31
18 33
19 12
19 24
20 3
20 7
21 7
21 19
22 25
22 28
23 1
23 30
24 14
24 28
25 11
25 16
26 20
26 21
27 6
27 27
28 9
28 11
29 2
29 33
30 10
30 20
31 15
31 29
32 16
32 23
33 4
33 15

# solution 98
# n=34 sym=rot4 status=verified source=flammenkamp_cache/n34_rot4
# code=oCJFLQR3U69BH2T2AFGBTKQOS1XAE0KPW5P8S18DXJN0W597D4MHINV4VGMOR3U67CIEL
0 12
0 19
1 15
1 21
2 26
2 27
3 3
3 30
4 6
4 9
5 11
5 17
6 2
6 29
7 2
7 10
8 15
8 16
9 11
9 29
10 20
10 26
11 24
11 28
12 1
12 33
13 10
13 14
14 0
14 20
15 25
15 32
16 5
16 25
17 8
17 28
18 1
18 8
19 13
19 33
20 19
20 23
21 0
21 32
22 5
22 9
23 7
23 13
24 4
24 22
25 17
25 18
26 23
26 31
27 4
27 31
28 16
28 22
29 24
29 27
30 3
30 30
31 6
31 7
32 12
32 18
33 14
33 21

# solution 99
# n=34 sym=rot4 status=verified source=flammenkamp_cache/n34_rot4
# code=oCN7IFRHMDR8N24MWGSCJ0537OXET9K1V3P8U2WDO4J09QUSXEL5H1BTVAP6KBG6IFQAL
0 12
0 23
1 7
1 18
2 15
2 27
3 17
3 22
4 13
4 27
5 8
5 23
6 2
6 4
7 22
7 32
8 16
8 28
9 12
9 19
10 0
10 5
11 3
11 7
12 24
12 33
13 14
13 29
14 9
14 20
15 1
15 31
16 3
16 25
17 8
17 30
18 2
18 32
19 13
19 24
20 4
20 19
21 0
21 9
22 26
22 30
23 28
23 33
24 14
24 21
25 5
25 17
26 1
26 11
27 29
27 31
28 10
28 25
29 6
29 20
30 11
30 16
31 6
31 18
32 15
32 26
33 10
33 21

# solution 100
# n=34 sym=rot4 status=verified source=flammenkamp_cache/n34_rot4
# code=oILBQBJEGNRFO4Q16AG5K4PVW0D9L2U0SPU385X3VCOKX128TDSHNRW7T9I6AHJEM7MCF
0 18
0 21
1 11
1 26
2 11
2 19
3 14
3 16
4 23
4 27
5 15
5 24
6 4
6 26
7 1
7 6
8 10
8 16
9 5
9 20
10 4
10 25
11 31
11 32
12 0
12 13
13 9
13 21
14 2
14 30
15 0
15 28
16 25
16 30
17 3
17 8
18 5
18 33
19 3
19 31
20 12
20 24
21 20
21 33
22 1
22 2
23 8
23 29
24 13
24 28
25 17
25 23
26 27
26 32
27 7
27 29
28 9
28 18
29 6
29 10
30 17
30 19
31 14
31 22
32 7
32 22
33 12
33 15

# solution 101
# n=34 sym=rot4 status=verified source=flammenkamp_cache/n34_rot4
# code=oDRNR5D9GCOQV015BFG4U1BNQJTVXCFJPPU388EIL024E7AMW3THIMSWX279LHOKS6A6K
0 13
0 27
1 23
1 27
2 5
2 13
3 9
3 16
4 12
4 24
5 26
5 31
6 0
6 1
7 5
7 11
8 15
8 16
9 4
9 30
10 1
10 11
11 23
11 26
12 19
12 29
13 31
13 33
14 12
14 15
15 19
15 25
16 25
16 30
17 3
17 8
18 8
18 14
19 18
19 21
20 0
20 2
21 4
21 14
22 7
22 10
23 22
23 32
24 3
24 29
25 17
25 18
26 22
26 28
27 32
27 33
28 2
28 7
29 9
29 21
30 17
30 24
31 20
31 28
32 6
32 10
33 6
33 20

# solution 102
# n=34 sym=rot4 status=verified source=flammenkamp_cache/n34_rot4
# code=o5DBQFGFT3D6XNS19EGLQ6CEW9NTXMPUVPV28238B04AO1JLR7CHJOW5A0RKU4IHI7MKS
0 5
0 13
1 11
1 26
2 15
2 16
3 15
3 29
4 3
4 13
5 6
5 33
6 23
6 28
7 1
7 9
8 14
8 16
9 21
9 26
10 6
10 12
11 14
11 32
12 9
12 23
13 29
13 33
14 22
14 25
15 30
15 31
16 25
16 31
17 2
17 8
18 2
18 3
19 8
19 11
20 0
20 4
21 10
21 24
22 1
22 19
23 21
23 27
24 7
24 12
25 17
25 19
26 24
26 32
27 5
27 10
28 0
28 27
29 20
29 30
30 4
30 18
31 17
31 18
32 7
32 22
33 20
33 28

# solution 103
# n=34 sym=rot4 status=verified source=flammenkamp_cache/n34_rot4
# code=oCKFLGS7RBS243NEUGNFM689T1X0EKQOWPV28197DJX0W4OPRBIAH3JAUTV5M6Q5HCIDL
0 12
0 20
1 15
1 21
2 16
2 28
3 7
3 27
4 11
4 28
5 2
5 4
6 3
6 23
7 14
7 30
8 16
8 23
9 15
9 22
10 6
10 8
11 9
11 29
12 1
12 33
13 0
13 14
14 20
14 26
15 24
15 32
16 25
16 31
17 2
17 8
18 1
18 9
19 7
19 13
20 19
20 33
21 0
21 32
22 4
22 24
23 25
23 27
24 11
24 18
25 10
25 17
26 3
26 19
27 10
27 30
28 29
28 31
29 5
29 22
30 6
30 26
31 5
31 17
32 12
32 18
33 13
33 21

# solution 104
# n=34 sym=rot4 status=verified source=flammenkamp_cache/n34_rot4
# code=oCFHL9BMQ4T6ANS39EGQV6S3V1XEFKPKX1P8W0D8DIJ0W2U5R27HJOU5ANR4T7BMOCGIL
0 12
0 15
1 17
1 21
2 9
2 11
3 22
3 26
4 4
4 29
5 6
5 10
6 23
6 28
7 3
7 9
8 14
8 16
9 26
9 31
10 6
10 28
11 3
11 31
12 1
12 33
13 14
13 15
14 20
14 25
15 20
15 33
16 1
16 25
17 8
17 32
18 0
18 13
19 8
19 13
20 18
20 19
21 0
21 32
22 2
22 30
23 5
23 27
24 2
24 7
25 17
25 19
26 24
26 30
27 5
27 10
28 23
28 27
29 4
29 29
30 7
30 11
31 22
31 24
32 12
32 16
33 18
33 21

# solution 105
# n=34 sym=rot4 status=verified source=flammenkamp_cache/n34_rot4
# code=oDG3L9LQW6AIJOT3MBG6VFT7P12EX5K5NPX08ASDS0JVW8Q4I2RHMBU49EFNR17COCUHK
0 13
0 16
1 3
1 21
2 9
2 21
3 26
3 32
4 6
4 10
5 18
5 19
6 24
6 29
7 3
7 22
8 11
8 16
9 6
9 31
10 15
10 29
11 7
11 25
12 1
12 2
13 14
13 33
14 5
14 20
15 5
15 23
16 25
16 33
17 0
17 8
18 10
18 28
19 13
19 28
20 0
20 19
21 31
21 32
22 8
22 26
23 4
23 18
24 2
24 27
25 17
25 22
26 11
26 30
27 4
27 9
28 14
28 15
29 23
29 27
30 1
30 7
31 12
31 24
32 12
32 30
33 17
33 20

# solution 106
# n=34 sym=rot4 status=verified source=flammenkamp_cache/n34_rot4
# code=oFG47KNIJ9WMOPQ6W6G5T2K5LBE2A3L3XPX080UCUNVJMCSDV4SHR1R789B1OEFADQTHI
0 15
0 16
1 4
1 7
2 20
2 23
3 18
3 19
4 9
4 32
5 22
5 24
6 25
6 26
7 6
7 32
8 6
8 16
9 5
9 29
10 2
10 20
11 5
11 21
12 11
12 14
13 2
13 10
14 3
14 21
15 3
15 33
16 25
16 33
17 0
17 8
18 0
18 30
19 12
19 30
20 23
20 31
21 19
21 22
22 12
22 28
23 13
23 31
24 4
24 28
25 17
25 27
26 1
26 27
27 7
27 8
28 9
28 11
29 1
29 24
30 14
30 15
31 10
31 13
32 26
32 29
33 17
33 18

# solution 107
# n=34 sym=rot4 status=verified source=flammenkamp_cache/n34_rot4
# code=oISCK8AFM4T089HDHSVMREV39EW1QLN0U67QR3XAC7W1JOU2J6B25GKGOPX4TBINPDL5F
0 18
0 28
1 12
1 20
2 8
2 10
3 15
3 22
4 4
4 29
5 0
5 8
6 9
6 17
7 13
7 17
8 28
8 31
9 22
9 27
10 14
10 31
11 3
11 9
12 14
12 32
13 1
13 26
14 21
14 23
15 0
15 30
16 6
16 7
17 26
17 27
18 3
18 33
19 10
19 12
20 7
20 32
21 1
21 19
22 24
22 30
23 2
23 19
24 6
24 11
25 2
25 5
26 16
26 20
27 16
27 24
28 25
28 33
29 4
29 29
30 11
30 18
31 23
31 25
32 13
32 21
33 5
33 15

# solution 108
# n=34 sym=rot4 status=verified source=flammenkamp_cache/n34_rot4
# code=oCRFM4U2AHV8D0MFHLSADOU168XOSEJQW47QT17EJ590PRW39KN5CGIBXKP2GNV3TBI6L
0 12
0 27
1 15
1 22
2 4
2 30
3 2
3 10
4 17
4 31
5 8
5 13
6 0
6 22
7 15
7 17
8 21
8 28
9 10
9 13
10 24
10 30
11 1
11 6
12 8
12 33
13 24
13 28
14 14
14 19
15 26
15 32
16 4
16 7
17 26
17 29
18 1
18 7
19 14
19 19
20 5
20 9
21 0
21 25
22 27
22 32
23 3
23 9
24 20
24 23
25 5
25 12
26 16
26 18
27 11
27 33
28 20
28 25
29 2
29 16
30 23
30 31
31 3
31 29
32 11
32 18
33 6
33 21

# solution 109
# n=34 sym=rot4 status=verified source=flammenkamp_cache/n34_rot4
# code=oEPFHEN4COU6LOSBH0K462DFQ5U8NVXMW17QW1B02AP3S7IKVRTDXGM59CR39LTAJGI8J
0 14
0 25
1 15
1 17
2 14
2 23
3 4
3 12
4 24
4 30
5 6
5 21
6 24
6 28
7 11
7 17
8 0
8 20
9 4
9 6
10 2
10 13
11 15
11 26
12 5
12 30
13 8
13 23
14 31
14 33
15 22
15 32
16 1
16 7
17 26
17 32
18 1
18 11
19 0
19 2
20 10
20 25
21 3
21 28
22 7
22 18
23 20
23 31
24 27
24 29
25 13
25 33
26 16
26 22
27 5
27 9
28 12
28 27
29 3
29 9
30 21
30 29
31 10
31 19
32 16
32 18
33 8
33 19

# solution 110
# n=34 sym=rot4 status=verified source=flammenkamp_cache/n34_rot4
# code=o8EFHEN4COU6LOSBHKX462DFQ5U8NVXMW17QW1B02AP3S7IKVRT0DGM59CR39LTAJGIJP
0 8
0 14
1 15
1 17
2 14
2 23
3 4
3 12
4 24
4 30
5 6
5 21
6 24
6 28
7 11
7 17
8 20
8 33
9 4
9 6
10 2
10 13
11 15
11 26
12 5
12 30
13 8
13 23
14 31
14 33
15 22
15 32
16 1
16 7
17 26
17 32
18 1
18 11
19 0
19 2
20 10
20 25
21 3
21 28
22 7
22 18
23 20
23 31
24 27
24 29
25 0
25 13
26 16
26 22
27 5
27 9
28 12
28 27
29 3
29 9
30 21
30 29
31 10
31 19
32 16
32 18
33 19
33 25

# solution 111
# n=34 sym=rot4 status=verified source=flammenkamp_cache/n34_rot4
# code=oCDHK67NT3MJOJVHVMO583F48FX1X56LN17QWACRS0W0IPTIUPS9B2G2E9EBU4AQRDGKL
0 12
0 13
1 17
1 20
2 6
2 7
3 23
3 29
4 3
4 22
5 19
5 24
6 19
6 31
7 17
7 31
8 22
8 24
9 5
9 8
10 3
10 15
11 4
11 8
12 15
12 33
13 1
13 33
14 5
14 6
15 21
15 23
16 1
16 7
17 26
17 32
18 10
18 12
19 27
19 28
20 0
20 32
21 0
21 18
22 25
22 29
23 18
23 30
24 25
24 28
25 9
25 11
26 2
26 16
27 2
27 14
28 9
28 14
29 11
29 30
30 4
30 10
31 26
31 27
32 13
32 16
33 20
33 21

# solution 112
# n=34 sym=rot4 status=verified source=flammenkamp_cache/n34_rot4
# code=oEFDN8AIQBLMR5G3GOV8D1V5T4EOWLX3XQR670U0C19JT4S2WKP29HUHS6BCM7FNPAKIJ
0 14
0 15
1 13
1 23
2 8
2 10
3 18
3 26
4 11
4 21
5 22
5 27
6 5
6 16
7 3
7 16
8 24
8 31
9 8
9 13
10 1
10 31
11 5
11 29
12 4
12 14
13 24
13 32
14 21
14 33
15 3
15 33
16 26
16 27
17 6
17 7
18 0
18 30
19 0
19 12
20 1
20 9
21 19
21 29
22 4
22 28
23 2
23 32
24 20
24 25
25 2
25 9
26 17
26 30
27 17
27 28
28 6
28 11
29 12
29 22
30 7
30 15
31 23
31 25
32 10
32 20
33 18
33 19

# solution 113
# n=34 sym=rot4 status=verified source=flammenkamp_cache/n34_rot4
# code=oEMPQCMRT39HK3N1G1DNT6902EV5PLXFI5Q7SFI0C8S2JVXOR4AKWHWAUDGOU46BL78BJ
0 14
0 22
1 25
1 26
2 12
2 22
3 27
3 29
4 3
4 9
5 17
5 20
6 3
6 23
7 1
7 16
8 1
8 13
9 23
9 29
10 6
10 9
11 0
11 2
12 14
12 31
13 5
13 25
14 21
14 33
15 15
15 18
16 5
16 26
17 7
17 28
18 15
18 18
19 0
19 12
20 8
20 28
21 2
21 19
22 31
22 33
23 24
23 27
24 4
24 10
25 20
25 32
26 17
26 32
27 10
27 30
28 13
28 16
29 24
29 30
30 4
30 6
31 11
31 21
32 7
32 8
33 11
33 19

# solution 114
# n=34 sym=rot4 status=verified source=flammenkamp_cache/n34_rot4
# code=o8LET3NDV16GMDTGLOX8B2E5O07RUNWFIQS57FI1A36QX9SJVMP09CH4KBHRW2KAU4JCP
0 8
0 21
1 14
1 29
2 3
2 23
3 13
3 31
4 1
4 6
5 16
5 22
6 13
6 29
7 16
7 21
8 24
8 33
9 8
9 11
10 2
10 14
11 5
11 24
12 0
12 7
13 27
13 30
14 23
14 32
15 15
15 18
16 26
16 28
17 5
17 7
18 15
18 18
19 1
19 10
20 3
20 6
21 26
21 33
22 9
22 28
23 19
23 31
24 22
24 25
25 0
25 9
26 12
26 17
27 4
27 20
28 11
28 17
29 27
29 32
30 2
30 20
31 10
31 30
32 4
32 19
33 12
33 25

# solution 115
# n=34 sym=rot4 status=verified source=flammenkamp_cache/n34_rot4
# code=oKS3CHN9WLM0EAOBGIJ6U2R4Q4W0F8S8K2Q7VDP5PIX1T7T6V3REFHM9NJXBC1OAGLU5D
0 20
0 28
1 3
1 12
2 17
2 23
3 9
3 32
4 21
4 22
5 0
5 14
6 10
6 24
7 11
7 16
8 18
8 19
9 6
9 30
10 2
10 27
11 4
11 26
12 4
12 32
13 0
13 15
14 8
14 28
15 8
15 20
16 2
16 26
17 7
17 31
18 13
18 25
19 5
19 25
20 18
20 33
21 1
21 29
22 7
22 29
23 6
23 31
24 3
24 27
25 14
25 15
26 17
26 22
27 9
27 23
28 19
28 33
29 11
29 12
30 1
30 24
31 10
31 16
32 21
32 30
33 5
33 13

# solution 116
# n=34 sym=rot4 status=verified source=flammenkamp_cache/n34_rot4
# code=oCDORFGBK4TBN18GJ9R1P5JSUFX3X7ALVQV272CNQ0U0I35ES8W6OEHPWAM4TDMHI69KL
0 12
0 13
1 24
1 27
2 15
2 16
3 11
3 20
4 4
4 29
5 11
5 23
6 1
6 8
7 16
7 19
8 9
8 27
9 1
9 25
10 5
10 19
11 28
11 30
12 15
12 33
13 3
13 33
14 7
14 10
15 21
15 31
16 26
16 31
17 2
17 7
18 2
18 12
19 23
19 26
20 0
20 30
21 0
21 18
22 3
22 5
23 14
23 28
24 8
24 32
25 6
25 24
26 14
26 17
27 25
27 32
28 10
28 22
29 4
29 29
30 13
30 22
31 17
31 18
32 6
32 9
33 20
33 21

# solution 117
# n=34 sym=rot4 status=verified source=flammenkamp_cache/n34_rot4
# code=oDEHL37OVEF5S8OGVLR36FMAD18MXTXNT1Q7W4A040BPWKNBIRU6C2H9P5SIJ29QUCGJK
0 13
0 14
1 17
1 21
2 3
2 7
3 24
3 31
4 14
4 15
5 5
5 28
6 8
6 24
7 16
7 31
8 21
8 27
9 3
9 6
10 15
10 22
11 10
11 13
12 1
12 8
13 22
13 33
14 29
14 33
15 23
15 29
16 1
16 26
17 7
17 32
18 4
18 10
19 0
19 4
20 0
20 11
21 25
21 32
22 20
22 23
23 11
23 18
24 27
24 30
25 6
25 12
26 2
26 17
27 9
27 25
28 5
28 28
29 18
29 19
30 2
30 9
31 26
31 30
32 12
32 16
33 19
33 20

# solution 118
# n=34 sym=rot4 status=verified source=flammenkamp_cache/n34_rot4
# code=oKN8GESIOBR274AGSLW3I0RJT8D0LBV39QW17OU2MCXKP4E6XFU1C5HNTQV6M9F5JHPAD
0 20
0 23
1 8
1 16
2 14
2 28
3 18
3 24
4 11
4 27
5 2
5 7
6 4
6 10
7 16
7 28
8 21
8 32
9 3
9 18
10 0
10 27
11 19
11 29
12 8
12 13
13 0
13 21
14 11
14 31
15 3
15 9
16 26
16 32
17 1
17 7
18 24
18 30
19 2
19 22
20 12
20 33
21 20
21 25
22 4
22 14
23 6
23 33
24 15
24 30
25 1
25 12
26 5
26 17
27 23
27 29
28 26
28 31
29 6
29 22
30 9
30 15
31 5
31 19
32 17
32 25
33 10
33 13

# solution 119
# n=34 sym=rot4 status=verified source=flammenkamp_cache/n34_rot4
# code=oGJ5L9K8I6CNW8TGMRUIV5B7N1T2E0K39QX07OUDXJV4WAQMS2F36BH4P1ALRFPDOCSEH
0 16
0 19
1 5
1 21
2 9
2 20
3 8
3 18
4 6
4 12
5 23
5 32
6 8
6 29
7 16
7 22
8 27
8 30
9 18
9 31
10 5
10 11
11 7
11 23
12 1
12 29
13 2
13 14
14 0
14 20
15 3
15 9
16 26
16 33
17 0
17 7
18 24
18 30
19 13
19 33
20 19
20 31
21 4
21 32
22 10
22 26
23 22
23 28
24 2
24 15
25 3
25 6
26 11
26 17
27 4
27 25
28 1
28 10
29 21
29 27
30 15
30 25
31 13
31 24
32 12
32 28
33 14
33 17

# solution 120
# n=34 sym=rot4 status=verified source=flammenkamp_cache/n34_rot4
# code=oFPAIJS9Q5H2THJ3C0AKUPWCDMQ9M261X46RT0WRVBO7BKL183DNXLUEG4VGS7O5EFN8I
0 15
0 25
1 10
1 18
2 19
2 28
3 9
3 26
4 5
4 17
5 2
5 29
6 17
6 19
7 3
7 12
8 0
8 10
9 20
9 30
10 25
10 32
11 12
11 13
12 22
12 26
13 9
13 22
14 2
14 6
15 1
15 33
16 4
16 6
17 27
17 29
18 0
18 32
19 27
19 31
20 11
20 24
21 7
21 11
22 20
22 21
23 1
23 8
24 3
24 13
25 23
25 33
26 21
26 30
27 14
27 16
28 4
28 31
29 16
29 28
30 7
30 24
31 5
31 14
32 15
32 23
33 8
33 18

# solution 121
# n=34 sym=rot4 status=verified source=flammenkamp_cache/n34_rot4
# code=oLQ4AILFHBW8DHM08QSADOW6T02OSEJ2U36RU3VEJ59VX4R19KN57PXBGKP1MGICFNT7C
0 21
0 26
1 4
1 10
2 18
2 21
3 15
3 17
4 11
4 32
5 8
5 13
6 17
6 22
7 0
7 8
8 26
8 28
9 10
9 13
10 24
10 32
11 6
11 29
12 0
12 2
13 24
13 28
14 14
14 19
15 2
15 30
16 3
16 6
17 27
17 30
18 3
18 31
19 14
19 19
20 5
20 9
21 31
21 33
22 4
22 27
23 1
23 9
24 20
24 23
25 5
25 7
26 25
26 33
27 11
27 16
28 20
28 25
29 1
29 22
30 16
30 18
31 12
31 15
32 23
32 29
33 7
33 12

# solution 122
# n=34 sym=rot4 status=verified source=flammenkamp_cache/n34_rot4
# code=oHLJOBNEP7M8FFHLT3S1A2O4V07DK1URS06RX563WDKQX2T9VNW5U4CGIIPBQ8JAM9ECG
0 17
0 21
1 19
1 24
2 11
2 23
3 14
3 25
4 7
4 22
5 8
5 15
6 15
6 17
7 21
7 29
8 3
8 28
9 1
9 10
10 2
10 24
11 4
11 31
12 0
12 7
13 13
13 20
14 1
14 30
15 27
15 28
16 0
16 6
17 27
17 33
18 5
18 6
19 3
19 32
20 13
20 20
21 26
21 33
22 2
22 29
23 9
23 31
24 23
24 32
25 5
25 30
26 4
26 12
27 16
27 18
28 18
28 25
29 11
29 26
30 8
30 19
31 10
31 22
32 9
32 14
33 12
33 16

# solution 123
# n=34 sym=rot4 status=verified source=flammenkamp_cache/n34_rot4
# code=oEUAL9E0GKS4A8GBP7RLVSWFQ194FVXKMRU36BD02ITOW7I152C6Q8MHPNT5DHXJOCN3J
0 14
0 30
1 10
1 21
2 9
2 14
3 0
3 16
4 20
4 28
5 4
5 10
6 8
6 16
7 11
7 25
8 7
8 27
9 21
9 31
10 28
10 32
11 15
11 26
12 1
12 9
13 4
13 15
14 31
14 33
15 20
15 22
16 27
16 30
17 3
17 6
18 11
18 13
19 0
19 2
20 18
20 29
21 24
21 32
22 7
22 18
23 1
23 5
24 2
24 12
25 6
25 26
26 8
26 22
27 17
27 25
28 23
28 29
29 5
29 13
30 17
30 33
31 19
31 24
32 12
32 23
33 3
33 19

# solution 124
# n=34 sym=rot4 status=verified source=flammenkamp_cache/n34_rot4
# code=o8FAF9TGM2DOQGL5ADX5VQW3C6MPTEJWXRU3601EJ48BRLU172S0KNSCH79KVBH4OINIP
0 8
0 15
1 10
1 15
2 9
2 29
3 16
3 22
4 2
4 13
5 24
5 26
6 16
6 21
7 5
7 10
8 13
8 33
9 5
9 31
10 26
10 32
11 3
11 12
12 6
12 22
13 25
13 29
14 14
14 19
15 32
15 33
16 27
16 30
17 3
17 6
18 0
18 1
19 14
19 19
20 4
20 8
21 11
21 27
22 21
22 30
23 1
23 7
24 2
24 28
25 0
25 20
26 23
26 28
27 12
27 17
28 7
28 9
29 20
29 31
30 11
30 17
31 4
31 24
32 18
32 23
33 18
33 25

# solution 125
# n=34 sym=rot4 status=verified source=flammenkamp_cache/n34_rot4
# code=o9LAG7U2NFLKM8GDVMRJX3W58045Q9FJTRW164EIO7STXPS1U0E6B2KHPBDCIAV3QHNCO
0 9
0 21
1 10
1 16
2 7
2 30
3 2
3 23
4 15
4 21
5 20
5 22
6 8
6 16
7 13
7 31
8 22
8 27
9 19
9 33
10 3
10 32
11 5
11 8
12 0
12 4
13 5
13 26
14 9
14 15
15 19
15 29
16 27
16 32
17 1
17 6
18 4
18 14
19 18
19 24
20 7
20 28
21 29
21 33
22 25
22 28
23 1
23 30
24 0
24 14
25 6
25 11
26 2
26 20
27 17
27 25
28 11
28 13
29 12
29 18
30 10
30 31
31 3
31 26
32 17
32 23
33 12
33 24

# solution 126
# n=34 sym=rot4 status=verified source=flammenkamp_cache/n34_rot4
# code=oAHJSJP9BDI1QGO5L2N6U8XIU7DLT124B0R6XMTVW4CKQ3F0P3RAVCS9H7WFKMO8E5EGN
0 10
0 17
1 19
1 28
2 19
2 25
3 9
3 11
4 13
4 18
5 1
5 26
6 16
6 24
7 5
7 21
8 2
8 23
9 6
9 30
10 8
10 33
11 18
11 30
12 7
12 13
13 21
13 29
14 1
14 2
15 4
15 11
16 0
16 27
17 6
17 33
18 22
18 29
19 31
19 32
20 4
20 12
21 20
21 26
22 3
22 15
23 0
23 25
24 3
24 27
25 10
25 31
26 12
26 28
27 9
27 17
28 7
28 32
29 15
29 20
30 22
30 24
31 8
31 14
32 5
32 14
33 16
33 23

# solution 127
# n=34 sym=rot4 status=verified source=flammenkamp_cache/n34_rot4
# code=oGKBD9IBOLQAPGI4P573VJSUW4E0WAL26RX06RVCN1XJT135E2UQS8TFH8N7C9MFOKMDH
0 16
0 20
1 11
1 13
2 9
2 18
3 11
3 24
4 21
4 26
5 10
5 25
6 16
6 18
7 4
7 25
8 5
8 7
9 3
9 31
10 19
10 28
11 30
11 32
12 4
12 14
13 0
13 32
14 10
14 21
15 2
15 6
16 27
16 33
17 0
17 6
18 27
18 31
19 12
19 23
20 1
20 33
21 19
21 29
22 1
22 3
23 5
23 14
24 2
24 30
25 26
25 28
26 8
26 29
27 15
27 17
28 8
28 23
29 7
29 12
30 9
30 22
31 15
31 24
32 20
32 22
33 13
33 17

# solution 128
# n=34 sym=rot4 status=verified source=flammenkamp_cache/n34_rot4
# code=oFGENAOET397PFGCS5M2T1V8CMQDKUWRXRX060613DK7BLP2W4VBS5LHI8QOU4J9NAJHI
0 15
0 16
1 14
1 23
2 10
2 24
3 14
3 29
4 3
4 9
5 7
5 25
6 15
6 16
7 12
7 28
8 5
8 22
9 2
9 29
10 1
10 31
11 8
11 12
12 22
12 26
13 13
13 20
14 30
14 32
15 27
15 33
16 27
16 33
17 0
17 6
18 0
18 6
19 1
19 3
20 13
20 20
21 7
21 11
22 21
22 25
23 2
23 32
24 4
24 31
25 11
25 28
26 5
26 21
27 17
27 18
28 8
28 26
29 24
29 30
30 4
30 19
31 9
31 23
32 10
32 19
33 17
33 18

# solution 129
# n=34 sym=rot4 status=verified source=flammenkamp_cache/n34_rot4
# code=oFGENAOJT397PFGCS5M2T1V8CMQDK3WRXRX06061UDK7BLP2W4VBS5LHI8QOU4E9NAJHI
0 15
0 16
1 14
1 23
2 10
2 24
3 19
3 29
4 3
4 9
5 7
5 25
6 15
6 16
7 12
7 28
8 5
8 22
9 2
9 29
10 1
10 31
11 8
11 12
12 22
12 26
13 13
13 20
14 3
14 32
15 27
15 33
16 27
16 33
17 0
17 6
18 0
18 6
19 1
19 30
20 13
20 20
21 7
21 11
22 21
22 25
23 2
23 32
24 4
24 31
25 11
25 28
26 5
26 21
27 17
27 18
28 8
28 26
29 24
29 30
30 4
30 14
31 9
31 23
32 10
32 19
33 17
33 18

# solution 130
# n=34 sym=rot4 status=verified source=flammenkamp_cache/n34_rot4
# code=oKPBNCOBH6I7HLTAS0K2F1QUW6V08EJ4O35SU9TEJPX2R137WIVDX5N4CGQFRGM9LAM8D
0 20
0 25
1 11
1 23
2 12
2 24
3 11
3 17
4 6
4 18
5 7
5 17
6 21
6 29
7 10
7 28
8 0
8 20
9 2
9 15
10 1
10 26
11 30
11 32
12 6
12 31
13 0
13 8
14 14
14 19
15 4
15 24
16 3
16 5
17 28
17 30
18 9
18 29
19 14
19 19
20 25
20 33
21 2
21 27
22 1
22 3
23 7
23 32
24 18
24 31
25 13
25 33
26 5
26 23
27 4
27 12
28 16
28 26
29 15
29 27
30 16
30 22
31 9
31 21
32 10
32 22
33 8
33 13

# solution 131
# n=34 sym=rot4 status=verified source=flammenkamp_cache/n34_rot4
# code=oFHBO6K8B7OFHPVAT6U14EQUWCL2EKNSX05SX05ADJVCL137JTW3R4N28GI9QMPDR9MGI
0 15
0 17
1 11
1 24
2 6
2 20
3 8
3 11
4 7
4 24
5 15
5 17
6 25
6 31
7 10
7 29
8 6
8 30
9 1
9 4
10 14
10 26
11 30
11 32
12 12
12 21
13 2
13 14
14 20
14 23
15 28
15 33
16 0
16 5
17 28
17 33
18 0
18 5
19 10
19 13
20 19
20 31
21 12
21 21
22 1
22 3
23 7
23 19
24 29
24 32
25 3
25 27
26 4
26 23
27 2
27 8
28 16
28 18
29 9
29 26
30 22
30 25
31 13
31 27
32 9
32 22
33 16
33 18

# solution 132
# n=34 sym=rot4 status=verified source=flammenkamp_cache/n34_rot4
# code=oGKAPEM7RAR9H34PU17ESTW2CIM0FOVCK5X0SDL29IXBFLV145JQW38TUGO6N6QBJ8NDH
0 16
0 20
1 10
1 25
2 14
2 22
3 7
3 27
4 10
4 27
5 9
5 17
6 3
6 4
7 25
7 30
8 1
8 7
9 14
9 28
10 29
10 32
11 2
11 12
12 18
12 22
13 0
13 15
14 24
14 31
15 12
15 20
16 5
16 33
17 0
17 28
18 13
18 21
19 2
19 9
20 18
20 33
21 11
21 15
22 21
22 31
23 1
23 4
24 5
24 19
25 26
25 32
26 3
26 8
27 29
27 30
28 16
28 24
29 6
29 23
30 6
30 26
31 11
31 19
32 8
32 23
33 13
33 17

# solution 133
# n=34 sym=rot4 status=verified source=flammenkamp_cache/n34_rot4
# code=o4GBD9L68PXHNEUAI4UIV5QDW2EMWLR795X0SOQ6C1BJV1K7S2F3TFN3JAG08PRCOKMHT
0 4
0 16
1 11
1 13
2 9
2 21
3 6
3 8
4 25
4 33
5 17
5 23
6 14
6 30
7 10
7 18
8 4
8 30
9 18
9 31
10 5
10 26
11 13
11 32
12 2
12 14
13 22
13 32
14 21
14 27
15 7
15 9
16 5
16 33
17 0
17 28
18 24
18 26
19 6
19 12
20 1
20 11
21 19
21 31
22 1
22 20
23 7
23 28
24 2
24 15
25 3
25 29
26 15
26 23
27 3
27 19
28 10
28 16
29 0
29 8
30 25
30 27
31 12
31 24
32 20
32 22
33 17
33 29

# solution 134
# n=34 sym=rot4 status=verified source=flammenkamp_cache/n34_rot4
# code=oDGITLP9I16AHPTAM26KUQS7C2M9XEJ135X0SUWEJ0OBVLQ573DRVBN48GNRWFO8C4FHK
0 13
0 16
1 18
1 29
2 21
2 25
3 9
3 18
4 1
4 6
5 10
5 17
6 25
6 29
7 10
7 22
8 2
8 6
9 20
9 30
10 26
10 28
11 7
11 12
12 2
12 22
13 9
13 33
14 14
14 19
15 1
15 3
16 5
16 33
17 0
17 28
18 30
18 32
19 14
19 19
20 0
20 24
21 11
21 31
22 21
22 26
23 5
23 7
24 3
24 13
25 27
25 31
26 11
26 23
27 4
27 8
28 16
28 23
29 27
29 32
30 15
30 24
31 8
31 12
32 4
32 15
33 17
33 20

# solution 135
# n=34 sym=rot4 status=verified source=flammenkamp_cache/n34_rot4
# code=oDGITLP9F16AHPTAM26KUQS7C2M9XEJ1U5X0S3WEJ0OBVLQ573DRVBN48GNRWIO8C4FHK
0 13
0 16
1 18
1 29
2 21
2 25
3 9
3 15
4 1
4 6
5 10
5 17
6 25
6 29
7 10
7 22
8 2
8 6
9 20
9 30
10 26
10 28
11 7
11 12
12 2
12 22
13 9
13 33
14 14
14 19
15 1
15 30
16 5
16 33
17 0
17 28
18 3
18 32
19 14
19 19
20 0
20 24
21 11
21 31
22 21
22 26
23 5
23 7
24 3
24 13
25 27
25 31
26 11
26 23
27 4
27 8
28 16
28 23
29 27
29 32
30 18
30 24
31 8
31 12
32 4
32 15
33 17
33 20

# solution 136
# n=34 sym=rot4 status=verified source=flammenkamp_cache/n34_rot4
# code=oEFLMPQAR6GGJ3T282Q9OKU1I1DAL5XBXST450M0SCNKWFW3D9O7VPV4UEHHR6N78BCIJ
0 14
0 15
1 21
1 22
2 25
2 26
3 10
3 27
4 6
4 16
5 16
5 19
6 3
6 29
7 2
7 8
8 2
8 26
9 9
9 24
10 20
10 30
11 1
11 18
12 1
12 13
13 10
13 21
14 5
14 33
15 11
15 33
16 28
16 29
17 4
17 5
18 0
18 22
19 0
19 28
20 12
20 23
21 20
21 32
22 15
22 32
23 3
23 13
24 9
24 24
25 7
25 31
26 25
26 31
27 4
27 30
28 14
28 17
29 17
29 27
30 6
30 23
31 7
31 8
32 11
32 12
33 18
33 19

# solution 137
# n=34 sym=rot4 status=verified source=flammenkamp_cache/n34_rot4
# code=o2FJT9XDG1QBG8K4BOR8VEFQSCL6U1NNXSU350AAW3RCL57IJ2P69MTDPHM7WHK0O4EIV
0 2
0 15
1 19
1 29
2 9
2 33
3 13
3 16
4 1
4 26
5 11
5 16
6 8
6 20
7 4
7 11
8 24
8 27
9 8
9 31
10 14
10 15
11 26
11 28
12 12
12 21
13 6
13 30
14 1
14 23
15 23
15 33
16 28
16 30
17 3
17 5
18 0
18 10
19 10
19 32
20 3
20 27
21 12
21 21
22 5
22 7
23 18
23 19
24 2
24 25
25 6
25 9
26 22
26 29
27 13
27 25
28 17
28 22
29 7
29 32
30 17
30 20
31 0
31 24
32 4
32 14
33 18
33 31

# solution 138
# n=34 sym=rot4 status=verified source=flammenkamp_cache/n34_rot4
# code=oILAUHN1B67GM7TRTCIJK2W5U0P9E9K082S5VPXDOJO8X3S1VDEFL464QBHQRMWAG3NCF
0 18
0 21
1 10
1 30
2 17
2 23
3 1
3 11
4 6
4 7
5 16
5 22
6 7
6 29
7 27
7 29
8 12
8 18
9 19
9 20
10 2
10 32
11 5
11 30
12 0
12 25
13 9
13 14
14 9
14 20
15 0
15 8
16 2
16 28
17 5
17 31
18 25
18 33
19 13
19 24
20 19
20 24
21 8
21 33
22 3
22 28
23 1
23 31
24 13
24 14
25 15
25 21
26 4
26 6
27 4
27 26
28 11
28 17
29 26
29 27
30 22
30 32
31 10
31 16
32 3
32 23
33 12
33 15

# solution 139
# n=34 sym=rot4 status=verified source=flammenkamp_cache/n34_rot4
# code=o79FTGPBJ17GILNTX29PX6ECU6MDK3N5WSV251SAUDKBR3LJR08OV04ACFHQWEM8H4IOQ
0 7
0 9
1 15
1 29
2 16
2 25
3 11
3 19
4 1
4 7
5 16
5 18
6 21
6 23
7 29
7 33
8 2
8 9
9 25
9 33
10 6
10 14
11 12
11 30
12 6
12 22
13 13
13 20
14 3
14 23
15 5
15 32
16 28
16 31
17 2
17 5
18 1
18 28
19 10
19 30
20 13
20 20
21 11
21 27
22 3
22 21
23 19
23 27
24 0
24 8
25 24
25 31
26 0
26 4
27 10
27 12
28 15
28 17
29 26
29 32
30 14
30 22
31 8
31 17
32 4
32 18
33 24
33 26

# solution 140
# n=34 sym=rot4 status=verified source=flammenkamp_cache/n34_rot4
# code=oDSGNOTEQ2A0G9J38DQ2R1TILBFPX6UBLSW15CM3R08IMCF4W6V7KPUEOHXNV7J49AH5K
0 13
0 28
1 16
1 23
2 24
2 29
3 14
3 26
4 2
4 10
5 0
5 16
6 9
6 19
7 3
7 8
8 13
8 26
9 2
9 27
10 1
10 29
11 18
11 21
12 11
12 15
13 25
13 33
14 6
14 30
15 11
15 21
16 28
16 32
17 1
17 5
18 12
18 22
19 3
19 27
20 0
20 8
21 18
21 22
22 12
22 15
23 4
23 32
24 6
24 31
25 7
25 20
26 25
26 30
27 14
27 24
28 17
28 33
29 23
29 31
30 7
30 19
31 4
31 9
32 10
32 17
33 5
33 20

# solution 141
# n=34 sym=rot4 status=verified source=flammenkamp_cache/n34_rot4
# code=o8DGU3L1VCOEGOPKM6X46BE7N2T7XNSFISW15FI5A0Q4VAQJMRT0RBD89HJ9L2WCU3HKP
0 8
0 13
1 16
1 30
2 3
2 21
3 1
3 31
4 12
4 24
5 14
5 16
6 24
6 25
7 20
7 22
8 6
8 33
9 4
9 6
10 11
10 14
11 7
11 23
12 2
12 29
13 7
13 33
14 23
14 28
15 15
15 18
16 28
16 32
17 1
17 5
18 15
18 18
19 5
19 10
20 0
20 26
21 4
21 31
22 10
22 26
23 19
23 22
24 27
24 29
25 0
25 27
26 11
26 13
27 8
27 9
28 17
28 19
29 9
29 21
30 2
30 32
31 12
31 30
32 3
32 17
33 20
33 25

# solution 142
# n=34 sym=rot4 status=verified source=flammenkamp_cache/n34_rot4
# code=oCF8G9DDM8QGMJQ46TWJVAN35FXUV69LXSW150COR230ISUAN2E14RT7EBH7PBKKOHPIL
0 12
0 15
1 8
1 16
2 9
2 13
3 13
3 22
4 8
4 26
5 16
5 22
6 19
6 26
7 4
7 6
8 29
8 32
9 19
9 31
10 10
10 23
11 3
11 5
12 15
12 33
13 30
13 31
14 6
14 9
15 21
15 33
16 28
16 32
17 1
17 5
18 0
18 12
19 24
19 27
20 2
20 3
21 0
21 18
22 28
22 30
23 10
23 23
24 2
24 14
25 1
25 4
26 27
26 29
27 7
27 14
28 11
28 17
29 7
29 25
30 11
30 20
31 20
31 24
32 17
32 25
33 18
33 21

# solution 143
# n=34 sym=rot4 status=verified source=flammenkamp_cache/n34_rot4
# code=oHKAE7POPLRCG47RV233DMWAE4S0OMWFI0S5XFI1B9X5TJN1BKUUV26QTHL6C898QJNDG
0 17
0 20
1 10
1 14
2 7
2 25
3 24
3 25
4 21
4 27
5 12
5 16
6 4
6 7
7 27
7 31
8 2
8 3
9 3
9 13
10 22
10 32
11 10
11 14
12 4
12 28
13 0
13 24
14 22
14 32
15 15
15 18
16 0
16 28
17 5
17 33
18 15
18 18
19 1
19 11
20 9
20 33
21 5
21 29
22 19
22 23
23 1
23 11
24 20
24 30
25 30
25 31
26 2
26 6
27 26
27 29
28 17
28 21
29 6
29 12
30 8
30 9
31 8
31 26
32 19
32 23
33 13
33 16

# solution 144
# n=34 sym=rot4 status=verified source=flammenkamp_cache/n34_rot4
# code=oHR8NOSBK6A2G0TBFKW2J1TQUCL389FJQ0S5X7EIOPUCL374WEV1DIM4XHVNRDM59AP6G
0 17
0 27
1 8
1 23
2 24
2 28
3 11
3 20
4 6
4 10
5 2
5 16
6 0
6 29
7 11
7 15
8 20
8 32
9 2
9 19
10 1
10 29
11 26
11 30
12 12
12 21
13 3
13 8
14 9
14 15
15 19
15 26
16 0
16 28
17 5
17 33
18 7
18 14
19 18
19 24
20 25
20 30
21 12
21 21
22 3
22 7
23 4
23 32
24 14
24 31
25 1
25 13
26 18
26 22
27 4
27 33
28 17
28 31
29 23
29 27
30 13
30 22
31 5
31 9
32 10
32 25
33 6
33 16

# solution 145
# n=34 sym=rot4 status=verified source=flammenkamp_cache/n34_rot4
# code=oKPHRAJ46HU7B1UMS0FJKCV7SFN0929LP14TW8COVOXAI5Q2LDEIX5B3WMQ3GRTEN6G8D
0 20
0 25
1 17
1 27
2 10
2 19
3 4
3 6
4 17
4 30
5 7
5 11
6 1
6 30
7 22
7 28
8 0
8 15
9 19
9 20
10 12
10 31
11 7
11 28
12 15
12 23
13 0
13 9
14 2
14 9
15 21
15 25
16 1
16 4
17 29
17 32
18 8
18 12
19 24
19 31
20 24
20 33
21 10
21 18
22 5
22 26
23 2
23 21
24 13
24 14
25 18
25 33
26 5
26 11
27 3
27 32
28 22
28 26
29 3
29 16
30 27
30 29
31 14
31 23
32 6
32 16
33 8
33 13

# solution 146
# n=34 sym=rot4 status=verified source=flammenkamp_cache/n34_rot4
# code=o8EGQ8D6L5H9TEU1MVXASLO7D3AMVRXFI4W1TFI062BNUKQ9C5N02BW3J4OGSCRKP7HJP
0 8
0 14
1 16
1 26
2 8
2 13
3 6
3 21
4 5
4 17
5 9
5 29
6 14
6 30
7 1
7 22
8 31
8 33
9 10
9 28
10 21
10 24
11 7
11 13
12 3
12 10
13 22
13 31
14 27
14 33
15 15
15 18
16 4
16 32
17 1
17 29
18 15
18 18
19 0
19 6
20 2
20 11
21 23
21 30
22 20
22 26
23 9
23 12
24 5
24 23
25 0
25 2
26 11
26 32
27 3
27 19
28 4
28 24
29 16
29 28
30 12
30 27
31 20
31 25
32 7
32 17
33 19
33 25

# solution 147
# n=34 sym=rot4 status=verified source=flammenkamp_cache/n34_rot4
# code=oHNAQLR6E5HDT2U1FKM9O0W8I2E8SLUBQ04TX7M3C5PJVFP1X9OBDIW3V4KGSJR6C7NAG
0 17
0 23
1 10
1 26
2 21
2 27
3 6
3 14
4 5
4 17
5 13
5 29
6 2
6 30
7 1
7 15
8 20
8 22
9 9
9 24
10 0
10 32
11 8
11 18
12 2
12 14
13 8
13 28
14 21
14 30
15 11
15 26
16 0
16 4
17 29
17 33
18 7
18 22
19 3
19 12
20 5
20 25
21 19
21 31
22 15
22 25
23 1
23 33
24 9
24 24
25 11
25 13
26 18
26 32
27 3
27 31
28 4
28 20
29 16
29 28
30 19
30 27
31 6
31 12
32 7
32 23
33 10
33 16

# solution 148
# n=34 sym=rot4 status=verified source=flammenkamp_cache/n34_rot4
# code=oHO5C4RINHVKW2DNP7B0F37CPMW5REJ3O04TX9UEJ6S1B8LQUIXMQ8AKV1D2GAF6TLS9G
0 17
0 24
1 5
1 12
2 4
2 27
3 18
3 23
4 17
4 31
5 20
5 32
6 2
6 13
7 23
7 25
8 7
8 11
9 0
9 15
10 3
10 7
11 12
11 25
12 22
12 32
13 5
13 27
14 14
14 19
15 3
15 24
16 0
16 4
17 29
17 33
18 9
18 30
19 14
19 19
20 6
20 28
21 1
21 11
22 8
22 21
23 26
23 30
24 18
24 33
25 22
25 26
26 8
26 10
27 20
27 31
28 1
28 13
29 2
29 16
30 10
30 15
31 6
31 29
32 21
32 28
33 9
33 16

# solution 149
# n=34 sym=rot4 status=verified source=flammenkamp_cache/n34_rot4
# code=o8GENRS7BHJ272LSUKXFN19LU6B8F4WKO4X0T9D1TIPMR3COWAI0D35CVQVEGMQ56AJHP
0 8
0 16
1 14
1 23
2 27
2 28
3 7
3 11
4 17
4 19
5 2
5 7
6 2
6 21
7 28
7 30
8 20
8 33
9 15
9 23
10 1
10 9
11 21
11 30
12 6
12 11
13 8
13 15
14 4
14 32
15 20
15 24
16 4
16 33
17 0
17 29
18 9
18 13
19 1
19 29
20 18
20 25
21 22
21 27
22 3
22 12
23 24
23 32
24 10
24 18
25 0
25 13
26 3
26 5
27 12
27 31
28 26
28 31
29 14
29 16
30 22
30 26
31 5
31 6
32 10
32 19
33 17
33 25

# solution 150
# n=34 sym=rot4 status=verified source=flammenkamp_cache/n34_rot4
# code=oFH9P8AKSAG36FSLM1VKWTV7C7M39EJRX0T4X06EJOUBQLQ241D2WBC5IRUHN5DNP8OGI
0 15
0 17
1 9
1 25
2 8
2 10
3 20
3 28
4 10
4 16
5 3
5 6
6 15
6 28
7 21
7 22
8 1
8 31
9 20
9 32
10 29
10 31
11 7
11 12
12 7
12 22
13 3
13 9
14 14
14 19
15 27
15 33
16 0
16 29
17 4
17 33
18 0
18 6
19 14
19 19
20 24
20 30
21 11
21 26
22 21
22 26
23 2
23 4
24 1
24 13
25 2
25 32
26 11
26 12
27 5
27 18
28 27
28 30
29 17
29 23
30 5
30 13
31 23
31 25
32 8
32 24
33 16
33 18

# solution 151
# n=34 sym=rot4 status=verified source=flammenkamp_cache/n34_rot4
# code=oHM9RDTNS2G3D17JR8PIW3E0LBFSV7N9L0T4XCOAQ25IMCXJU1F8P6EQWKUHV5A4K6OBG
0 17
0 22
1 9
1 27
2 13
2 29
3 23
3 28
4 2
4 16
5 3
5 13
6 1
6 7
7 19
7 27
8 8
8 25
9 18
9 32
10 3
10 14
11 0
11 21
12 11
12 15
13 28
13 31
14 7
14 23
15 9
15 21
16 0
16 29
17 4
17 33
18 12
18 24
19 10
19 26
20 2
20 5
21 18
21 22
22 12
22 33
23 19
23 30
24 1
24 15
25 8
25 25
26 6
26 14
27 26
27 32
28 20
28 30
29 17
29 31
30 5
30 10
31 4
31 20
32 6
32 24
33 11
33 16

# solution 152
# n=34 sym=rot4 status=verified source=flammenkamp_cache/n34_rot4
# code=o3NNOBHHX9C6MPSDE6K1T015VET8QLQFI23UVFI7C7P4J2SWX4WDRJK58BRLO0GGM9AAU
0 3
0 23
1 23
1 24
2 11
2 17
3 17
3 33
4 9
4 12
5 6
5 22
6 25
6 28
7 13
7 14
8 6
8 20
9 1
9 29
10 0
10 1
11 5
11 31
12 14
12 29
13 8
13 26
14 21
14 26
15 15
15 18
16 2
16 3
17 30
17 31
18 15
18 18
19 7
19 12
20 7
20 25
21 4
21 19
22 2
22 28
23 32
23 33
24 4
24 32
25 13
25 27
26 19
26 20
27 5
27 8
28 11
28 27
29 21
29 24
30 0
30 16
31 16
31 22
32 9
32 10
33 10
33 30

# solution 153
# n=34 sym=rot4 status=verified source=flammenkamp_cache/n34_rot4
# code=o6O3CGLHW6B8NTXIKOS085KFT2W7AEJ7M3V2UBQEJNQ1V4IDSPX59DF04APMR1GCHLU9R
0 6
0 24
1 3
1 12
2 16
2 21
3 17
3 32
4 6
4 11
5 8
5 23
6 29
6 33
7 18
7 20
8 24
8 28
9 0
9 8
10 5
10 20
11 15
11 29
12 2
12 32
13 7
13 10
14 14
14 19
15 7
15 22
16 3
16 31
17 2
17 30
18 11
18 26
19 14
19 19
20 23
20 26
21 1
21 31
22 4
22 18
23 13
23 28
24 25
24 33
25 5
25 9
26 13
26 15
27 0
27 4
28 10
28 25
29 22
29 27
30 1
30 16
31 12
31 17
32 21
32 30
33 9
33 27

# solution 154
# n=34 sym=rot4 status=verified source=flammenkamp_cache/n34_rot4
# code=o3ACGPSHXKS24AJFP279ORXFKEW4B6LMQ3W1U7BCRMT1JDI069OQV8IENTV5D0G58HLNU
0 3
0 10
1 12
1 16
2 25
2 28
3 17
3 33
4 20
4 28
5 2
5 4
6 10
6 19
7 15
7 25
8 2
8 7
9 9
9 24
10 27
10 33
11 15
11 20
12 14
12 32
13 4
13 11
14 6
14 21
15 22
15 26
16 3
16 32
17 1
17 30
18 7
18 11
19 12
19 27
20 22
20 29
21 1
21 19
22 13
22 18
23 0
23 6
24 9
24 24
25 26
25 31
26 8
26 18
27 14
27 23
28 29
28 31
29 5
29 13
30 0
30 16
31 5
31 8
32 17
32 21
33 23
33 30

# solution 155
# n=34 sym=rot4 status=verified source=flammenkamp_cache/n34_rot4
# code=oACGN8JHK5O9T7JBRBV4S1XPQFX3F26KL3W1UCDRVIU0I780W5T2M6MEQ4O9SDGEPAHLN
0 10
0 12
1 16
1 23
2 8
2 19
3 17
3 20
4 5
4 24
5 9
5 29
6 7
6 19
7 11
7 27
8 11
8 31
9 4
9 28
10 1
10 33
11 25
11 26
12 15
12 33
13 3
13 15
14 2
14 6
15 20
15 21
16 3
16 32
17 1
17 30
18 12
18 13
19 27
19 31
20 18
20 30
21 0
21 18
22 7
22 8
23 0
23 32
24 5
24 29
25 2
25 22
26 6
26 22
27 14
27 26
28 4
28 24
29 9
29 28
30 13
30 16
31 14
31 25
32 10
32 17
33 21
33 23

# solution 156
# n=34 sym=rot4 status=verified source=flammenkamp_cache/n34_rot4
# code=oGOKLAM5HAE6ULSIOBD07TV2P161PFT7J3X0UEQ4I8WRW8V24QXKM9F5C3RJNGSBNCD9H
0 16
0 24
1 20
1 21
2 10
2 22
3 5
3 17
4 10
4 14
5 6
5 30
6 21
6 28
7 18
7 24
8 11
8 13
9 0
9 7
10 29
10 31
11 2
11 25
12 1
12 6
13 1
13 25
14 15
14 29
15 7
15 19
16 3
16 33
17 0
17 30
18 14
18 26
19 4
19 18
20 8
20 32
21 27
21 32
22 8
22 31
23 2
23 4
24 26
24 33
25 20
25 22
26 9
26 15
27 5
27 12
28 3
28 27
29 19
29 23
30 16
30 28
31 11
31 23
32 12
32 13
33 9
33 17

# solution 157
# n=34 sym=rot4 status=verified source=flammenkamp_cache/n34_rot4
# code=o9FAM7HGKAL89EQ6VKSSXTW1F4E38LRMX2U3V0B6CPUJTIW14055D2R7JOPCNDHGQBNIO
0 9
0 15
1 10
1 22
2 7
2 17
3 16
3 20
4 10
4 21
5 8
5 9
6 14
6 26
7 6
7 31
8 20
8 28
9 28
9 33
10 29
10 32
11 1
11 15
12 4
12 14
13 3
13 8
14 21
14 27
15 22
15 33
16 2
16 30
17 3
17 31
18 0
18 11
19 6
19 12
20 25
20 30
21 19
21 29
22 18
22 32
23 1
23 4
24 0
24 5
25 5
25 13
26 2
26 27
27 7
27 19
28 24
28 25
29 12
29 23
30 13
30 17
31 16
31 26
32 11
32 23
33 18
33 24

# solution 158
# n=34 sym=rot4 status=verified source=flammenkamp_cache/n34_rot4
# code=oCTHI9BGN07KM8IKTOR8V3C5VNX57EJ161U3WRWEJQS0A2SLU2P694DFPBDQXAHMOFG4L
0 12
0 29
1 17
1 18
2 9
2 11
3 16
3 23
4 0
4 7
5 20
5 22
6 8
6 18
7 20
7 29
8 24
8 27
9 8
9 31
10 3
10 12
11 5
11 31
12 23
12 33
13 5
13 7
14 14
14 19
15 1
15 6
16 1
16 30
17 3
17 32
18 27
18 32
19 14
19 19
20 26
20 28
21 0
21 10
22 2
22 28
23 21
23 30
24 2
24 25
25 6
25 9
26 4
26 13
27 15
27 25
28 11
28 13
29 26
29 33
30 10
30 17
31 22
31 24
32 15
32 16
33 4
33 21

# solution 159
# n=34 sym=rot4 status=verified source=flammenkamp_cache/n34_rot4
# code=oCG9ABKGRMQ9I384JARSWPW4VDX2L7F5JUX03ESIQCV0K2T18156NETPUFO7B6HDMNOHL
0 12
0 16
1 9
1 10
2 11
2 20
3 16
3 27
4 22
4 26
5 9
5 18
6 3
6 8
7 4
7 19
8 10
8 27
9 28
9 32
10 25
10 32
11 4
11 31
12 13
12 33
13 2
13 21
14 7
14 15
15 5
15 19
16 30
16 33
17 0
17 3
18 14
18 28
19 18
19 26
20 12
20 31
21 0
21 20
22 2
22 29
23 1
23 8
24 1
24 5
25 6
25 23
26 14
26 29
27 25
27 30
28 15
28 24
29 7
29 11
30 6
30 17
31 13
31 22
32 23
32 24
33 17
33 21

# solution 160
# n=34 sym=rot4 status=verified source=flammenkamp_cache/n34_rot4
# code=oGMAI7H6CNP5SOUDV4D6B4W0OEUPQFL1J2X0VEWCI783J9X1TMRKT2K395S8ALRGQFNBH
0 16
0 22
1 10
1 18
2 7
2 17
3 6
3 12
4 23
4 25
5 5
5 28
6 24
6 30
7 13
7 31
8 4
8 13
9 6
9 11
10 4
10 32
11 0
11 24
12 14
12 30
13 25
13 26
14 15
14 21
15 1
15 19
16 2
16 33
17 0
17 31
18 14
18 32
19 12
19 18
20 7
20 8
21 3
21 19
22 9
22 33
23 1
23 29
24 22
24 27
25 20
25 29
26 2
26 20
27 3
27 9
28 5
28 28
29 8
29 10
30 21
30 27
31 16
31 26
32 15
32 23
33 11
33 17

# solution 161
# n=34 sym=rot4 status=verified source=flammenkamp_cache/n34_rot4
# code=oEGDOBH6QMS4NFU3OCN17584VFPEWKXLR2X0V6C0D1J8I2TPSQWAL9U3IAT5B7RGM9KHJ
0 14
0 16
1 13
1 24
2 11
2 17
3 6
3 26
4 22
4 28
5 4
5 23
6 15
6 30
7 3
7 24
8 12
8 23
9 1
9 7
10 5
10 8
11 4
11 31
12 15
12 25
13 14
13 32
14 20
14 33
15 21
15 27
16 2
16 33
17 0
17 31
18 6
18 12
19 0
19 13
20 1
20 19
21 8
21 18
22 2
22 29
23 25
23 28
24 26
24 32
25 10
25 21
26 9
26 30
27 3
27 18
28 10
28 29
29 5
29 11
30 7
30 27
31 16
31 22
32 9
32 20
33 17
33 19

# solution 162
# n=34 sym=rot4 status=verified source=flammenkamp_cache/n34_rot4
# code=oEGDOBH6QMS4NFU39CN1Q584VFPEWKXLR2X0V6C0D1J8I2TPS7WALOU3IAT5B7RGM9KHJ
0 14
0 16
1 13
1 24
2 11
2 17
3 6
3 26
4 22
4 28
5 4
5 23
6 15
6 30
7 3
7 9
8 12
8 23
9 1
9 26
10 5
10 8
11 4
11 31
12 15
12 25
13 14
13 32
14 20
14 33
15 21
15 27
16 2
16 33
17 0
17 31
18 6
18 12
19 0
19 13
20 1
20 19
21 8
21 18
22 2
22 29
23 25
23 28
24 7
24 32
25 10
25 21
26 24
26 30
27 3
27 18
28 10
28 29
29 5
29 11
30 7
30 27
31 16
31 22
32 9
32 20
33 17
33 19

# solution 163
# n=34 sym=rot4 status=verified source=flammenkamp_cache/n34_rot4
# code=o9H4K9G7PMW8ELNIU3SVX6F4C6M1EKS7N0V2XAQ5DJWBRLTIR025U3FACJP1B8QHODTGO
0 9
0 17
1 4
1 20
2 9
2 16
3 7
3 25
4 22
4 32
5 8
5 14
6 21
6 23
7 18
7 30
8 3
8 28
9 31
9 33
10 6
10 15
11 4
11 12
12 6
12 22
13 1
13 14
14 20
14 28
15 7
15 23
16 0
16 31
17 2
17 33
18 10
18 26
19 5
19 13
20 19
20 32
21 11
21 27
22 21
22 29
23 18
23 27
24 0
24 2
25 5
25 30
26 3
26 15
27 10
27 12
28 19
28 25
29 1
29 11
30 8
30 26
31 17
31 24
32 13
32 29
33 16
33 24

# solution 164
# n=34 sym=rot4 status=verified source=flammenkamp_cache/n34_rot4
# code=oGVCD0G9P5QDTNP4A36FU6QFLBWSWEJMOVX029BEJ151MCI7R3IRUNT8A4K7S8OHXKL2H
0 16
0 31
1 12
1 13
2 0
2 16
3 9
3 25
4 5
4 26
5 13
5 29
6 23
6 25
7 4
7 10
8 3
8 6
9 15
9 30
10 6
10 26
11 15
11 21
12 11
12 32
13 28
13 32
14 14
14 19
15 22
15 24
16 31
16 33
17 0
17 2
18 9
18 11
19 14
19 19
20 1
20 5
21 1
21 22
22 12
22 18
23 7
23 27
24 3
24 18
25 27
25 30
26 23
26 29
27 8
27 10
28 4
28 20
29 7
29 28
30 8
30 24
31 17
31 33
32 20
32 21
33 2
33 17

# solution 165
# n=34 sym=rot4 status=verified source=flammenkamp_cache/n34_rot4
# code=oGIDL9G6QLR8A4U3K9SPVBSFN147WEJ0MVX02BXEJ1QTWAI5M285ODU3TNP6C7RHOCKFH
0 16
0 18
1 13
1 21
2 9
2 16
3 6
3 26
4 21
4 27
5 8
5 10
6 4
6 30
7 3
7 20
8 9
8 28
9 25
9 31
10 11
10 28
11 15
11 23
12 1
12 4
13 7
13 32
14 14
14 19
15 0
15 22
16 31
16 33
17 0
17 2
18 11
18 33
19 14
19 19
20 1
20 26
21 29
21 32
22 10
22 18
23 5
23 22
24 2
24 8
25 5
25 24
26 13
26 30
27 3
27 29
28 23
28 25
29 6
29 12
30 7
30 27
31 17
31 24
32 12
32 20
33 15
33 17

# solution 166
# n=34 sym=rot4 status=verified source=flammenkamp_cache/n34_rot4
# code=o6G3CGODW5BOTCX8IMQ25FK8TRWAUEJ7NVX02AQEJ3N164PDISV7BFP0L49MS1K9HLUHR
0 6
0 16
1 3
1 12
2 16
2 24
3 13
3 32
4 5
4 11
5 24
5 29
6 12
6 33
7 8
7 18
8 22
8 26
9 2
9 5
10 15
10 20
11 8
11 29
12 27
12 32
13 10
13 30
14 14
14 19
15 7
15 23
16 31
16 33
17 0
17 2
18 10
18 26
19 14
19 19
20 3
20 23
21 1
21 6
22 4
22 25
23 13
23 18
24 28
24 31
25 7
25 11
26 15
26 25
27 0
27 21
28 4
28 9
29 22
29 28
30 1
30 20
31 9
31 17
32 21
32 30
33 17
33 27

# solution 167
# n=34 sym=rot4 status=verified source=flammenkamp_cache/n34_rot4
# code=oGNCFGL6O6BNPTUIK5O3805DT2W7MEJ7WVX021QEJBQ1V4KSXPU9SDF348AMR9RCHILAH
0 16
0 23
1 12
1 15
2 16
2 21
3 6
3 24
4 6
4 11
5 23
5 25
6 29
6 30
7 18
7 20
8 5
8 24
9 3
9 8
10 0
10 5
11 13
11 29
12 2
12 32
13 7
13 22
14 14
14 19
15 7
15 32
16 31
16 33
17 0
17 2
18 1
18 26
19 14
19 19
20 11
20 26
21 1
21 31
22 4
22 20
23 28
23 33
24 25
24 30
25 9
25 28
26 13
26 15
27 3
27 4
28 8
28 10
29 22
29 27
30 9
30 27
31 12
31 17
32 18
32 21
33 10
33 17

# solution 168
# n=34 sym=rot4 status=verified source=flammenkamp_cache/n34_rot4
# code=o9HDH6N7D9MFJQV6UBNTX284PEFUW5LLS01WX5CCS13IJ8TPV04AM3R27EIBOKQARGKGO
0 9
0 17
1 13
1 17
2 6
2 23
3 7
3 13
4 9
4 22
5 15
5 19
6 26
6 31
7 6
7 30
8 11
8 23
9 29
9 33
10 2
10 8
11 4
11 25
12 14
12 15
13 30
13 32
14 5
14 21
15 21
15 28
16 0
16 1
17 32
17 33
18 5
18 12
19 12
19 28
20 1
20 3
21 18
21 19
22 8
22 29
23 25
23 31
24 0
24 4
25 10
25 22
26 3
26 27
27 2
27 7
28 14
28 18
29 11
29 24
30 20
30 26
31 10
31 27
32 16
32 20
33 16
33 24

# solution 169
# n=34 sym=rot4 status=verified source=flammenkamp_cache/n34_rot4
# code=oGMHL9BKQRS4A4E3EKNFV8S0V1F38QRLO1X0W9C67PUIW2X5P2IADJUJTNT567DMOCGBH
0 16
0 22
1 17
1 21
2 9
2 11
3 20
3 26
4 27
4 28
5 4
5 10
6 4
6 14
7 3
7 14
8 20
8 23
9 15
9 31
10 8
10 28
11 0
11 31
12 1
12 15
13 3
13 8
14 26
14 27
15 21
15 24
16 1
16 33
17 0
17 32
18 9
18 12
19 6
19 7
20 25
20 30
21 18
21 32
22 2
22 33
23 5
23 25
24 2
24 18
25 10
25 13
26 19
26 30
27 19
27 29
28 23
28 29
29 5
29 6
30 7
30 13
31 22
31 24
32 12
32 16
33 11
33 17

# solution 170
# n=34 sym=rot4 status=verified source=flammenkamp_cache/n34_rot4
# code=o9GDH6NDQ9MFJQV36BNTX284PEFUW5LLS1X0W5CCS13IJ8TPV04AMRU27EIBO7KARGKHO
0 9
0 16
1 13
1 17
2 6
2 23
3 13
3 26
4 9
4 22
5 15
5 19
6 26
6 31
7 3
7 6
8 11
8 23
9 29
9 33
10 2
10 8
11 4
11 25
12 14
12 15
13 30
13 32
14 5
14 21
15 21
15 28
16 1
16 33
17 0
17 32
18 5
18 12
19 12
19 28
20 1
20 3
21 18
21 19
22 8
22 29
23 25
23 31
24 0
24 4
25 10
25 22
26 27
26 30
27 2
27 7
28 14
28 18
29 11
29 24
30 7
30 20
31 10
31 27
32 16
32 20
33 17
33 24

# solution 171
# n=34 sym=rot4 status=verified source=flammenkamp_cache/n34_rot4
# code=oCGDH8LAQBIJR5Q36JV9OIUDT2XMW584A1X0WNTPS1B0V4K3F9O2ERU7S6EFM7NCPGKHL
0 12
0 16
1 13
1 17
2 8
2 21
3 10
3 26
4 11
4 18
5 19
5 27
6 5
6 26
7 3
7 6
8 19
8 31
9 9
9 24
10 18
10 30
11 13
11 29
12 2
12 33
13 22
13 32
14 5
14 8
15 4
15 10
16 1
16 33
17 0
17 32
18 23
18 29
19 25
19 28
20 1
20 11
21 0
21 31
22 4
22 20
23 3
23 15
24 9
24 24
25 2
25 14
26 27
26 30
27 7
27 28
28 6
28 14
29 15
29 22
30 7
30 23
31 12
31 25
32 16
32 20
33 17
33 21

# solution 172
# n=34 sym=rot4 status=verified source=flammenkamp_cache/n34_rot4
# code=oHNDGCJ9L8S4R59IMETRU0I7D3VMW2P7A0W1XNQ8V1B2UKQFX364JBFOS6T5PCOELHKAG
0 17
0 23
1 13
1 16
2 12
2 19
3 9
3 21
4 8
4 28
5 4
5 27
6 5
6 9
7 18
7 22
8 14
8 29
9 27
9 30
10 0
10 18
11 7
11 13
12 3
12 31
13 22
13 32
14 2
14 25
15 7
15 10
16 0
16 32
17 1
17 33
18 23
18 26
19 8
19 31
20 1
20 11
21 2
21 30
22 20
22 26
23 15
23 33
24 3
24 6
25 4
25 19
26 11
26 15
27 24
27 28
28 6
28 29
29 5
29 25
30 12
30 24
31 14
31 21
32 17
32 20
33 10
33 16

