# solution 1
# n=35 sym=dia2 status=verified source=flammenkamp_cache/n35_dia2
# code=xADGL5OBH8R2BMRSU4JEG0W35CS0X9FEQ193VPX8KJP1Y6MTV2YIKFU467CNW7QHNATDILO
0 10
0 13
1 16
1 21
2 5
2 24
3 11
3 17
4 8
4 27
5 2
5 11
6 22
6 27
7 28
7 30
8 4
8 19
9 14
9 16
10 0
10 32
11 3
11 5
12 12
12 28
13 0
13 33
14 9
14 15
15 14
15 26
16 1
16 9
17 3
17 31
18 25
18 33
19 8
19 20
20 19
20 25
21 1
21 34
22 6
22 22
23 29
23 31
24 2
24 34
25 18
25 20
26 15
26 30
27 4
27 6
28 7
28 12
29 23
29 32
30 7
30 26
31 17
31 23
32 10
32 29
33 13
33 18
34 21
34 24

