# solution 1
# n=35 sym=rct4 status=verified source=flammenkamp_cache/n35_rct4
# code=cDM9OIRKLBQ5F892E4SSX1CFU0O3Y3RNT2HGIHW5B7V0VAY4JMX166UKWPQJT8NDE7GAPCL
0 13
0 22
1 9
1 24
2 18
2 27
3 20
3 21
4 11
4 26
5 5
5 15
6 8
6 9
7 2
7 14
8 4
8 28
9 28
9 33
10 1
10 12
11 15
11 30
12 0
12 24
13 3
13 34
14 3
14 27
15 23
15 29
16 2
16 17
17 16
17 18
18 17
18 32
19 5
19 11
20 7
20 31
21 0
21 31
22 10
22 34
23 4
23 19
24 22
24 33
25 1
25 6
26 6
26 30
27 20
27 32
28 25
28 26
29 19
29 29
30 8
30 23
31 13
31 14
32 7
32 16
33 10
33 25
34 12
34 21

# solution 2
# n=35 sym=rct4 status=verified source=flammenkamp_cache/n35_rct4
# code=cJRDO8B6KPQDJNV0E4W4C1G6WCPTX3R05HOGIAHTY7V159M2SIXMU2UKY3BFL89ESNQAL7F
0 19
0 27
1 13
1 24
2 8
2 11
3 6
3 20
4 25
4 26
5 13
5 19
6 23
6 31
7 0
7 14
8 4
8 32
9 4
9 12
10 1
10 16
11 6
11 32
12 12
12 25
13 29
13 33
14 3
14 27
15 0
15 5
16 17
16 24
17 16
17 18
18 10
18 17
19 29
19 34
20 7
20 31
21 1
21 5
22 9
22 22
23 2
23 28
24 18
24 33
25 22
25 30
26 2
26 30
27 20
27 34
28 3
28 11
29 15
29 21
30 8
30 9
31 14
31 28
32 23
32 26
33 10
33 21
34 7
34 15

# solution 3
# n=35 sym=rct4 status=verified source=flammenkamp_cache/n35_rct4
# code=cDN9I8T3N9L2AGM8ERWUXET036F4YORHM1SFJ6XCH7A0UJSVY5K1427KQCIOWDPBV5QGPBL
0 13
0 23
1 9
1 18
2 8
2 29
3 3
3 23
4 9
4 21
5 2
5 10
6 16
6 22
7 8
7 14
8 27
8 32
9 30
9 33
10 14
10 29
11 0
11 3
12 6
12 15
13 4
13 34
14 24
14 27
15 17
15 22
16 1
16 28
17 15
17 19
18 6
18 33
19 12
19 17
20 7
20 10
21 0
21 30
22 19
22 28
23 31
23 34
24 5
24 20
25 1
25 4
26 2
26 7
27 20
27 26
28 12
28 18
29 24
29 32
30 13
30 25
31 11
31 31
32 5
32 26
33 16
33 25
34 11
34 21

# solution 4
# n=35 sym=rct4 status=verified source=flammenkamp_cache/n35_rct4
# code=cMOFGOV2M6F9L8ULQ7SKT02BG03579HUXNXEK1B14HPRTVYINWY5E6R8D4QDPJSCW3AIJAC
0 22
0 24
1 15
1 16
2 24
2 31
3 2
3 22
4 6
4 15
5 9
5 21
6 8
6 30
7 21
7 26
8 7
8 28
9 20
9 29
10 0
10 2
11 11
11 16
12 0
12 3
13 5
13 7
14 9
14 17
15 30
15 33
16 23
16 33
17 14
17 20
18 1
18 11
19 1
19 4
20 17
20 25
21 27
21 29
22 31
22 34
23 18
23 23
24 32
24 34
25 5
25 14
26 6
26 27
27 8
27 13
28 4
28 26
29 13
29 25
30 19
30 28
31 12
31 32
32 3
32 10
33 18
33 19
34 10
34 12

# solution 5
# n=35 sym=rct4 status=verified source=flammenkamp_cache/n35_rct4
# code=cCS8NFGQRJN6D0T3I3XADAP14EYPTHM4W7WEK2R2UCH590KUX9OLO1VGV5YLSBF78IJBQ6M
0 12
0 28
1 8
1 23
2 15
2 16
3 26
3 27
4 19
4 23
5 6
5 13
6 0
6 29
7 3
7 18
8 3
8 33
9 10
9 13
10 10
10 25
11 1
11 4
12 14
12 34
13 25
13 29
14 17
14 22
15 4
15 32
16 7
16 32
17 14
17 20
18 2
18 27
19 2
19 30
20 12
20 17
21 5
21 9
22 0
22 20
23 30
23 33
24 9
24 24
25 21
25 24
26 1
26 31
27 16
27 31
28 5
28 34
29 21
29 28
30 11
30 15
31 7
31 8
32 18
32 19
33 11
33 26
34 6
34 22

# solution 6
# n=35 sym=rct4 status=verified source=flammenkamp_cache/n35_rct4
# code=cGLAQAE3NFT49MR6I1MBTWX3P680FHWLU7YEK0R4D2HJYQS9V125NCXGS7CPU5JBVKO8ODI
0 16
0 21
1 10
1 26
2 10
2 14
3 3
3 23
4 15
4 29
5 4
5 9
6 22
6 27
7 6
7 18
8 1
8 22
9 11
9 29
10 32
10 33
11 3
11 25
12 6
12 8
13 0
13 15
14 17
14 32
15 21
15 30
16 7
16 34
17 14
17 20
18 0
18 27
19 4
19 13
20 2
20 17
21 19
21 34
22 26
22 28
23 9
23 31
24 1
24 2
25 5
25 23
26 12
26 33
27 16
27 28
28 7
28 12
29 25
29 30
30 5
30 19
31 11
31 31
32 20
32 24
33 8
33 24
34 13
34 18

# solution 7
# n=35 sym=rct4 status=verified source=flammenkamp_cache/n35_rct4
# code=cFPCJAU3P2EIN8NCOIS037W56RXEHLU1Y58DLQT0X4DHK17ST2RVY6GAMBQBGKW9V4OFM9J
0 15
0 25
1 12
1 19
2 10
2 30
3 3
3 25
4 2
4 14
5 18
5 23
6 8
6 23
7 12
7 24
8 18
8 28
9 0
9 3
10 7
10 32
11 5
11 6
12 27
12 33
13 14
13 17
14 21
14 30
15 1
15 34
16 5
16 8
17 13
17 21
18 26
18 29
19 0
19 33
20 4
20 13
21 17
21 20
22 1
22 7
23 28
23 29
24 2
24 27
25 31
25 34
26 6
26 16
27 10
27 22
28 11
28 26
29 11
29 16
30 20
30 32
31 9
31 31
32 4
32 24
33 15
33 22
34 9
34 19

# solution 8
# n=35 sym=rct4 status=verified source=flammenkamp_cache/n35_rct4
# code=cFNABEGRU3AGMJL3P9E7QUX0X5H6DQW6YTWCM250S28LSHT1Y148RKP9VDFCIOV47IKNOBJ
0 15
0 23
1 10
1 11
2 14
2 16
3 27
3 30
4 3
4 10
5 16
5 22
6 19
6 21
7 3
7 25
8 9
8 14
9 7
9 26
10 30
10 33
11 0
11 33
12 5
12 17
13 6
13 13
14 26
14 32
15 6
15 34
16 29
16 32
17 12
17 22
18 2
18 5
19 0
19 28
20 2
20 8
21 21
21 28
22 17
22 29
23 1
23 34
24 1
24 4
25 8
25 27
26 20
26 25
27 9
27 31
28 13
28 15
29 12
29 18
30 24
30 31
31 4
31 7
32 18
32 20
33 23
33 24
34 11
34 19

# solution 9
# n=35 sym=rct4 status=verified source=flammenkamp_cache/n35_rct4
# code=c9OGJDM3N6RDERU46MOEY083H28TWPT1GJXBN1FIX5925QWHVQY0KACSU47KL7SBVCLFIAP
0 9
0 24
1 16
1 19
2 13
2 22
3 3
3 23
4 6
4 27
5 13
5 14
6 27
6 30
7 4
7 6
8 22
8 24
9 14
9 34
10 0
10 8
11 3
11 17
12 2
12 8
13 29
13 32
14 25
14 29
15 1
15 16
16 19
16 33
17 11
17 23
18 1
18 15
19 18
19 33
20 5
20 9
21 2
21 5
22 26
22 32
23 17
23 31
24 26
24 34
25 0
25 20
26 10
26 12
27 28
27 30
28 4
28 7
29 20
29 21
30 7
30 28
31 11
31 31
32 12
32 21
33 15
33 18
34 10
34 25

# solution 10
# n=35 sym=rct4 status=verified source=flammenkamp_cache/n35_rct4
# code=c8MEG2FLSGQAL37NS4YAEPT7H0F35PXMWUXBN142C19TVJYHR59KO0U6BRVDO8I6DJWIKCQ
0 8
0 22
1 14
1 16
2 2
2 15
3 21
3 28
4 16
4 26
5 10
5 21
6 3
6 7
7 23
7 28
8 4
8 34
9 10
9 14
10 25
10 29
11 7
11 17
12 0
12 15
13 3
13 5
14 25
14 33
15 22
15 32
16 30
16 33
17 11
17 23
18 1
18 4
19 2
19 12
20 1
20 9
21 29
21 31
22 19
22 34
23 17
23 27
24 5
24 9
25 20
25 24
26 0
26 30
27 6
27 11
28 27
28 31
29 13
29 24
30 8
30 18
31 6
31 13
32 19
32 32
33 18
33 20
34 12
34 26

# solution 11
# n=35 sym=rct4 status=verified source=flammenkamp_cache/n35_rct4
# code=c09EGEGNQPQJL7AAS344YRS3HFL5CWX5MWXBN12CT12MTDJHV670UUV6OORDF898BIKIKPY
0 0
0 9
1 14
1 16
2 14
2 16
3 23
3 26
4 25
4 26
5 19
5 21
6 7
6 10
7 10
7 28
8 3
8 4
9 4
9 34
10 27
10 28
11 3
11 17
12 15
12 21
13 5
13 12
14 32
14 33
15 5
15 22
16 32
16 33
17 11
17 23
18 1
18 2
19 12
19 29
20 1
20 2
21 22
21 29
22 13
22 19
23 17
23 31
24 6
24 7
25 0
25 30
26 30
26 31
27 6
27 24
28 24
28 27
29 13
29 15
30 8
30 9
31 8
31 11
32 18
32 20
33 18
33 20
34 25
34 34

# solution 12
# n=35 sym=rct4 status=verified source=flammenkamp_cache/n35_rct4
# code=cCDCGPRDQOT4J6A2B3K2H4SKRXYVY8B5GJX9P1FITNQ03017E6UHWEVNWOSFU5A8L79IMLM
0 12
0 13
1 12
1 16
2 25
2 27
3 13
3 26
4 24
4 29
5 4
5 19
6 6
6 10
7 2
7 11
8 3
8 20
9 2
9 17
10 4
10 28
11 20
11 27
12 33
12 34
13 31
13 34
14 8
14 11
15 5
15 16
16 19
16 33
17 9
17 25
18 1
18 15
19 18
19 29
20 23
20 26
21 0
21 3
22 0
22 1
23 7
23 14
24 6
24 30
25 17
25 32
26 14
26 31
27 23
27 32
28 24
28 28
29 15
29 30
30 5
30 10
31 8
31 21
32 7
32 9
33 18
33 22
34 21
34 22

# solution 13
# n=35 sym=rct4 status=verified source=flammenkamp_cache/n35_rct4
# code=cCDCGPRDQ5OJU6A2B3K2H4SKRXYVY8B5GJX9P1FITNQ03017E6UHWEVNWOS4FAT8L79IMLM
0 12
0 13
1 12
1 16
2 25
2 27
3 13
3 26
4 5
4 24
5 19
5 30
6 6
6 10
7 2
7 11
8 3
8 20
9 2
9 17
10 4
10 28
11 20
11 27
12 33
12 34
13 31
13 34
14 8
14 11
15 5
15 16
16 19
16 33
17 9
17 25
18 1
18 15
19 18
19 29
20 23
20 26
21 0
21 3
22 0
22 1
23 7
23 14
24 6
24 30
25 17
25 32
26 14
26 31
27 23
27 32
28 24
28 28
29 4
29 15
30 10
30 29
31 8
31 21
32 7
32 9
33 18
33 22
34 21
34 22

# solution 14
# n=35 sym=rct4 status=verified source=flammenkamp_cache/n35_rct4
# code=cJOBQGL8P5SSU45BC1V3H0DRXJR2OEG0CKW9P2EMYIKAW7F17LYHV3XMNTU466T9QDI8NAF
0 19
0 24
1 11
1 26
2 16
2 21
3 8
3 25
4 5
4 28
5 28
5 30
6 4
6 5
7 11
7 12
8 1
8 31
9 3
9 17
10 0
10 13
11 27
11 33
12 19
12 27
13 2
13 24
14 14
14 16
15 0
15 12
16 20
16 32
17 9
17 25
18 2
18 14
19 22
19 34
20 18
20 20
21 10
21 32
22 7
22 15
23 1
23 7
24 21
24 34
25 17
25 31
26 3
26 33
27 22
27 23
28 29
28 30
29 4
29 6
30 6
30 29
31 9
31 26
32 13
32 18
33 8
33 23
34 10
34 15

# solution 15
# n=35 sym=rct4 status=verified source=flammenkamp_cache/n35_rct4
# code=c5TFG6BMO8G0Y6WAPKU7H3RCW3NFK8DLXUX9P141DLQEJBV2M7VHR4E9O2S0YIQACNSIJ5T
0 5
0 29
1 15
1 16
2 6
2 11
3 22
3 24
4 8
4 16
5 0
5 34
6 6
6 32
7 10
7 25
8 20
8 30
9 7
9 17
10 3
10 27
11 12
11 32
12 3
12 23
13 15
13 20
14 8
14 13
15 21
15 33
16 30
16 33
17 9
17 25
18 1
18 4
19 1
19 13
20 21
20 26
21 14
21 19
22 11
22 31
23 2
23 22
24 7
24 31
25 17
25 27
26 4
26 14
27 9
27 24
28 2
28 28
29 0
29 34
30 18
30 26
31 10
31 12
32 23
32 28
33 18
33 19
34 5
34 29

# solution 16
# n=35 sym=rct4 status=verified source=flammenkamp_cache/n35_rct4
# code=cCQOQFI35ST4V4ADH01CL1SEIPY9RFNKW2B7RNW2EBJ7P09GK6XDMXYHLOU3U56TVGJ8A8M
0 12
0 26
1 24
1 26
2 15
2 18
3 3
3 5
4 28
4 29
5 4
5 31
6 4
6 10
7 13
7 17
8 0
8 1
9 12
9 21
10 1
10 28
11 14
11 18
12 25
12 34
13 9
13 27
14 15
14 23
15 20
15 32
16 2
16 11
17 7
17 27
18 23
18 32
19 2
19 14
20 11
20 19
21 7
21 25
22 0
22 9
23 16
23 20
24 6
24 33
25 13
25 22
26 33
26 34
27 17
27 21
28 24
28 30
29 3
29 30
30 5
30 6
31 29
31 31
32 16
32 19
33 8
33 10
34 8
34 22

# solution 17
# n=35 sym=rct4 status=verified source=flammenkamp_cache/n35_rct4
# code=cCIALGQ8NFM5R9J5H2VKSNX3A4Y1E9L6U0W7R2Y4SDPKX0UOV1B6E3WHTFP7TCJBQ8IDOGM
0 12
0 18
1 10
1 21
2 16
2 26
3 8
3 23
4 15
4 22
5 5
5 27
6 9
6 19
7 5
7 17
8 2
8 31
9 20
9 28
10 23
10 33
11 3
11 10
12 4
12 34
13 1
13 14
14 9
14 21
15 6
15 30
16 0
16 32
17 7
17 27
18 2
18 34
19 4
19 28
20 13
20 25
21 20
21 33
22 0
22 30
23 24
23 31
24 1
24 11
25 6
25 14
26 3
26 32
27 17
27 29
28 15
28 25
29 7
29 29
30 12
30 19
31 11
31 26
32 8
32 18
33 13
33 24
34 16
34 22

# solution 18
# n=35 sym=rct4 status=verified source=flammenkamp_cache/n35_rct4
# code=c9MGREIOR9Q5AEH134BUY3TLQ0FBFSWLM2X6S1WCD26JNJY8D5V04NUVXHKOT8P7AGK7ICP
0 9
0 22
1 16
1 27
2 14
2 18
3 24
3 27
4 9
4 26
5 5
5 10
6 14
6 17
7 1
7 3
8 4
8 11
9 30
9 34
10 3
10 29
11 21
11 26
12 0
12 15
13 11
13 15
14 28
14 32
15 21
15 22
16 2
16 33
17 6
17 28
18 1
18 32
19 12
19 13
20 2
20 6
21 19
21 23
22 19
22 34
23 8
23 13
24 5
24 31
25 0
25 4
26 23
26 30
27 31
27 33
28 17
28 20
29 24
29 29
30 8
30 25
31 7
31 10
32 16
32 20
33 7
33 18
34 12
34 25

# solution 19
# n=35 sym=rct4 status=verified source=flammenkamp_cache/n35_rct4
# code=c9FGLKM5H8RSV5A4GFUMYNSAD291N2EQYRX3V1708KWBXPWLO6B0C4JIUOT367QHTCEDIJP
0 9
0 15
1 16
1 21
2 20
2 22
3 5
3 17
4 8
4 27
5 28
5 31
6 5
6 10
7 4
7 16
8 15
8 30
9 22
9 34
10 23
10 28
11 10
11 13
12 2
12 9
13 1
13 23
14 2
14 14
15 26
15 34
16 27
16 33
17 3
17 31
18 1
18 7
19 0
19 8
20 20
20 32
21 11
21 33
22 25
22 32
23 21
23 24
24 6
24 11
25 0
25 12
26 4
26 19
27 18
27 30
28 24
28 29
29 3
29 6
30 7
30 26
31 17
31 29
32 12
32 14
33 13
33 18
34 19
34 25

# solution 20
# n=35 sym=rct4 status=verified source=flammenkamp_cache/n35_rct4
# code=cKOCOEH6C5N9UGV9LDFRT014FVX7Q0WNQGS2W6I8B2Y8R13JUXY57JLDP3I4PBTMSHKAMAE
0 20
0 24
1 12
1 24
2 14
2 17
3 6
3 12
4 5
4 23
5 9
5 30
6 16
6 31
7 9
7 21
8 13
8 15
9 27
9 29
10 0
10 1
11 4
11 15
12 31
12 33
13 7
13 26
14 0
14 32
15 23
15 26
16 16
16 28
17 2
17 32
18 6
18 18
19 8
19 11
20 2
20 34
21 8
21 27
22 1
22 3
23 19
23 30
24 33
24 34
25 5
25 7
26 19
26 21
27 13
27 25
28 3
28 18
29 4
29 25
30 11
30 29
31 22
31 28
32 17
32 20
33 10
33 22
34 10
34 14

# solution 21
# n=35 sym=rct4 status=verified source=flammenkamp_cache/n35_rct4
# code=c8ODSHLBF68MN1UEIUY9M0J5V592XGRAV7K2WER3O7I1WPT3TFYCP04GK4XBCQSJNDH6LAQ
0 8
0 24
1 13
1 28
2 17
2 21
3 11
3 15
4 6
4 8
5 22
5 23
6 1
6 30
7 14
7 18
8 30
8 34
9 9
9 22
10 0
10 19
11 5
11 31
12 5
12 9
13 2
13 33
14 16
14 27
15 10
15 31
16 7
16 20
17 2
17 32
18 14
18 27
19 3
19 24
20 7
20 18
21 1
21 32
22 25
22 29
23 3
23 29
24 15
24 34
25 12
25 25
26 0
26 4
27 16
27 20
28 4
28 33
29 11
29 12
30 26
30 28
31 19
31 23
32 13
32 17
33 6
33 21
34 10
34 26

# solution 22
# n=35 sym=rct4 status=verified source=flammenkamp_cache/n35_rct4
# code=cGLACHQ5NGQ6VBTAJ249KRX3SFX0E9L7MUY2W04CRDPKY1J6V17EPUWFO5N3S8IBT8HMODI
0 16
0 21
1 10
1 12
2 17
2 26
3 5
3 23
4 16
4 26
5 6
5 31
6 11
6 29
7 10
7 19
8 2
8 4
9 9
9 20
10 27
10 33
11 3
11 28
12 15
12 33
13 0
13 14
14 9
14 21
15 7
15 22
16 30
16 34
17 2
17 32
18 0
18 4
19 12
19 27
20 13
20 25
21 20
21 34
22 1
22 19
23 6
23 31
24 1
24 7
25 14
25 25
26 30
26 32
27 15
27 24
28 5
28 23
29 3
29 28
30 8
30 18
31 11
31 29
32 8
32 17
33 22
33 24
34 13
34 18

# solution 23
# n=35 sym=rct4 status=verified source=flammenkamp_cache/n35_rct4
# code=c68HM3ENWDF8RIY57TYCGEN3A1PFUOWLU6P1X9S4D2A4J9XOVBKIM05RT0G7QJL2BKVCHQS
0 6
0 8
1 17
1 22
2 3
2 14
3 23
3 32
4 13
4 15
5 8
5 27
6 18
6 34
7 5
7 7
8 29
8 34
9 12
9 16
10 14
10 23
11 3
11 10
12 1
12 25
13 15
13 30
14 24
14 32
15 21
15 30
16 6
16 25
17 1
17 33
18 9
18 28
19 4
19 13
20 2
20 10
21 4
21 19
22 9
22 33
23 24
23 31
24 11
24 20
25 18
25 22
26 0
26 5
27 27
27 29
28 0
28 16
29 7
29 26
30 19
30 21
31 2
31 11
32 20
32 31
33 12
33 17
34 26
34 28

