# solution 1
# n=36 sym=dia2 status=verified source=flammenkamp_cache/n36_dia2
# code=x7JENNP9F9SPU8E0V6I34UXKMXYGO163ODZHR8I0MBWTYBJ12DF25VWHT4ZLR5A7QKQACCLGS
0 7
0 19
1 14
1 23
2 23
2 25
3 9
3 15
4 9
4 28
5 25
5 30
6 8
6 14
7 0
7 31
8 6
8 18
9 3
9 4
10 30
10 33
11 20
11 22
12 33
12 34
13 16
13 24
14 1
14 6
15 3
15 24
16 13
16 35
17 17
17 27
18 8
18 18
19 0
19 22
20 11
20 32
21 29
21 34
22 11
22 19
23 1
23 2
24 13
24 15
25 2
25 5
26 31
26 32
27 17
27 29
28 4
28 35
29 21
29 27
30 5
30 10
31 7
31 26
32 20
32 26
33 10
33 12
34 12
34 21
35 16
35 28

