# solution 1
# n=37 sym=rct4 status=verified source=flammenkamp_cache/n37_rct4
# code=cEF9H2EQTPR6K8V3NKU4Z3O4CAP7HYaIa58NZFL1DSV0I02JTBQOWCX1W6GDX5SGU9B7AMYJRLM
0 14
0 15
1 9
1 17
2 2
2 14
3 26
3 29
4 25
4 27
5 6
5 20
6 8
6 31
7 3
7 23
8 20
8 30
9 4
9 35
10 3
10 24
11 4
11 12
12 10
12 25
13 7
13 17
14 34
14 36
15 18
15 36
16 5
16 8
17 23
17 35
18 15
18 21
19 1
19 13
20 28
20 31
21 0
21 18
22 0
22 2
23 19
23 29
24 11
24 26
25 24
25 32
26 12
26 33
27 1
27 32
28 6
28 16
29 13
29 33
30 5
30 28
31 16
31 30
32 9
32 11
33 7
33 10
34 22
34 34
35 19
35 27
36 21
36 22

# solution 2
# n=37 sym=rct4 status=verified source=flammenkamp_cache/n37_rct4
# code=cDRKLAB584MUX5KCMCX0ARYHYSTHa471I16NPFLBDUZIZTW0J782J29Qa3OEOGV36EWSVPQFG9N
0 13
0 27
1 20
1 21
2 10
2 11
3 5
3 8
4 4
4 22
5 30
5 33
6 5
6 20
7 12
7 22
8 12
8 33
9 0
9 10
10 27
10 34
11 17
11 34
12 28
12 29
13 17
13 36
14 4
14 7
15 1
15 18
16 1
16 6
17 23
17 25
18 15
18 21
19 11
19 13
20 30
20 35
21 18
21 35
22 29
22 32
23 0
23 19
24 7
24 8
25 2
25 19
26 2
26 9
27 26
27 36
28 3
28 24
29 14
29 24
30 16
30 31
31 3
31 6
32 14
32 32
33 28
33 31
34 25
34 26
35 15
35 16
36 9
36 23

# solution 3
# n=37 sym=rct4 status=verified source=flammenkamp_cache/n37_rct4
# code=cALHOBG7B4OHT8N5X9UGSMaXY146EAN0IRYVZFL1529IaDQMUWZ230E8K6R3VDS7JCWPTKPCJFQ
0 10
0 21
1 17
1 24
2 11
2 16
3 7
3 11
4 4
4 24
5 17
5 29
6 8
6 23
7 5
7 33
8 9
8 30
9 16
9 28
10 22
10 36
11 33
11 34
12 1
12 4
13 6
13 14
14 10
14 23
15 0
15 18
16 27
16 34
17 31
17 35
18 15
18 21
19 1
19 5
20 2
20 9
21 18
21 36
22 13
22 26
23 22
23 30
24 32
24 35
25 2
25 3
26 0
26 14
27 8
27 20
28 6
28 27
29 3
29 31
30 13
30 28
31 7
31 19
32 12
32 32
33 25
33 29
34 20
34 25
35 12
35 19
36 15
36 26

# solution 4
# n=37 sym=rct4 status=verified source=flammenkamp_cache/n37_rct4
# code=cGNADGS3L6BOQTW6L29OS5ZJW590ZHI37YaBMEMEP02TXIJ1aRV4H1V8CRYFU47ACPUFX8KNQDK
0 16
0 23
1 10
1 13
2 16
2 28
3 3
3 21
4 6
4 11
5 24
5 26
6 29
6 32
7 6
7 21
8 2
8 9
9 24
9 28
10 5
10 35
11 19
11 32
12 5
12 9
13 0
13 35
14 17
14 18
15 3
15 7
16 34
16 36
17 11
17 22
18 14
18 22
19 14
19 25
20 0
20 2
21 29
21 33
22 18
22 19
23 1
23 36
24 27
24 31
25 4
25 17
26 1
26 31
27 8
27 12
28 27
28 34
29 15
29 30
30 4
30 7
31 10
31 12
32 25
32 30
33 15
33 33
34 8
34 20
35 23
35 26
36 13
36 20

# solution 5
# n=37 sym=rct4 status=verified source=flammenkamp_cache/n37_rct4
# code=cELBOJK36AGCLJXRS7R78NWDZ1VAPIa052W26EMUY4YVa0IBQ5Z1N4DST9T893HFOKQUXGHCPFM
0 14
0 21
1 11
1 24
2 19
2 20
3 3
3 6
4 10
4 16
5 12
5 21
6 19
6 33
7 27
7 28
8 7
8 27
9 7
9 8
10 23
10 32
11 13
11 35
12 1
12 31
13 10
13 25
14 18
14 36
15 0
15 5
16 2
16 32
17 2
17 6
18 14
18 22
19 30
19 34
20 4
20 34
21 31
21 36
22 0
22 18
23 11
23 26
24 5
24 35
25 1
25 23
26 4
26 13
27 28
27 29
28 9
28 29
29 8
29 9
30 3
30 17
31 15
31 24
32 20
32 26
33 30
33 33
34 16
34 17
35 12
35 25
36 15
36 22

# solution 6
# n=37 sym=rct4 status=verified source=flammenkamp_cache/n37_rct4
# code=cFO9ANWGK2TFH6A4RCE7ZUZHM0S2IBSVa3XPVDN5B3X058PIY8aEJ161TMO9WQUJL7YGK4DQRCL
0 15
0 24
1 9
1 10
2 23
2 32
3 16
3 20
4 2
4 29
5 15
5 17
6 6
6 10
7 4
7 27
8 12
8 14
9 7
9 35
10 30
10 35
11 17
11 22
12 0
12 28
13 2
13 18
14 11
14 28
15 31
15 36
16 3
16 33
17 25
17 31
18 13
18 23
19 5
19 11
20 3
20 33
21 0
21 5
22 8
22 25
23 18
23 34
24 8
24 36
25 14
25 19
26 1
26 6
27 1
27 29
28 22
28 24
29 9
29 32
30 26
30 30
31 19
31 21
32 7
32 34
33 16
33 20
34 4
34 13
35 26
35 27
36 12
36 21

# solution 7
# n=37 sym=rct4 status=verified source=flammenkamp_cache/n37_rct4
# code=cFO9ANWGK27FH6ARWCE7ZUZHM0S2IBSVa3XPVDN5B3X058PIY8aEJ161TMO49QUJLTYGK4DQRCL
0 15
0 24
1 9
1 10
2 23
2 32
3 16
3 20
4 2
4 7
5 15
5 17
6 6
6 10
7 27
7 32
8 12
8 14
9 7
9 35
10 30
10 35
11 17
11 22
12 0
12 28
13 2
13 18
14 11
14 28
15 31
15 36
16 3
16 33
17 25
17 31
18 13
18 23
19 5
19 11
20 3
20 33
21 0
21 5
22 8
22 25
23 18
23 34
24 8
24 36
25 14
25 19
26 1
26 6
27 1
27 29
28 22
28 24
29 4
29 9
30 26
30 30
31 19
31 21
32 29
32 34
33 16
33 20
34 4
34 13
35 26
35 27
36 12
36 21

# solution 8
# n=37 sym=rct4 status=verified source=flammenkamp_cache/n37_rct4
# code=c9BHL6OFGSV47MYSV47KaDHBa2EIQ6O1X9XQZDN1A3R3ZCUAIMY0PJN0GTW582ETW58KLCUFJPR
0 9
0 11
1 17
1 21
2 6
2 24
3 15
3 16
4 28
4 31
5 4
5 7
6 22
6 34
7 28
7 31
8 4
8 7
9 20
9 36
10 13
10 17
11 11
11 36
12 2
12 14
13 18
13 26
14 6
14 24
15 1
15 33
16 9
16 33
17 26
17 35
18 13
18 23
19 1
19 10
20 3
20 27
21 3
21 35
22 12
22 30
23 10
23 18
24 22
24 34
25 0
25 25
26 19
26 23
27 0
27 16
28 29
28 32
29 5
29 8
30 2
30 14
31 29
31 32
32 5
32 8
33 20
33 21
34 12
34 30
35 15
35 19
36 25
36 27

# solution 9
# n=37 sym=rct4 status=verified source=flammenkamp_cache/n37_rct4
# code=cAF9HDX2G4C7OFQHVBR8Z6aES5WIYGPUaMXTZDN173E06BK2I4V8M0U1S9P5JALCTOWKY3NJRLQ
0 10
0 15
1 9
1 17
2 13
2 33
3 2
3 16
4 4
4 12
5 7
5 24
6 15
6 26
7 17
7 31
8 11
8 27
9 8
9 35
10 6
10 36
11 14
11 28
12 5
12 32
13 18
13 34
14 16
14 25
15 30
15 36
16 22
16 33
17 29
17 35
18 13
18 23
19 1
19 7
20 3
20 14
21 0
21 6
22 11
22 20
23 2
23 18
24 4
24 31
25 8
25 22
26 0
26 30
27 1
27 28
28 9
28 25
29 5
29 19
30 10
30 21
31 12
31 29
32 24
32 32
33 20
33 34
34 3
34 23
35 19
35 27
36 21
36 26

# solution 10
# n=37 sym=rct4 status=verified source=flammenkamp_cache/n37_rct4
# code=cFJBJCSFK4769QVGW2EPV6C9ZQYEINSXa3T01DNZa7X038DIM2A1ROU5BMY4K5ARUTWGL8OHPHL
0 15
0 19
1 11
1 19
2 12
2 28
3 15
3 20
4 4
4 7
5 6
5 9
6 26
6 31
7 16
7 32
8 2
8 14
9 25
9 31
10 6
10 12
11 9
11 35
12 26
12 34
13 14
13 18
14 23
14 28
15 33
15 36
16 3
16 29
17 0
17 1
18 13
18 23
19 35
19 36
20 7
20 33
21 0
21 3
22 8
22 13
23 18
23 22
24 2
24 10
25 1
25 27
26 24
26 30
27 5
27 11
28 22
28 34
29 4
29 20
30 5
30 10
31 27
31 30
32 29
32 32
33 16
33 21
34 8
34 24
35 17
35 25
36 17
36 21

# solution 11
# n=37 sym=rct4 status=verified source=flammenkamp_cache/n37_rct4
# code=cBLBH26LSGOASHYMR357ARVZa4IGM7D03NWUZCO164DXaNTEKIW0159QTVX9E2J8QCK8FUYJPFP
0 11
0 21
1 11
1 17
2 2
2 6
3 21
3 28
4 16
4 24
5 10
5 28
6 17
6 34
7 22
7 27
8 3
8 5
9 7
9 10
10 27
10 31
11 35
11 36
12 4
12 18
13 16
13 22
14 7
14 13
15 0
15 3
16 23
16 32
17 30
17 35
18 12
18 24
19 1
19 6
20 4
20 13
21 33
21 36
22 23
22 29
23 14
23 20
24 18
24 32
25 0
25 1
26 5
26 9
27 26
27 29
28 31
28 33
29 9
29 14
30 2
30 19
31 8
31 26
32 12
32 20
33 8
33 15
34 30
34 34
35 19
35 25
36 15
36 25

# solution 12
# n=37 sym=rct4 status=verified source=flammenkamp_cache/n37_rct4
# code=cJPJLACAE4ESU5LGR5N7PXY09IY8GWX16NT01COZa7DUZ34KS2IRa23BTDV9KFV68MWMQOQFHBH
0 19
0 25
1 19
1 21
2 10
2 12
3 10
3 14
4 4
4 14
5 28
5 30
6 5
6 21
7 16
7 27
8 5
8 23
9 7
9 25
10 33
10 34
11 0
11 9
12 18
12 34
13 8
13 16
14 32
14 33
15 1
15 6
16 23
16 29
17 0
17 1
18 12
18 24
19 35
19 36
20 7
20 13
21 30
21 35
22 3
22 4
23 20
23 28
24 2
24 18
25 27
25 36
26 2
26 3
27 11
27 29
28 13
28 31
29 9
29 20
30 15
30 31
31 6
31 8
32 22
32 32
33 22
33 26
34 24
34 26
35 15
35 17
36 11
36 17

# solution 13
# n=37 sym=rct4 status=verified source=flammenkamp_cache/n37_rct4
# code=cLPDPGL8EKV4SCRDE5X6Q9I01HUTZTX024YHOAQCJ2WYa37176JZaIRAU3VMN9O8W5GMSFKBNBF
0 21
0 25
1 13
1 25
2 16
2 21
3 8
3 14
4 20
4 31
5 4
5 28
6 12
6 27
7 13
7 14
8 5
8 33
9 6
9 26
10 9
10 18
11 0
11 1
12 17
12 30
13 29
13 35
14 29
14 33
15 0
15 2
16 4
16 34
17 17
17 24
18 10
18 26
19 12
19 19
20 2
20 32
21 34
21 36
22 3
22 7
23 1
23 7
24 6
24 19
25 35
25 36
26 18
26 27
27 10
27 30
28 3
28 31
29 22
29 23
30 9
30 24
31 8
31 32
32 5
32 16
33 22
33 28
34 15
34 20
35 11
35 23
36 11
36 15

# solution 14
# n=37 sym=rct4 status=verified source=flammenkamp_cache/n37_rct4
# code=cCHDPLP379M6GHVNXEQOW8I129a7Z4S2GLVUaAQ065FKY8W1T0RYZIS4CAM3D5JKUERTXBFBNJO
0 12
0 17
1 13
1 25
2 21
2 25
3 3
3 7
4 9
4 22
5 6
5 16
6 17
6 31
7 23
7 33
8 14
8 26
9 24
9 32
10 8
10 18
11 1
11 2
12 9
12 36
13 7
13 35
14 4
14 28
15 2
15 16
16 21
16 31
17 30
17 36
18 10
18 26
19 0
19 6
20 5
20 15
21 20
21 34
22 8
22 32
23 1
23 29
24 0
24 27
25 34
25 35
26 18
26 28
27 4
27 12
28 10
28 22
29 3
29 13
30 5
30 19
31 20
31 30
32 14
32 27
33 29
33 33
34 11
34 15
35 11
35 23
36 19
36 24

# solution 15
# n=37 sym=rct4 status=verified source=flammenkamp_cache/n37_rct4
# code=cFKANEK8O6UFR4WIOPX5HBZ8Q371HEYVa02NR7T9DYa052MJZTXAS1PJV3BCI4W9L6UCSGMDQGL
0 15
0 20
1 10
1 23
2 14
2 20
3 8
3 24
4 6
4 30
5 15
5 27
6 4
6 32
7 18
7 24
8 25
8 33
9 5
9 17
10 11
10 35
11 8
11 26
12 3
12 7
13 1
13 17
14 14
14 34
15 31
15 36
16 0
16 2
17 23
17 27
18 7
18 29
19 9
19 13
20 34
20 36
21 0
21 5
22 2
22 22
23 19
23 35
24 29
24 33
25 10
25 28
26 1
26 25
27 19
27 31
28 3
28 11
29 12
29 18
30 4
30 32
31 9
31 21
32 6
32 30
33 12
33 28
34 16
34 22
35 13
35 26
36 16
36 21

# solution 16
# n=37 sym=rct4 status=verified source=flammenkamp_cache/n37_rct4
# code=c7QHLBNCS4JRSEIAa355N0TCYPX29GU1GLM4Z6U1WEFKZ6KRY3B2O7aDVVX0QIM89HW8ODPFJAT
0 7
0 26
1 17
1 21
2 11
2 23
3 12
3 28
4 4
4 19
5 27
5 28
6 14
6 18
7 10
7 36
8 3
8 5
9 5
9 23
10 0
10 29
11 12
11 34
12 25
12 33
13 2
13 9
14 16
14 30
15 1
15 16
16 21
16 22
17 4
17 35
18 6
18 30
19 1
19 32
20 14
20 15
21 20
21 35
22 6
22 20
23 27
23 34
24 3
24 11
25 2
25 24
26 7
26 36
27 13
27 31
28 31
28 33
29 0
29 26
30 18
30 22
31 8
31 9
32 17
32 32
33 8
33 24
34 13
34 25
35 15
35 19
36 10
36 29

# solution 17
# n=37 sym=rct4 status=verified source=flammenkamp_cache/n37_rct4
# code=c8EJOHR8K4EATIR5GXa26BVLQ1DFOWaBN3T1Y6U2Z7XDP04CLNZAF5PUY03KV9I7QMWGS9JCHMS
0 8
0 14
1 19
1 24
2 17
2 27
3 8
3 20
4 4
4 14
5 10
5 29
6 18
6 27
7 5
7 16
8 33
8 36
9 2
9 6
10 11
10 31
11 21
11 26
12 1
12 13
13 15
13 24
14 32
14 36
15 11
15 23
16 3
16 29
17 1
17 34
18 6
18 30
19 2
19 35
20 7
20 33
21 13
21 25
22 0
22 4
23 12
23 21
24 23
24 35
25 10
25 15
26 5
26 25
27 30
27 34
28 0
28 3
29 20
29 31
30 9
30 18
31 7
31 26
32 22
32 32
33 16
33 28
34 9
34 19
35 12
35 17
36 22
36 28

# solution 18
# n=37 sym=rct4 status=verified source=flammenkamp_cache/n37_rct4
# code=cGPAH2EMRIQ7NBD8VLT3C4Z0UKR5U3Y8HCaLZ4W1F0OJS2X6V9G6a1WOX7F5SNPDTAI9EMYJQBK
0 16
0 25
1 10
1 17
2 2
2 14
3 22
3 27
4 18
4 26
5 7
5 23
6 11
6 13
7 8
7 31
8 21
8 29
9 3
9 12
10 4
10 35
11 0
11 30
12 20
12 27
13 5
13 30
14 3
14 34
15 8
15 17
16 12
16 36
17 21
17 35
18 4
18 32
19 1
19 15
20 0
20 24
21 19
21 28
22 2
22 33
23 6
23 31
24 9
24 16
25 6
25 36
26 1
26 32
27 24
27 33
28 7
28 15
29 5
29 28
30 23
30 25
31 13
31 29
32 10
32 18
33 9
33 14
34 22
34 34
35 19
35 26
36 11
36 20

# solution 19
# n=37 sym=rct4 status=verified source=flammenkamp_cache/n37_rct4
# code=c7NAGIJEROU5B47UaFG3ARZNV4F0BHXOSSZ2M2YEY188C3JPaLW5D19QXKL06TWPV6C9MHIKQDT
0 7
0 23
1 10
1 16
2 18
2 19
3 14
3 27
4 24
4 30
5 5
5 11
6 4
6 7
7 30
7 36
8 15
8 16
9 3
9 10
10 27
10 35
11 23
11 31
12 4
12 15
13 0
13 11
14 17
14 33
15 24
15 28
16 28
16 35
17 2
17 22
18 2
18 34
19 14
19 34
20 1
20 8
21 8
21 12
22 3
22 19
23 25
23 36
24 21
24 32
25 5
25 13
26 1
26 9
27 26
27 33
28 20
28 21
29 0
29 6
30 29
30 32
31 25
31 31
32 6
32 12
33 9
33 22
34 17
34 18
35 20
35 26
36 13
36 29

# solution 20
# n=37 sym=rct4 status=verified source=flammenkamp_cache/n37_rct4
# code=cIMBGRU8O89BL2T6LWX2WJNVZ3NAC0G57MZAH0aJQ1ETVKaOQDX15DH4Y34FU7YFPRSCS69KPEI
0 18
0 22
1 11
1 16
2 27
2 30
3 8
3 24
4 8
4 9
5 11
5 21
6 2
6 29
7 6
7 21
8 32
8 33
9 2
9 32
10 19
10 23
11 31
11 35
12 3
12 23
13 10
13 12
14 0
14 16
15 5
15 7
16 22
16 35
17 10
17 17
18 0
18 36
19 19
19 26
20 1
20 14
21 29
21 31
22 20
22 36
23 24
23 26
24 13
24 33
25 1
25 5
26 13
26 17
27 4
27 34
28 3
28 4
29 15
29 30
30 7
30 34
31 15
31 25
32 27
32 28
33 12
33 28
34 6
34 9
35 20
35 25
36 14
36 18

# solution 21
# n=37 sym=rct4 status=verified source=flammenkamp_cache/n37_rct4
# code=cBIKL7P3G6O8O9WMYJVAUMR2a45FH7A1N1X8N0aDS3ZDZQTJLVW0Y9E6Q5H2E4RCSCUKXBTFGIP
0 11
0 18
1 20
1 21
2 7
2 25
3 3
3 16
4 6
4 24
5 8
5 24
6 9
6 32
7 22
7 34
8 19
8 31
9 10
9 30
10 22
10 27
11 2
11 36
12 4
12 5
13 15
13 17
14 7
14 10
15 1
15 23
16 1
16 33
17 8
17 23
18 0
18 36
19 13
19 28
20 3
20 35
21 13
21 35
22 26
22 29
23 19
23 21
24 31
24 32
25 0
25 34
26 9
26 14
27 6
27 26
28 5
28 17
29 2
29 14
30 4
30 27
31 12
31 28
32 12
32 30
33 20
33 33
34 11
34 29
35 15
35 16
36 18
36 25

