# solution 1
# n=38 sym=dia2 status=verified source=flammenkamp_cache/n38_dia2
# code=x0P9LOUAIEGQVHWUZ9Q183ETWHbMZ4AIO4a6C3FMYPV1XDJRX2F0K58NYTaBS275K6BLNJR7DGSCb
0 0
0 25
1 9
1 21
2 24
2 30
3 10
3 18
4 14
4 16
5 26
5 31
6 17
6 32
7 30
7 35
8 9
8 26
9 1
9 8
10 3
10 14
11 29
11 32
12 17
12 37
13 22
13 35
14 4
14 10
15 18
15 24
16 4
16 36
17 6
17 12
18 3
18 15
19 22
19 34
20 25
20 31
21 1
21 33
22 13
22 19
23 27
23 33
24 2
24 15
25 0
25 20
26 5
26 8
27 23
27 34
28 29
28 36
29 11
29 28
30 2
30 7
31 5
31 20
32 6
32 11
33 21
33 23
34 19
34 27
35 7
35 13
36 16
36 28
37 12
37 37

