# solution 1
# n=39 sym=rct4 status=verified source=flammenkamp_cache/n39_rct4
# code=cNVOW8BEHDLNV1M05Sa9C8DMaITSY1Z056B4ZJQIKCJ3YRWXc3b4A9K2GPUQT2AXcGb7FHPLORU6E7F
0 23
0 31
1 24
1 32
2 8
2 11
3 14
3 17
4 13
4 21
5 23
5 31
6 1
6 22
7 0
7 5
8 28
8 36
9 9
9 12
10 8
10 13
11 22
11 36
12 18
12 29
13 28
13 34
14 1
14 35
15 0
15 5
16 6
16 11
17 4
17 35
18 19
18 26
19 18
19 20
20 12
20 19
21 3
21 34
22 27
22 32
23 33
23 38
24 3
24 37
25 4
25 10
26 9
26 20
27 2
27 16
28 25
28 30
29 26
29 29
30 2
30 10
31 33
31 38
32 16
32 37
33 7
33 15
34 17
34 25
35 21
35 24
36 27
36 30
37 6
37 14
38 7
38 15

# solution 2
# n=39 sym=rct4 status=verified source=flammenkamp_cache/n39_rct4
# code=c9G8QISMOLSDF7Q7WDbEc24IN16UX3TBX3c4JRaHL2BJY0Z5R9Z58WbFKYa0O1P6VCVNPAHEGAKCUMT
0 9
0 16
1 8
1 26
2 18
2 28
3 22
3 24
4 21
4 28
5 13
5 15
6 7
6 26
7 7
7 32
8 13
8 37
9 14
9 38
10 2
10 4
11 18
11 23
12 1
12 6
13 30
13 33
14 3
14 29
15 11
15 33
16 3
16 38
17 4
17 19
18 27
18 36
19 17
19 21
20 2
20 11
21 19
21 34
22 0
22 35
23 5
23 27
24 9
24 35
25 5
25 8
26 32
26 37
27 15
27 20
28 34
28 36
29 0
29 24
30 1
30 25
31 6
31 31
32 12
32 31
33 23
33 25
34 10
34 17
35 14
35 16
36 10
36 20
37 12
37 30
38 22
38 29

# solution 3
# n=39 sym=rct4 status=verified source=flammenkamp_cache/n39_rct4
# code=cNO14GI9BTbNS7DKWBO4Z5LUZDGQW0805QaAJ7aHL2VJS2CXcUc6CMP38HX3YER6IPVAF19RTKMYbEF
0 23
0 24
1 1
1 4
2 16
2 18
3 9
3 11
4 29
4 37
5 23
5 28
6 7
6 13
7 20
7 32
8 11
8 24
9 4
9 35
10 5
10 21
11 30
11 35
12 13
12 16
13 26
13 32
14 0
14 8
15 0
15 5
16 26
16 36
17 10
17 19
18 7
18 36
19 17
19 21
20 2
20 31
21 19
21 28
22 2
22 12
23 33
23 38
24 30
24 38
25 6
25 12
26 22
26 25
27 3
27 8
28 17
28 33
29 3
29 34
30 14
30 27
31 6
31 18
32 25
32 31
33 10
33 15
34 1
34 9
35 27
35 29
36 20
36 22
37 34
37 37
38 14
38 15

# solution 4
# n=39 sym=rct4 status=verified source=flammenkamp_cache/n39_rct4
# code=cCULO7P7K4WFH4BZa0SGN8BSWKc2E1P9XJT1X3CGMQZ5b9J5TDbOa0I6ARUFMAc23RYLN6YIVDVEH8Q
0 12
0 30
1 21
1 24
2 7
2 25
3 7
3 20
4 4
4 32
5 15
5 17
6 4
6 11
7 35
7 36
8 0
8 28
9 16
9 23
10 8
10 11
11 28
11 32
12 20
12 38
13 2
13 14
14 1
14 25
15 9
15 33
16 19
16 29
17 1
17 33
18 3
18 12
19 16
19 22
20 26
20 35
21 5
21 37
22 9
22 19
23 5
23 29
24 13
24 37
25 24
25 36
26 0
26 18
27 6
27 10
28 27
28 30
29 15
29 22
30 10
30 38
31 2
31 3
32 27
32 34
33 21
33 23
34 6
34 34
35 18
35 31
36 13
36 31
37 14
37 17
38 8
38 26

# solution 5
# n=39 sym=rct4 status=verified source=flammenkamp_cache/n39_rct4
# code=cDRNO6A7SMOBD6aQZIT8I3a0X7HXc141H4JNQTUGM89CFJYLbYb05LV5c2ZKU9K3C2WPREGAVSWEFBP
0 13
0 27
1 23
1 24
2 6
2 10
3 7
3 28
4 22
4 24
5 11
5 13
6 6
6 36
7 26
7 35
8 18
8 29
9 8
9 18
10 3
10 36
11 0
11 33
12 7
12 17
13 33
13 38
14 1
14 4
15 1
15 17
16 4
16 19
17 23
17 26
18 29
18 30
19 16
19 22
20 8
20 9
21 12
21 15
22 19
22 34
23 21
23 37
24 34
24 37
25 0
25 5
26 21
26 31
27 5
27 38
28 2
28 35
29 20
29 30
30 9
30 20
31 3
31 12
32 2
32 32
33 25
33 27
34 14
34 16
35 10
35 31
36 28
36 32
37 14
37 15
38 11
38 25

# solution 6
# n=39 sym=rct4 status=verified source=flammenkamp_cache/n39_rct4
# code=c681KKNCFGRDOSc9L9cUV6E4LDZQX5S2ZJY7B12GMabRV4J3aAX5C3PHYOW780THT0AEPBMNQFIIbUW
0 6
0 8
1 1
1 20
2 20
2 23
3 12
3 15
4 16
4 27
5 13
5 24
6 28
6 38
7 9
7 21
8 9
8 38
9 30
9 31
10 6
10 14
11 4
11 21
12 13
12 35
13 26
13 33
14 5
14 28
15 2
15 35
16 19
16 34
17 7
17 11
18 1
18 2
19 16
19 22
20 36
20 37
21 27
21 31
22 4
22 19
23 3
23 36
24 10
24 33
25 5
25 12
26 3
26 25
27 17
27 34
28 24
28 32
29 7
29 8
30 0
30 29
31 17
31 29
32 0
32 10
33 14
33 25
34 11
34 22
35 23
35 26
36 15
36 18
37 18
37 37
38 30
38 32

# solution 7
# n=39 sym=rct4 status=verified source=flammenkamp_cache/n39_rct4
# code=cAQHIEU6Q7HFPVZ6Y2T8MAcDI035RGaJX9OYbRbFN1B14ET5J2MBXZcKP0SGU9a4W37DNLVCW8OKLCS
0 10
0 26
1 17
1 18
2 14
2 30
3 6
3 26
4 7
4 17
5 15
5 25
6 31
6 35
7 6
7 34
8 2
8 29
9 8
9 22
10 10
10 38
11 13
11 18
12 0
12 3
13 5
13 27
14 16
14 36
15 19
15 33
16 9
16 24
17 34
17 37
18 27
18 37
19 15
19 23
20 1
20 11
21 1
21 4
22 14
22 29
23 5
23 19
24 2
24 22
25 11
25 33
26 35
26 38
27 20
27 25
28 0
28 28
29 16
29 30
30 9
30 36
31 4
31 32
32 3
32 7
33 13
33 23
34 21
34 31
35 12
35 32
36 8
36 24
37 20
37 21
38 12
38 28

# solution 8
# n=39 sym=rct4 status=verified source=flammenkamp_cache/n39_rct4
# code=cNOBGABPU6I5HTYIO3T68GaabDH3Q070JSbQXVYFN475C1AJcVcCZLP122MUW9ZEK49LXKW8DRSMREF
0 23
0 24
1 11
1 16
2 10
2 11
3 25
3 30
4 6
4 18
5 5
5 17
6 29
6 34
7 18
7 24
8 3
8 29
9 6
9 8
10 16
10 36
11 36
11 37
12 13
12 17
13 3
13 26
14 0
14 7
15 0
15 19
16 28
16 37
17 26
17 33
18 31
18 34
19 15
19 23
20 4
20 7
21 5
21 12
22 1
22 10
23 19
23 38
24 31
24 38
25 12
25 35
26 21
26 25
27 1
27 2
28 2
28 22
29 30
29 32
30 9
30 35
31 14
31 20
32 4
32 9
33 21
33 33
34 20
34 32
35 8
35 13
36 27
36 28
37 22
37 27
38 14
38 15

# solution 9
# n=39 sym=rct4 status=verified source=flammenkamp_cache/n39_rct4
# code=cIW1H7PQRGHKW05AaDRAFTV383O2UCGJTOYYb5cFN0X144E9JMQ8aEZUZ79NSBP2SXc6ILMBCDVLb6K
0 18
0 32
1 1
1 17
2 7
2 25
3 26
3 27
4 16
4 17
5 20
5 32
6 0
6 5
7 10
7 36
8 13
8 27
9 10
9 15
10 29
10 31
11 3
11 8
12 3
12 24
13 2
13 30
14 12
14 16
15 19
15 29
16 24
16 34
17 34
17 37
18 5
18 38
19 15
19 23
20 0
20 33
21 1
21 4
22 4
22 14
23 9
23 19
24 22
24 26
25 8
25 36
26 14
26 35
27 30
27 35
28 7
28 9
29 23
29 28
30 11
30 25
31 2
31 28
32 33
32 38
33 6
33 18
34 21
34 22
35 11
35 12
36 13
36 31
37 21
37 37
38 6
38 20

# solution 10
# n=39 sym=rct4 status=verified source=flammenkamp_cache/n39_rct4
# code=cEWBI2OCPKTGP0V6SAR4G7U8bHZ352cHJTXNQ4bFN1YCF59JL0aXZ3L1U8VMYBSAW7cDM9IDQEaKR6O
0 14
0 32
1 11
1 18
2 2
2 24
3 12
3 25
4 20
4 29
5 16
5 25
6 0
6 31
7 6
7 28
8 10
8 27
9 4
9 16
10 7
10 30
11 8
11 37
12 17
12 35
13 3
13 5
14 2
14 38
15 17
15 19
16 29
16 33
17 23
17 26
18 4
18 37
19 15
19 23
20 1
20 34
21 12
21 15
22 5
22 9
23 19
23 21
24 0
24 36
25 33
25 35
26 3
26 21
27 1
27 30
28 8
28 31
29 22
29 34
30 11
30 28
31 10
31 32
32 7
32 38
33 13
33 22
34 9
34 18
35 13
35 26
36 14
36 36
37 20
37 27
38 6
38 24

# solution 11
# n=39 sym=rct4 status=verified source=flammenkamp_cache/n39_rct4
# code=cDTHOHSDS7G67UXXY6C0I23BNIUZc1JBGNYabQTEO9C124FMRJb038KFRZaKcQW4558VWMVAPALEL9P
0 13
0 29
1 17
1 24
2 17
2 28
3 13
3 28
4 7
4 16
5 6
5 7
6 30
6 33
7 33
7 34
8 6
8 12
9 0
9 18
10 2
10 3
11 11
11 23
12 18
12 30
13 35
13 38
14 1
14 19
15 11
15 16
16 23
16 34
17 36
17 37
18 26
18 29
19 14
19 24
20 9
20 12
21 1
21 2
22 4
22 15
23 22
23 27
24 19
24 37
25 0
25 3
26 8
26 20
27 15
27 27
28 35
28 36
29 20
29 38
30 26
30 32
31 4
31 5
32 5
32 8
33 31
33 32
34 22
34 31
35 10
35 25
36 10
36 21
37 14
37 21
38 9
38 25

# solution 12
# n=39 sym=rct4 status=verified source=flammenkamp_cache/n39_rct4
# code=cBWKNMS3FUWKQ04DM4BDL2QUc5ATVHJ1Z279O15EOXbETVa3bJL79SX08CaHPRYGPYcCI68NZAGFI6R
0 11
0 32
1 20
1 23
2 22
2 28
3 3
3 15
4 30
4 32
5 20
5 26
6 0
6 4
7 13
7 22
8 4
8 11
9 13
9 21
10 2
10 26
11 30
11 38
12 5
12 10
13 29
13 31
14 17
14 19
15 1
15 35
16 2
16 7
17 9
17 24
18 1
18 5
19 14
19 24
20 33
20 37
21 14
21 29
22 31
22 36
23 3
23 37
24 19
24 21
25 7
25 9
26 28
26 33
27 0
27 8
28 12
28 36
29 17
29 25
30 27
30 34
31 16
31 25
32 34
32 38
33 12
33 18
34 6
34 8
35 23
35 35
36 10
36 16
37 15
37 18
38 6
38 27

# solution 13
# n=39 sym=rct4 status=verified source=flammenkamp_cache/n39_rct4
# code=cBKLMQS7SDN5N89CZLWEW23Ec2VJYRT451I180MDPGcUbKbXY9B4J7a0OZa6O6H3QTUFXFPAVACGHIR
0 11
0 20
1 21
1 22
2 26
2 28
3 7
3 28
4 13
4 23
5 5
5 23
6 8
6 9
7 12
7 35
8 21
8 32
9 14
9 32
10 2
10 3
11 14
11 38
12 2
12 31
13 19
13 34
14 27
14 29
15 4
15 5
16 1
16 18
17 1
17 8
18 0
18 22
19 13
19 25
20 16
20 38
21 30
21 37
22 20
22 37
23 33
23 34
24 9
24 11
25 4
25 19
26 7
26 36
27 0
27 24
28 35
28 36
29 6
29 24
30 6
30 17
31 3
31 26
32 29
32 30
33 15
33 33
34 15
34 25
35 10
35 31
36 10
36 12
37 16
37 17
38 18
38 27

# solution 14
# n=39 sym=rct4 status=verified source=flammenkamp_cache/n39_rct4
# code=cGHES56BY3N5aGaQTCN7I1IPZ7UBJHb48WcOcSTDP9A0E06UY1LJR8V3DKbKVFQ9C2M2XFZ4RWXAOLM
0 16
0 17
1 14
1 28
2 5
2 6
3 11
3 34
4 3
4 23
5 5
5 36
6 16
6 36
7 26
7 29
8 12
8 23
9 7
9 18
10 1
10 18
11 25
11 35
12 7
12 30
13 11
13 19
14 17
14 37
15 4
15 8
16 32
16 38
17 24
17 38
18 28
18 29
19 13
19 25
20 9
20 10
21 0
21 14
22 0
22 6
23 30
23 34
24 1
24 21
25 19
25 27
26 8
26 31
27 3
27 13
28 20
28 37
29 20
29 31
30 15
30 26
31 9
31 12
32 2
32 22
33 2
33 33
34 15
34 35
35 4
35 27
36 32
36 33
37 10
37 24
38 21
38 22

# solution 15
# n=39 sym=rct4 status=verified source=flammenkamp_cache/n39_rct4
# code=cGK9CBS5F4H7ZISHXBQMb26Ua8bJODFOZ9cVY0WDP6c470T3ENPEJ1U28Wa1GCR5LAK3VLYNXARQTIM
0 16
0 20
1 9
1 12
2 11
2 28
3 5
3 15
4 4
4 17
5 7
5 35
6 18
6 28
7 17
7 33
8 11
8 26
9 22
9 37
10 2
10 6
11 30
11 36
12 8
12 37
13 19
13 24
14 13
14 15
15 24
15 35
16 9
16 38
17 31
17 34
18 0
18 32
19 13
19 25
20 6
20 38
21 4
21 7
22 0
22 29
23 3
23 14
24 23
24 25
25 14
25 19
26 1
26 30
27 2
27 8
28 32
28 36
29 1
29 16
30 12
30 27
31 5
31 21
32 10
32 20
33 3
33 31
34 21
34 34
35 23
35 33
36 10
36 27
37 26
37 29
38 18
38 22

# solution 16
# n=39 sym=rct4 status=verified source=flammenkamp_cache/n39_rct4
# code=cEKAXLVIQNQ1L7E2W9AMUUbBM34FJWc4P9B250ZDP3cXaRTDY06JNYZGR188GST6aOVHbCFCK7H5SIO
0 14
0 20
1 10
1 33
2 21
2 31
3 18
3 26
4 23
4 26
5 1
5 21
6 7
6 14
7 2
7 32
8 9
8 10
9 22
9 30
10 30
10 37
11 11
11 22
12 3
12 4
13 15
13 19
14 32
14 38
15 4
15 25
16 9
16 11
17 2
17 5
18 0
18 35
19 13
19 25
20 3
20 38
21 33
21 36
22 27
22 29
23 13
23 34
24 0
24 6
25 19
25 23
26 34
26 35
27 16
27 27
28 1
28 8
29 8
29 16
30 28
30 29
31 6
31 36
32 24
32 31
33 17
33 37
34 12
34 15
35 12
35 20
36 7
36 17
37 5
37 28
38 18
38 24

# solution 17
# n=39 sym=rct4 status=verified source=flammenkamp_cache/n39_rct4
# code=c89KOOYCG2KMPLV6A8cNcDVHNJZ5S129B5Z6R14CQYbBW3XRTabAX3JFL7P0F0USW7HDGIaMQ4EEITU
0 8
0 9
1 20
1 24
2 24
2 34
3 12
3 16
4 2
4 20
5 22
5 25
6 21
6 31
7 6
7 10
8 8
8 38
9 23
9 38
10 13
10 31
11 17
11 23
12 19
12 35
13 5
13 28
14 1
14 2
15 9
15 11
16 5
16 35
17 6
17 27
18 1
18 4
19 12
19 26
20 34
20 37
21 11
21 32
22 3
22 33
23 27
23 29
24 36
24 37
25 10
25 33
26 3
26 19
27 15
27 21
28 7
28 25
29 0
29 15
30 0
30 30
31 28
31 32
32 7
32 17
33 13
33 16
34 18
34 36
35 22
35 26
36 4
36 14
37 14
37 18
38 29
38 30

# solution 18
# n=39 sym=rct4 status=verified source=flammenkamp_cache/n39_rct4
# code=cBG8M9IOV6X4IOY3HBbCaJNUcCTFH36AP1cPVXaAS257D0bDSWZLN9Q08FJ2Q1RLZ4EKY5W7EKTGUMR
0 11
0 16
1 8
1 22
2 9
2 18
3 24
3 31
4 6
4 33
5 4
5 18
6 24
6 34
7 3
7 17
8 11
8 37
9 12
9 36
10 19
10 23
11 30
11 38
12 12
12 29
13 15
13 17
14 3
14 6
15 10
15 25
16 1
16 38
17 25
17 31
18 33
18 36
19 10
19 28
20 2
20 5
21 7
21 13
22 0
22 37
23 13
23 28
24 32
24 35
25 21
25 23
26 9
26 26
27 0
27 8
28 15
28 19
29 2
29 26
30 1
30 27
31 21
31 35
32 4
32 14
33 20
33 34
34 5
34 32
35 7
35 14
36 20
36 29
37 16
37 30
38 22
38 27

# solution 19
# n=39 sym=rct4 status=verified source=flammenkamp_cache/n39_rct4
# code=cIMEN2RAC7HHTQUAY6D5JVZ2N6ZKUGb1B0OXYDc9T0P45EcRb1M8I3WFa37JXPW4S8C9LLVQSBaFOGK
0 18
0 22
1 14
1 23
2 2
2 27
3 10
3 12
4 7
4 17
5 17
5 29
6 26
6 30
7 10
7 34
8 6
8 13
9 5
9 19
10 31
10 35
11 2
11 23
12 6
12 35
13 20
13 30
14 16
14 37
15 1
15 11
16 0
16 24
17 33
17 34
18 13
18 38
19 9
19 29
20 0
20 25
21 4
21 5
22 14
22 38
23 27
23 37
24 1
24 22
25 8
25 18
26 3
26 32
27 15
27 36
28 3
28 7
29 19
29 33
30 25
30 32
31 4
31 28
32 8
32 12
33 9
33 21
34 21
34 31
35 26
35 28
36 11
36 36
37 15
37 24
38 16
38 20

# solution 20
# n=39 sym=rct4 status=verified source=flammenkamp_cache/n39_rct4
# code=cGQ1N6MEUHVDEVa463PJS9HKN0I8XXZ1B2cSYBQ9TCR4A0aRb355UKcFILTAJDZWY27OP7L8OGWFbCM
0 16
0 26
1 1
1 23
2 6
2 22
3 14
3 30
4 17
4 31
5 13
5 14
6 31
6 36
7 4
7 6
8 3
8 25
9 19
9 28
10 9
10 17
11 20
11 23
12 0
12 18
13 8
13 33
14 33
14 35
15 1
15 11
16 2
16 38
17 28
17 34
18 11
18 26
19 9
19 29
20 12
20 27
21 4
21 10
22 0
22 36
23 27
23 37
24 3
24 5
25 5
25 30
26 20
26 38
27 15
27 18
28 21
28 29
29 10
29 19
30 13
30 35
31 32
31 34
32 2
32 7
33 24
33 25
34 7
34 21
35 8
35 24
36 16
36 32
37 15
37 37
38 12
38 22

# solution 21
# n=39 sym=rct4 status=verified source=flammenkamp_cache/n39_rct4
# code=cGQ1N6MEU7HDEVa6Y3PJS9HKN0I8XXZ1B2cSYBQ9TCR4A0aRb355UKcFILTAJDZ4W27OPLV8OGWFbCM
0 16
0 26
1 1
1 23
2 6
2 22
3 14
3 30
4 7
4 17
5 13
5 14
6 31
6 36
7 6
7 34
8 3
8 25
9 19
9 28
10 9
10 17
11 20
11 23
12 0
12 18
13 8
13 33
14 33
14 35
15 1
15 11
16 2
16 38
17 28
17 34
18 11
18 26
19 9
19 29
20 12
20 27
21 4
21 10
22 0
22 36
23 27
23 37
24 3
24 5
25 5
25 30
26 20
26 38
27 15
27 18
28 21
28 29
29 10
29 19
30 13
30 35
31 4
31 32
32 2
32 7
33 24
33 25
34 21
34 31
35 8
35 24
36 16
36 32
37 15
37 37
38 12
38 22

# solution 22
# n=39 sym=rct4 status=verified source=flammenkamp_cache/n39_rct4
# code=cLM8AMRHP5FUYEREJ5bPS9b26FI39VWQY020ZIQ7VCK3cac4C67TZKNWa1TAD1XJOBO48NXDLBGSUGH
0 21
0 22
1 8
1 10
2 22
2 27
3 17
3 25
4 5
4 15
5 30
5 34
6 14
6 27
7 14
7 19
8 5
8 37
9 25
9 28
10 9
10 37
11 2
11 6
12 15
12 18
13 3
13 9
14 31
14 32
15 26
15 34
16 0
16 2
17 0
17 35
18 18
18 26
19 7
19 31
20 12
20 20
21 3
21 38
22 36
22 38
23 4
23 12
24 6
24 7
25 29
25 35
26 20
26 23
27 32
27 36
28 1
28 29
29 10
29 13
30 1
30 33
31 19
31 24
32 11
32 24
33 4
33 8
34 23
34 33
35 13
35 21
36 11
36 16
37 28
37 30
38 16
38 17

# solution 23
# n=39 sym=rct4 status=verified source=flammenkamp_cache/n39_rct4
# code=cTUKQ6FDLDN8SQaJL0X095BOS16YZBG4aIO371M7VGbVZEK2YMR34WbAERXTc5cHJ2CAUFPHPNWCI89
0 29
0 30
1 20
1 26
2 6
2 15
3 13
3 21
4 13
4 23
5 8
5 28
6 26
6 36
7 19
7 21
8 0
8 33
9 0
9 9
10 5
10 11
11 24
11 28
12 1
12 6
13 34
13 35
14 11
14 16
15 4
15 36
16 18
16 24
17 3
17 7
18 1
18 22
19 7
19 31
20 16
20 37
21 31
21 35
22 14
22 20
23 2
23 34
24 22
24 27
25 3
25 4
26 32
26 37
27 10
27 14
28 27
28 33
29 29
29 38
30 5
30 38
31 17
31 19
32 2
32 12
33 10
33 30
34 15
34 25
35 17
35 25
36 23
36 32
37 12
37 18
38 8
38 9

# solution 24
# n=39 sym=rct4 status=verified source=flammenkamp_cache/n39_rct4
# code=cLX8H8SET4B0IAM9Jab3V2WDYMPCRNZEI6C0bNX7V5F1cQWKO3FBQDG4P6a7Z12JTGSKcRY9OAULU5H
0 21
0 33
1 8
1 17
2 8
2 28
3 14
3 29
4 4
4 11
5 0
5 18
6 10
6 22
7 9
7 19
8 36
8 37
9 3
9 31
10 2
10 32
11 13
11 34
12 22
12 25
13 12
13 27
14 23
14 35
15 14
15 18
16 6
16 12
17 0
17 37
18 23
18 33
19 7
19 31
20 5
20 15
21 1
21 38
22 26
22 32
23 20
23 24
24 3
24 15
25 11
25 26
26 13
26 16
27 4
27 25
28 6
28 36
29 7
29 35
30 1
30 2
31 19
31 29
32 16
32 28
33 20
33 38
34 27
34 34
35 9
35 24
36 10
36 30
37 21
37 30
38 5
38 17

# solution 25
# n=39 sym=rct4 status=verified source=flammenkamp_cache/n39_rct4
# code=c9CISGIOS4V8FHJ4BTX8c13QVBcHN3GDXOaPWab6W126D2E5PMZFL0R7CZb0U59RYJLNU7YAEKMAKQT
0 9
0 12
1 18
1 28
2 16
2 18
3 24
3 28
4 4
4 31
5 8
5 15
6 17
6 19
7 4
7 11
8 29
8 33
9 8
9 38
10 1
10 3
11 26
11 31
12 11
12 38
13 17
13 23
14 3
14 16
15 13
15 33
16 24
16 36
17 25
17 32
18 36
18 37
19 6
19 32
20 1
20 2
21 6
21 13
22 2
22 14
23 5
23 25
24 22
24 35
25 15
25 21
26 0
26 27
27 7
27 12
28 35
28 37
29 0
29 30
30 5
30 9
31 27
31 34
32 19
32 21
33 23
33 30
34 7
34 34
35 10
35 14
36 20
36 22
37 10
37 20
38 26
38 29

# solution 26
# n=39 sym=rct4 status=verified source=flammenkamp_cache/n39_rct4
# code=cINSTIWGN8CJL2R7SBY1G176UHYEODP03TZ5Qac5X02CX39ZcDPEO4L8WVbMb4RAVBaHJQUFM6K9AFK
0 18
0 23
1 28
1 29
2 18
2 32
3 16
3 23
4 8
4 12
5 19
5 21
6 2
6 27
7 7
7 28
8 11
8 34
9 1
9 16
10 1
10 7
11 6
11 30
12 17
12 34
13 14
13 24
14 13
14 25
15 0
15 3
16 29
16 35
17 5
17 26
18 36
18 38
19 5
19 33
20 0
20 2
21 12
21 33
22 3
22 9
23 35
23 38
24 13
24 25
25 14
25 24
26 4
26 21
27 8
27 32
28 31
28 37
29 22
29 37
30 4
30 27
31 10
31 31
32 11
32 36
33 17
33 19
34 26
34 30
35 15
35 22
36 6
36 20
37 9
37 10
38 15
38 20

# solution 27
# n=39 sym=rct4 status=verified source=flammenkamp_cache/n39_rct4
# code=cBTFKNP7SGJ5TCOQZAH053UHc7W2I6G2bOYRU1P4YDb8B4E1aMWKa6V0L8ZXcLS3CEQ9XJMAVDFIN9R
0 11
0 29
1 15
1 20
2 23
2 25
3 7
3 28
4 16
4 19
5 5
5 29
6 12
6 24
7 26
7 35
8 10
8 17
9 0
9 5
10 3
10 30
11 17
11 38
12 7
12 32
13 2
13 18
14 6
14 16
15 2
15 37
16 24
16 34
17 27
17 30
18 1
18 25
19 4
19 34
20 13
20 37
21 8
21 11
22 4
22 14
23 1
23 36
24 22
24 32
25 20
25 36
26 6
26 31
27 0
27 21
28 8
28 35
29 33
29 38
30 21
30 28
31 3
31 12
32 14
32 26
33 9
33 33
34 19
34 22
35 10
35 31
36 13
36 15
37 18
37 23
38 9
38 27

# solution 28
# n=39 sym=rct4 status=verified source=flammenkamp_cache/n39_rct4
# code=cEYKO9AJT0GNW5QAMLR3aVa8C6RFH1c5P7Y8P1I3ZKbDU4VDX0bLNBWQU272ZBHGSCX6FMc9JSTEI4O
0 14
0 34
1 20
1 24
2 9
2 10
3 19
3 29
4 0
4 16
5 23
5 32
6 5
6 26
7 10
7 22
8 21
8 27
9 3
9 36
10 31
10 36
11 8
11 12
12 6
12 27
13 15
13 17
14 1
14 38
15 5
15 25
16 7
16 34
17 8
17 25
18 1
18 18
19 3
19 35
20 20
20 37
21 13
21 30
22 4
22 31
23 13
23 33
24 0
24 37
25 21
25 23
26 11
26 32
27 26
27 30
28 2
28 7
29 2
29 35
30 11
30 17
31 16
31 28
32 12
32 33
33 6
33 15
34 22
34 38
35 9
35 19
36 28
36 29
37 14
37 18
38 4
38 24

# solution 29
# n=39 sym=rct4 status=verified source=flammenkamp_cache/n39_rct4
# code=c8QDFLRDJOV68QX4KXcAMAT2I06Zb4GHb9O2N7R3ZBVFaET1LMY13WcKa9SGS05IY5CUW7EJPBHNPCU
0 8
0 26
1 13
1 15
2 21
2 27
3 13
3 19
4 24
4 31
5 6
5 8
6 26
6 33
7 4
7 20
8 33
8 38
9 10
9 22
10 10
10 29
11 2
11 18
12 0
12 6
13 35
13 37
14 4
14 16
15 17
15 37
16 9
16 24
17 2
17 23
18 7
18 27
19 3
19 35
20 11
20 31
21 15
21 36
22 14
22 29
23 1
23 21
24 22
24 34
25 1
25 3
26 32
26 38
27 20
27 36
28 9
28 28
29 16
29 28
30 0
30 5
31 18
31 34
32 5
32 12
33 30
33 32
34 7
34 14
35 19
35 25
36 11
36 17
37 23
37 25
38 12
38 30

# solution 30
# n=39 sym=rct4 status=verified source=flammenkamp_cache/n39_rct4
# code=cKQEQBHDJUV9KRU4S469X7G6a01EZPbGHNSNa053ZXc2FAFLM1D3Obc2WMV5TWYAY8BIT78JPLRCOCI
0 20
0 26
1 14
1 26
2 11
2 17
3 13
3 19
4 30
4 31
5 9
5 20
6 27
6 30
7 4
7 28
8 4
8 6
9 9
9 33
10 7
10 16
11 6
11 36
12 0
12 1
13 14
13 35
14 25
14 37
15 16
15 17
16 23
16 28
17 23
17 36
18 0
18 5
19 3
19 35
20 33
20 38
21 2
21 15
22 10
22 15
23 21
23 22
24 1
24 13
25 3
25 24
26 37
26 38
27 2
27 32
28 22
28 31
29 5
29 29
30 32
30 34
31 10
31 34
32 8
32 11
33 18
33 29
34 7
34 8
35 19
35 25
36 21
36 27
37 12
37 24
38 12
38 18

# solution 31
# n=39 sym=rct4 status=verified source=flammenkamp_cache/n39_rct4
# code=cMPBJ9F68FQEHQZ7RTZ8aEM7b460ISXYa0AIXLP1bDH5KSc245AKcWY1VGO2U39BV3CLOCNUWNTJRDG
0 22
0 25
1 11
1 19
2 9
2 15
3 6
3 8
4 15
4 26
5 14
5 17
6 26
6 35
7 7
7 27
8 29
8 35
9 8
9 36
10 14
10 22
11 7
11 37
12 4
12 6
13 0
13 18
14 28
14 33
15 34
15 36
16 0
16 10
17 18
17 33
18 21
18 25
19 1
19 37
20 13
20 17
21 5
21 20
22 28
22 38
23 2
23 4
24 5
24 10
25 20
25 38
26 32
26 34
27 1
27 31
28 16
28 24
29 2
29 30
30 3
30 9
31 11
31 31
32 3
32 12
33 21
33 24
34 12
34 23
35 30
35 32
36 23
36 29
37 19
37 27
38 13
38 16

# solution 32
# n=39 sym=rct4 status=verified source=flammenkamp_cache/n39_rct4
# code=cNPGJ8AEPQWHT49IRAa5WUa7I4L03EZ0GNbCXRV1b7B5Q1FMc3OZcHYKV286X2SBKTY9L6CDOSUJMDF
0 23
0 25
1 16
1 19
2 8
2 10
3 14
3 25
4 26
4 32
5 17
5 29
6 4
6 9
7 18
7 27
8 10
8 36
9 5
9 32
10 30
10 36
11 7
11 18
12 4
12 21
13 0
13 3
14 14
14 35
15 0
15 16
16 23
16 37
17 12
17 33
18 27
18 31
19 1
19 37
20 7
20 11
21 5
21 26
22 1
22 15
23 22
23 38
24 3
24 24
25 35
25 38
26 17
26 34
27 20
27 31
28 2
28 8
29 6
29 33
30 2
30 28
31 11
31 20
32 29
32 34
33 9
33 21
34 6
34 12
35 13
35 24
36 28
36 30
37 19
37 22
38 13
38 15

# solution 33
# n=39 sym=rct4 status=verified source=flammenkamp_cache/n39_rct4
# code=cJPGVAGOQHQ599V16EIWXLaFI340F3UPRabAYRU0c8B4S12BD8ZNcYZKN2H56KOWb7TTXCLCEMS7MDJ
0 19
0 25
1 16
1 31
2 10
2 16
3 24
3 26
4 17
4 26
5 5
5 9
6 9
6 31
7 1
7 6
8 14
8 18
9 32
9 33
10 21
10 36
11 15
11 18
12 3
12 4
13 0
13 15
14 3
14 30
15 25
15 27
16 36
16 37
17 10
17 34
18 27
18 30
19 0
19 38
20 8
20 11
21 4
21 28
22 1
22 2
23 11
23 13
24 8
24 35
25 23
25 38
26 34
26 35
27 20
27 23
28 2
28 17
29 5
29 6
30 20
30 24
31 32
31 37
32 7
32 29
33 29
33 33
34 12
34 21
35 12
35 14
36 22
36 28
37 7
37 22
38 13
38 19

