# solution 1
# n=41 sym=rct4 status=verified source=flammenkamp_cache/n41_rct4
# code=cHRJP2VBMEYEN48ABOY2SFXXb9O0IZa1U8C5e3RKdJL1KDb0ZSWAd45MeGV377PCc6GTUWaHQ6QIT9cFLDN
0 17
0 27
1 19
1 25
2 2
2 31
3 11
3 22
4 14
4 34
5 14
5 23
6 4
6 8
7 10
7 11
8 24
8 34
9 2
9 28
10 15
10 33
11 33
11 37
12 9
12 24
13 0
13 18
14 35
14 36
15 1
15 30
16 8
16 12
17 5
17 40
18 3
18 27
19 20
19 39
20 19
20 21
21 1
21 20
22 13
22 37
23 0
23 35
24 28
24 32
25 10
25 39
26 4
26 5
27 22
27 40
28 16
28 31
29 3
29 7
30 7
30 25
31 12
31 38
32 6
32 16
33 29
33 30
34 32
34 36
35 17
35 26
36 6
36 26
37 18
37 29
38 9
38 38
39 15
39 21
40 13
40 23

# solution 2
# n=41 sym=rct4 status=verified source=flammenkamp_cache/n41_rct4
# code=cLNAP7S6E9I5RObVcBK7aHdSW2B5ERb1L6I0UOa0F8WPe4GAeMYJd3DQZTc8C1N4XKT293GDZMVQYCXFUHJ
0 21
0 23
1 10
1 25
2 7
2 28
3 6
3 14
4 9
4 18
5 5
5 27
6 24
6 37
7 31
7 38
8 11
8 20
9 7
9 36
10 17
10 39
11 28
11 32
12 2
12 11
13 5
13 14
14 27
14 37
15 1
15 21
16 6
16 18
17 0
17 30
18 24
18 36
19 0
19 15
20 8
20 32
21 25
21 40
22 4
22 16
23 10
23 40
24 22
24 34
25 19
25 39
26 3
26 13
27 26
27 35
28 29
28 38
29 8
29 12
30 1
30 23
31 4
31 33
32 20
32 29
33 2
33 9
34 3
34 16
35 13
35 35
36 22
36 31
37 26
37 34
38 12
38 33
39 15
39 30
40 17
40 19

# solution 3
# n=41 sym=rct4 status=verified source=flammenkamp_cache/n41_rct4
# code=c9RHLLUBF5OMa7AMY8BCe2YWbQV0HCGKb4QRd5712FPcdXZ1DEa3KOSNe9E386c0STW6IUX4IGZPTAJJNDV
0 9
0 27
1 17
1 21
2 21
2 30
3 11
3 15
4 5
4 24
5 22
5 36
6 7
6 10
7 22
7 34
8 8
8 11
9 12
9 40
10 2
10 34
11 32
11 37
12 26
12 31
13 0
13 17
14 12
14 16
15 20
15 37
16 4
16 26
17 27
17 39
18 5
18 7
19 1
19 2
20 15
20 25
21 38
21 39
22 33
22 35
23 1
23 13
24 14
24 36
25 3
25 20
26 24
26 28
27 23
27 40
28 9
28 14
29 3
29 8
30 6
30 38
31 0
31 28
32 29
32 32
33 6
33 18
34 30
34 33
35 4
35 18
36 16
36 35
37 25
37 29
38 10
38 19
39 19
39 23
40 13
40 31

# solution 4
# n=41 sym=rct4 status=verified source=flammenkamp_cache/n41_rct4
# code=cFNBR2GITFWNQCGUV4L7M7R3dEY1A5SaeYc059b8KJLKW3VZe2604CZUd6Q1bDXIXJa9AOSEH8PBMOcDTHP
0 15
0 23
1 11
1 27
2 2
2 16
3 18
3 29
4 15
4 32
5 23
5 26
6 12
6 16
7 30
7 31
8 4
8 21
9 7
9 22
10 7
10 27
11 3
11 39
12 14
12 34
13 1
13 10
14 5
14 28
15 36
15 40
16 34
16 38
17 0
17 5
18 9
18 37
19 8
19 20
20 19
20 21
21 20
21 32
22 3
22 31
23 35
23 40
24 2
24 6
25 0
25 4
26 12
26 35
27 30
27 39
28 6
28 26
29 1
29 37
30 13
30 33
31 18
31 33
32 19
32 36
33 9
33 10
34 24
34 28
35 14
35 17
36 8
36 25
37 11
37 22
38 24
38 38
39 13
39 29
40 17
40 25

# solution 5
# n=41 sym=rct4 status=verified source=flammenkamp_cache/n41_rct4
# code=cEOANHPUVJPOXBV5DDK363dSYBEWXSe24051cIJMa8W4ILM2dZeac0C78QT6C1bYbKRRZ9T7GFL9AFNHUGQ
0 14
0 24
1 10
1 23
2 17
2 25
3 30
3 31
4 19
4 25
5 24
5 33
6 11
6 31
7 5
7 13
8 13
8 20
9 3
9 6
10 3
10 39
11 28
11 34
12 11
12 14
13 32
13 33
14 28
14 40
15 2
15 4
16 0
16 5
17 1
17 38
18 18
18 19
19 22
19 36
20 8
20 32
21 4
21 18
22 21
22 22
23 2
23 39
24 35
24 40
25 36
25 38
26 0
26 12
27 7
27 8
28 26
28 29
29 6
29 12
30 1
30 37
31 34
31 37
32 20
32 27
33 27
33 35
34 9
34 29
35 7
35 16
36 15
36 21
37 9
37 10
38 15
38 23
39 17
39 30
40 16
40 26

# solution 6
# n=41 sym=rct4 status=verified source=flammenkamp_cache/n41_rct4
# code=c8F7ULO6E9HQTMbUdFeLa175GCRCH5bWe2TRa6K29IMVcKY4DBc083ZNSDSOZXd4J0P1A3IBENVQYGJAXPW
0 8
0 15
1 7
1 30
2 21
2 24
3 6
3 14
4 9
4 17
5 26
5 29
6 22
6 37
7 30
7 39
8 15
8 40
9 21
9 36
10 1
10 7
11 5
11 16
12 12
12 27
13 12
13 17
14 5
14 37
15 32
15 40
16 2
16 29
17 27
17 36
18 6
18 20
19 2
19 9
20 18
20 22
21 31
21 38
22 20
22 34
23 4
23 13
24 11
24 38
25 0
25 8
26 3
26 35
27 23
27 28
28 13
28 28
29 24
29 35
30 33
30 39
31 4
31 19
32 0
32 25
33 1
33 10
34 3
34 18
35 11
35 14
36 23
36 31
37 26
37 34
38 16
38 19
39 10
39 33
40 25
40 32

# solution 7
# n=41 sym=rct4 status=verified source=flammenkamp_cache/n41_rct4
# code=cFMIO3CEc8HTX7E5YSaJPHR5K8cAGYb9e1RUa0dJVBT9L1e4ADd0V36OU2WKZDNFL4C6ZQX7BNW2QSbGMIP
0 15
0 22
1 18
1 24
2 3
2 12
3 14
3 38
4 8
4 17
5 29
5 33
6 7
6 14
7 5
7 34
8 28
8 36
9 19
9 25
10 17
10 27
11 5
11 20
12 8
12 38
13 10
13 16
14 34
14 37
15 9
15 40
16 1
16 27
17 30
17 36
18 0
18 39
19 19
19 31
20 11
20 29
21 9
21 21
22 1
22 40
23 4
23 10
24 13
24 39
25 0
25 31
26 3
26 6
27 24
27 30
28 2
28 32
29 20
29 35
30 13
30 23
31 15
31 21
32 4
32 12
33 6
33 35
34 26
34 33
35 7
35 11
36 23
36 32
37 2
37 26
38 28
38 37
39 16
39 22
40 18
40 25

# solution 8
# n=41 sym=rct4 status=verified source=flammenkamp_cache/n41_rct4
# code=cEFIXKPCR8N9R7B1YOaJZAGEYHb35Te2e8U4SJdMV2c9I1LCaAW0c0BZb3N6QOU5L4G6dTXDVHWDSFK7MPQ
0 14
0 15
1 18
1 33
2 20
2 25
3 12
3 27
4 8
4 23
5 9
5 27
6 7
6 11
7 1
7 34
8 24
8 36
9 19
9 35
10 10
10 16
11 14
11 34
12 17
12 37
13 3
13 5
14 29
14 40
15 2
15 40
16 8
16 30
17 4
17 28
18 19
18 39
19 22
19 31
20 2
20 38
21 9
21 18
22 1
22 21
23 12
23 36
24 10
24 32
25 0
25 38
26 0
26 11
27 35
27 37
28 3
28 23
29 6
29 26
30 24
30 30
31 5
31 21
32 4
32 16
33 6
33 39
34 29
34 33
35 13
35 31
36 17
36 32
37 13
37 28
38 15
38 20
39 7
39 22
40 25
40 26

# solution 9
# n=41 sym=rct4 status=verified source=flammenkamp_cache/n41_rct4
# code=c0TLN8CGMFL6RQZQVMc7FRS0KAc5A67VaHb1O3814BTadWbGd3N49XYUZ2UKeCDPX2I9E5EDYJPIOSWHJBe
0 0
0 29
1 21
1 23
2 8
2 12
3 16
3 22
4 15
4 21
5 6
5 27
6 26
6 35
7 26
7 31
8 22
8 38
9 7
9 15
10 27
10 28
11 0
11 20
12 10
12 38
13 5
13 10
14 6
14 7
15 31
15 36
16 17
16 37
17 1
17 24
18 3
18 8
19 1
19 4
20 11
20 29
21 36
21 39
22 32
22 37
23 16
23 39
24 3
24 23
25 4
25 9
26 33
26 34
27 30
27 35
28 2
28 30
29 20
29 40
30 12
30 13
31 25
31 33
32 2
32 18
33 9
33 14
34 5
34 14
35 13
35 34
36 19
36 25
37 18
37 24
38 28
38 32
39 17
39 19
40 11
40 40

# solution 10
# n=41 sym=rct4 status=verified source=flammenkamp_cache/n41_rct4
# code=cHRJT8COUMX5Y584JYcFQ3M1RHc0B9FQV3KSe4AXdGO17Ua0CKb9EPVTe2NDdIbEP26LaWZ6Z7IAGSWBLDN
0 17
0 27
1 19
1 29
2 8
2 12
3 24
3 30
4 22
4 33
5 5
5 34
6 5
6 8
7 4
7 19
8 34
8 38
9 15
9 26
10 3
10 22
11 1
11 27
12 17
12 38
13 0
13 11
14 9
14 15
15 26
15 31
16 3
16 20
17 28
17 40
18 4
18 10
19 33
19 39
20 16
20 24
21 1
21 7
22 30
22 36
23 0
23 12
24 20
24 37
25 9
25 14
26 25
26 31
27 29
27 40
28 2
28 23
29 13
29 39
30 18
30 37
31 14
31 25
32 2
32 6
33 21
33 36
34 32
34 35
35 6
35 35
36 7
36 18
37 10
37 16
38 28
38 32
39 11
39 21
40 13
40 23

# solution 11
# n=41 sym=rct4 status=verified source=flammenkamp_cache/n41_rct4
# code=cCSIQMV7A7FLOOWab6D2HPbBE0eHW1TAa56RV2d5KJLKZ1c9DYZ4UBd8N0eQT3FNcRY348GGJPXUX9IEMCS
0 12
0 28
1 18
1 26
2 22
2 31
3 7
3 10
4 7
4 15
5 21
5 24
6 24
6 32
7 36
7 37
8 6
8 13
9 2
9 17
10 25
10 37
11 11
11 14
12 0
12 40
13 17
13 32
14 1
14 29
15 10
15 36
16 5
16 6
17 27
17 31
18 2
18 39
19 5
19 20
20 19
20 21
21 20
21 35
22 1
22 38
23 9
23 13
24 34
24 35
25 4
25 30
26 11
26 39
27 8
27 23
28 0
28 40
29 26
29 29
30 3
30 15
31 23
31 38
32 27
32 34
33 3
33 4
34 8
34 16
35 16
35 19
36 25
36 33
37 30
37 33
38 9
38 18
39 14
39 22
40 12
40 28

# solution 12
# n=41 sym=rct4 status=verified source=flammenkamp_cache/n41_rct4
# code=cMZGM5BHVQX0cBO4K8C3AQVYcLWJP4ADH6dPb01CR7XDSde3F1YNRUaFL8J269EUbSWKaGT2e7E9NTZIO5I
0 22
0 35
1 16
1 22
2 5
2 11
3 17
3 31
4 26
4 33
5 0
5 38
6 11
6 24
7 4
7 20
8 8
8 12
9 3
9 10
10 26
10 31
11 34
11 38
12 21
12 32
13 19
13 25
14 4
14 10
15 13
15 17
16 6
16 39
17 25
17 37
18 0
18 1
19 12
19 27
20 7
20 33
21 13
21 28
22 39
22 40
23 3
23 15
24 1
24 34
25 23
25 27
26 30
26 36
27 15
27 21
28 8
28 19
29 2
29 6
30 9
30 14
31 30
31 37
32 28
32 32
33 20
33 36
34 16
34 29
35 2
35 40
36 7
36 14
37 9
37 23
38 29
38 35
39 18
39 24
40 5
40 18

# solution 13
# n=41 sym=rct4 status=verified source=flammenkamp_cache/n41_rct4
# code=cCFDJ38OcMT8O6TCRZcHIEK46Xe7dFUQe35JV4VNdAU1H9a9LZb0EAP1X07YaKQMN25DSBYGWBI2GWbLRPS
0 12
0 15
1 13
1 19
2 3
2 8
3 24
3 38
4 22
4 29
5 8
5 24
6 6
6 29
7 12
7 27
8 35
8 38
9 17
9 18
10 14
10 20
11 4
11 6
12 33
12 40
13 7
13 39
14 15
14 30
15 26
15 40
16 3
16 5
17 19
17 31
18 4
18 31
19 23
19 39
20 10
20 30
21 1
21 17
22 9
22 36
23 9
23 21
24 35
24 37
25 0
25 14
26 10
26 25
27 1
27 33
28 0
28 7
29 34
29 36
30 20
30 26
31 22
31 23
32 2
32 5
33 13
33 28
34 11
34 34
35 16
35 32
36 11
36 18
37 2
37 16
38 32
38 37
39 21
39 27
40 25
40 28

# solution 14
# n=41 sym=rct4 status=verified source=flammenkamp_cache/n41_rct4
# code=c06KTEM4CJbDITeFUANPR7W16Ob9ZJc9XCH8O2ZQa1d4E5cGWNS7V2L5V3GYd8XDFHUAP0BMR3LSaIQBKYe
0 0
0 6
1 20
1 29
2 14
2 22
3 4
3 12
4 19
4 37
5 13
5 18
6 29
6 40
7 15
7 30
8 10
8 23
9 25
9 27
10 7
10 32
11 1
11 6
12 24
12 37
13 9
13 35
14 19
14 38
15 9
15 33
16 12
16 17
17 8
17 24
18 2
18 35
19 26
19 36
20 1
20 39
21 4
21 14
22 5
22 38
23 16
23 32
24 23
24 28
25 7
25 31
26 2
26 21
27 5
27 31
28 3
28 16
29 34
29 39
30 8
30 33
31 13
31 15
32 17
32 30
33 10
33 25
34 0
34 11
35 22
35 27
36 3
36 21
37 28
37 36
38 18
38 26
39 11
39 20
40 34
40 40

# solution 15
# n=41 sym=rct4 status=verified source=flammenkamp_cache/n41_rct4
# code=cDN7SIO5PCHEbOV9dDM6XJPBE1aWeTZ3A260a8cKUJLAK2W4eYcUb5B084dQTFL7YIR1V9G3QNSFZGMCXHR
0 13
0 23
1 7
1 28
2 18
2 24
3 5
3 25
4 12
4 17
5 14
5 37
6 24
6 31
7 9
7 39
8 13
8 22
9 6
9 33
10 19
10 25
11 11
11 14
12 1
12 36
13 32
13 40
14 29
14 35
15 3
15 10
16 2
16 6
17 0
17 36
18 8
18 38
19 20
19 30
20 19
20 21
21 10
21 20
22 2
22 32
23 4
23 40
24 34
24 38
25 30
25 37
26 5
26 11
27 0
27 8
28 4
28 39
29 26
29 29
30 15
30 21
31 7
31 34
32 18
32 27
33 1
33 31
34 9
34 16
35 3
35 26
36 23
36 28
37 15
37 35
38 16
38 22
39 12
39 33
40 17
40 27

# solution 16
# n=41 sym=rct4 status=verified source=flammenkamp_cache/n41_rct4
# code=cIKDQCG7VDLEU6OMb9B3W5HCWTcad1ZJN6cFU7e4P0eFa0XAP2YHL5d142B8SNZ8bTV3IGYAQJR9XOSERKM
0 18
0 20
1 13
1 26
2 12
2 16
3 7
3 31
4 13
4 21
5 14
5 30
6 6
6 24
7 22
7 37
8 9
8 11
9 3
9 32
10 5
10 17
11 12
11 32
12 29
12 38
13 36
13 39
14 1
14 35
15 19
15 23
16 6
16 38
17 15
17 30
18 7
18 40
19 4
19 25
20 0
20 40
21 15
21 36
22 0
22 33
23 10
23 25
24 2
24 34
25 17
25 21
26 5
26 39
27 1
27 4
28 2
28 11
29 8
29 28
30 23
30 35
31 8
31 37
32 29
32 31
33 3
33 18
34 16
34 34
35 10
35 26
36 19
36 27
37 9
37 33
38 24
38 28
39 14
39 27
40 20
40 22

# solution 17
# n=41 sym=rct4 status=verified source=flammenkamp_cache/n41_rct4
# code=cQSFZFL3DAT1AMX6GENDSZa4L09Vb0WcdHX8O6K2BIMTcKYGW7N128e39VeJa45CRHQOY7IUdBURbJP5PCE
0 26
0 28
1 15
1 35
2 15
2 21
3 3
3 13
4 10
4 29
5 1
5 10
6 22
6 33
7 6
7 16
8 14
8 23
9 13
9 28
10 35
10 36
11 4
11 21
12 0
12 9
13 31
13 37
14 0
14 32
15 38
15 39
16 17
16 33
17 8
17 24
18 6
18 20
19 2
19 11
20 18
20 22
21 29
21 38
22 20
22 34
23 16
23 32
24 7
24 23
25 1
25 2
26 8
26 40
27 3
27 9
28 31
28 40
29 19
29 36
30 4
30 5
31 12
31 27
32 17
32 26
33 24
33 34
34 7
34 18
35 30
35 39
36 11
36 30
37 27
37 37
38 19
38 25
39 5
39 25
40 12
40 14

# solution 18
# n=41 sym=rct4 status=verified source=flammenkamp_cache/n41_rct4
# code=cEP89JOARSVMY5I7W7d4dEbKN4P3NUe0C2JBD5YOcBT2G6ZRTLcSe0AHbFaHK3Q1a1X8XMZ6I9CDUGLVWFQ
0 14
0 25
1 8
1 9
2 19
2 24
3 10
3 27
4 28
4 31
5 22
5 34
6 5
6 18
7 7
7 32
8 7
8 39
9 4
9 39
10 14
10 37
11 20
11 23
12 4
12 25
13 3
13 23
14 30
14 40
15 0
15 12
16 2
16 19
17 11
17 13
18 5
18 34
19 24
19 38
20 11
20 29
21 2
21 16
22 6
22 35
23 27
23 29
24 21
24 38
25 28
25 40
26 0
26 10
27 17
27 37
28 15
28 36
29 17
29 20
30 3
30 26
31 1
31 36
32 1
32 33
33 8
33 33
34 22
34 35
35 6
35 18
36 9
36 12
37 13
37 30
38 16
38 21
39 31
39 32
40 15
40 26

# solution 19
# n=41 sym=rct4 status=verified source=flammenkamp_cache/n41_rct4
# code=cES6L5PRW7FTc6dIa3V8IEG5D0K3TUe2aNUGJVX1NCSHd79LOAH4c0ABbKeRZOQMW9b4M1Y2BPX8DFZJYCQ
0 14
0 28
1 6
1 21
2 5
2 25
3 27
3 32
4 7
4 15
5 29
5 38
6 6
6 39
7 18
7 36
8 3
8 31
9 8
9 18
10 14
10 16
11 5
11 13
12 0
12 20
13 3
13 29
14 30
14 40
15 2
15 36
16 23
16 30
17 16
17 19
18 31
18 33
19 1
19 23
20 12
20 28
21 17
21 39
22 7
22 9
23 21
23 24
24 10
24 17
25 4
25 38
26 0
26 10
27 11
27 37
28 20
28 40
29 27
29 35
30 24
30 26
31 22
31 32
32 9
32 37
33 4
33 22
34 1
34 34
35 2
35 11
36 25
36 33
37 8
37 13
38 15
38 35
39 19
39 34
40 12
40 26

# solution 20
# n=41 sym=rct4 status=verified source=flammenkamp_cache/n41_rct4
# code=cIKFO2XDTHL7ESV2ZFV68HQ3D6MTbAZWd1JUaCe4O0eGa0S4ALd185U3BIYRbENWY9P5c9CQXJNBR7cGPKM
0 18
0 20
1 15
1 24
2 2
2 33
3 13
3 29
4 17
4 21
5 7
5 14
6 28
6 31
7 2
7 35
8 15
8 31
9 6
9 8
10 17
10 26
11 3
11 13
12 6
12 22
13 29
13 37
14 10
14 35
15 32
15 39
16 1
16 19
17 30
17 36
18 12
18 40
19 4
19 24
20 0
20 40
21 16
21 36
22 0
22 28
23 4
23 10
24 21
24 39
25 1
25 8
26 5
26 30
27 3
27 11
28 18
28 34
29 27
29 37
30 14
30 23
31 32
31 34
32 9
32 25
33 5
33 38
34 9
34 12
35 26
35 33
36 19
36 23
37 11
37 27
38 7
38 38
39 16
39 25
40 20
40 22

# solution 21
# n=41 sym=rct4 status=verified source=flammenkamp_cache/n41_rct4
# code=cDN7SIOPZCH3EOV9dDM6XJPBE1aWeTZ3A260a8cKUJLAK2W4eYcUb5B084dQTFL7YIR1V9GQbNS5FGMCXHR
0 13
0 23
1 7
1 28
2 18
2 24
3 25
3 35
4 12
4 17
5 3
5 14
6 24
6 31
7 9
7 39
8 13
8 22
9 6
9 33
10 19
10 25
11 11
11 14
12 1
12 36
13 32
13 40
14 29
14 35
15 3
15 10
16 2
16 6
17 0
17 36
18 8
18 38
19 20
19 30
20 19
20 21
21 10
21 20
22 2
22 32
23 4
23 40
24 34
24 38
25 30
25 37
26 5
26 11
27 0
27 8
28 4
28 39
29 26
29 29
30 15
30 21
31 7
31 34
32 18
32 27
33 1
33 31
34 9
34 16
35 26
35 37
36 23
36 28
37 5
37 15
38 16
38 22
39 12
39 33
40 17
40 27

# solution 22
# n=41 sym=rct4 status=verified source=flammenkamp_cache/n41_rct4
# code=cILFRETHTQWIO7VUY4C6O7C23UW1J4cKd59HbZe0RFPDe053NVZ1K2aLd8AbcSXGYSa6A9XGM8EBNBQDPJM
0 18
0 21
1 15
1 27
2 14
2 29
3 17
3 29
4 26
4 32
5 18
5 24
6 7
6 31
7 30
7 34
8 4
8 12
9 6
9 24
10 7
10 12
11 2
11 3
12 30
12 32
13 1
13 19
14 4
14 38
15 20
15 39
16 5
16 9
17 17
17 37
18 35
18 40
19 0
19 27
20 15
20 25
21 13
21 40
22 0
22 5
23 3
23 23
24 31
24 35
25 1
25 20
26 2
26 36
27 21
27 39
28 8
28 10
29 37
29 38
30 28
30 33
31 16
31 34
32 28
32 36
33 6
33 10
34 9
34 33
35 16
35 22
36 8
36 14
37 11
37 23
38 11
38 26
39 13
39 25
40 19
40 22

# solution 23
# n=41 sym=rct4 status=verified source=flammenkamp_cache/n41_rct4
# code=c3M9GGXRe68CJ6a2NTaIdJP8CTZ3EKRAHcd7P0VUZEQ5A9eFX12NUDKQb5BSWFL1M4BHc4YLSWY0D7OOVIb
0 3
0 22
1 9
1 16
2 16
2 33
3 27
3 40
4 6
4 8
5 12
5 19
6 6
6 36
7 2
7 23
8 29
8 36
9 18
9 39
10 19
10 25
11 8
11 12
12 29
12 35
13 3
13 14
14 20
14 27
15 10
15 17
16 38
16 39
17 7
17 25
18 0
18 31
19 30
19 35
20 14
20 26
21 5
21 10
22 9
22 40
23 15
23 33
24 1
24 2
25 23
25 30
26 13
26 20
27 26
27 37
28 5
28 11
29 28
29 32
30 15
30 21
31 1
31 22
32 4
32 11
33 17
33 38
34 4
34 34
35 21
35 28
36 32
36 34
37 0
37 13
38 7
38 24
39 24
39 31
40 18
40 37

# solution 24
# n=41 sym=rct4 status=verified source=flammenkamp_cache/n41_rct4
# code=cIOER5SAZLP3c6CJQBV8HBbUW2Y1N7d4K0IDVOe4XFP7a0G9RMeKa1XHd6c8A3TNW9TELSY2bFJ5UCZDQGM
0 18
0 24
1 14
1 27
2 5
2 28
3 10
3 35
4 21
4 25
5 3
5 38
6 6
6 12
7 19
7 26
8 11
8 31
9 8
9 17
10 11
10 37
11 30
11 32
12 2
12 34
13 1
13 23
14 7
14 39
15 4
15 20
16 0
16 18
17 13
17 31
18 24
18 40
19 4
19 33
20 15
20 25
21 7
21 36
22 0
22 16
23 9
23 27
24 22
24 40
25 20
25 36
26 1
26 33
27 17
27 39
28 6
28 38
29 8
29 10
30 3
30 29
31 23
31 32
32 9
32 29
33 14
33 21
34 28
34 34
35 2
35 37
36 15
36 19
37 5
37 30
38 12
38 35
39 13
39 26
40 16
40 22

# solution 25
# n=41 sym=rct4 status=verified source=flammenkamp_cache/n41_rct4
# code=cYa9HEKSU0F8G087JYZAd3VJO3QHMCcIaBZRdDPTX2c7BFR1D5T4M2SINEbGL9b1U56LXWeOWPeACKQNV46
0 34
0 36
1 9
1 17
2 14
2 20
3 28
3 30
4 0
4 15
5 8
5 16
6 0
6 8
7 7
7 19
8 34
8 35
9 10
9 39
10 3
10 31
11 19
11 24
12 3
12 26
13 17
13 22
14 12
14 38
15 18
15 36
16 11
16 35
17 27
17 39
18 13
18 25
19 29
19 33
20 2
20 38
21 7
21 11
22 15
22 27
23 1
23 13
24 5
24 29
25 4
25 22
26 2
26 28
27 18
27 23
28 14
28 37
29 16
29 21
30 9
30 37
31 1
31 30
32 5
32 6
33 21
33 33
34 32
34 40
35 24
35 32
36 25
36 40
37 10
37 12
38 20
38 26
39 23
39 31
40 4
40 6

# solution 26
# n=41 sym=rct4 status=verified source=flammenkamp_cache/n41_rct4
# code=cCJDMFOTVNR56XZ6IPS3BEJ3V8e4dGU8c2Q4K1XUeHN0A7dKaEc2WAO1a0W9bLQTbCFMY57YZDH9BGPIRLS
0 12
0 19
1 13
1 22
2 15
2 24
3 29
3 31
4 23
4 27
5 5
5 6
6 33
6 35
7 6
7 18
8 25
8 28
9 3
9 11
10 14
10 19
11 3
11 31
12 8
12 40
13 4
13 39
14 16
14 30
15 8
15 38
16 2
16 26
17 4
17 20
18 1
18 33
19 30
19 40
20 17
20 23
21 0
21 10
22 7
22 39
23 20
23 36
24 14
24 38
25 2
25 32
26 10
26 24
27 1
27 36
28 0
28 32
29 9
29 37
30 21
30 26
31 29
31 37
32 12
32 15
33 22
33 34
34 5
34 7
35 34
35 35
36 13
36 17
37 9
37 11
38 16
38 25
39 18
39 27
40 21
40 28

# solution 27
# n=41 sym=rct4 status=verified source=flammenkamp_cache/n41_rct4
# code=cMTBDGP68JZ4E7bSYSbLODN0d78UdKZ2H9cAP0I9aEQ4VMeFU2VNc5K1AWX1eHRGJ3C6C3XQa5LWYFORTBI
0 22
0 29
1 11
1 13
2 16
2 25
3 6
3 8
4 19
4 35
5 4
5 14
6 7
6 37
7 28
7 34
8 28
8 37
9 21
9 24
10 13
10 23
11 0
11 39
12 7
12 8
13 30
13 39
14 20
14 35
15 2
15 17
16 9
16 38
17 10
17 25
18 0
18 18
19 9
19 36
20 14
20 26
21 4
21 31
22 22
22 40
23 15
23 30
24 2
24 31
25 23
25 38
26 5
26 20
27 1
27 10
28 32
28 33
29 1
29 40
30 17
30 27
31 16
31 19
32 3
32 12
33 6
33 12
34 3
34 33
35 26
35 36
36 5
36 21
37 32
37 34
38 15
38 24
39 27
39 29
40 11
40 18

# solution 28
# n=41 sym=rct4 status=verified source=flammenkamp_cache/n41_rct4
# code=cIKBUNYFTCLQX2N5W7RCF1Q3dVa8D5AVbJM26Ge4O0eGa0OYcIL39UZRW491bEdPSDX8ZHc7EJSBP6HATKM
0 18
0 20
1 11
1 30
2 23
2 34
3 15
3 29
4 12
4 21
5 26
5 33
6 2
6 23
7 5
7 32
8 7
8 27
9 12
9 15
10 1
10 26
11 3
11 39
12 31
12 36
13 8
13 13
14 5
14 10
15 31
15 37
16 19
16 22
17 2
17 6
18 16
18 40
19 4
19 24
20 0
20 40
21 16
21 36
22 0
22 24
23 34
23 38
24 18
24 21
25 3
25 9
26 30
26 35
27 27
27 32
28 4
28 9
29 1
29 37
30 14
30 39
31 25
31 28
32 13
32 33
33 8
33 35
34 17
34 38
35 7
35 14
36 19
36 28
37 11
37 25
38 6
38 17
39 10
39 29
40 20
40 22

# solution 29
# n=41 sym=rct4 status=verified source=flammenkamp_cache/n41_rct4
# code=cNQMVADGV4OKY58RTAY13Wc7PFN7c0LBS4b0C1JEM5ZIQLdSe3aCTJe2XHPFX28bd6UBDWZ6KGa9ORU9IEH
0 23
0 26
1 22
1 31
2 10
2 13
3 16
3 31
4 4
4 24
5 20
5 34
6 5
6 8
7 27
7 29
8 10
8 34
9 1
9 3
10 32
10 38
11 7
11 25
12 15
12 23
13 7
13 38
14 0
14 21
15 11
15 28
16 4
16 37
17 0
17 12
18 1
18 19
19 14
19 22
20 5
20 35
21 18
21 26
22 21
22 39
23 28
23 40
24 3
24 36
25 12
25 29
26 19
26 40
27 2
27 33
28 17
28 25
29 15
29 33
30 2
30 8
31 37
31 39
32 6
32 30
33 11
33 13
34 32
34 35
35 6
35 20
36 16
36 36
37 9
37 24
38 27
38 30
39 9
39 18
40 14
40 17

# solution 30
# n=41 sym=rct4 status=verified source=flammenkamp_cache/n41_rct4
# code=c7PIR9H3S7WDJOPae4AJcEWOS3B1ZKU066BIcNdVZEQ591H2MTYYeAK5dTbCG8Q2LUa04FGLR8XCbNVDMFX
0 7
0 25
1 18
1 27
2 9
2 17
3 3
3 28
4 7
4 32
5 13
5 19
6 24
6 25
7 36
7 40
8 4
8 10
9 19
9 38
10 14
10 32
11 24
11 28
12 3
12 11
13 1
13 35
14 20
14 30
15 0
15 6
16 6
16 11
17 18
17 38
18 23
18 39
19 31
19 35
20 14
20 26
21 5
21 9
22 1
22 17
23 2
23 22
24 29
24 34
25 34
25 40
26 10
26 20
27 5
27 39
28 29
28 37
29 12
29 16
30 8
30 26
31 2
31 21
32 30
32 36
33 0
33 4
34 15
34 16
35 21
35 27
36 8
36 33
37 12
37 37
38 23
38 31
39 13
39 22
40 15
40 33

# solution 31
# n=41 sym=rct4 status=verified source=flammenkamp_cache/n41_rct4
# code=cBJMY7MBV6E5G1aUcKU3N78beLPEHRaCGPZ9R12Ce8W0ScdDV5FOS4DNQFJ03WXHbAK2A4dOZQY9TIX6ILT
0 11
0 19
1 22
1 34
2 7
2 22
3 11
3 31
4 6
4 14
5 5
5 16
6 1
6 36
7 30
7 38
8 20
8 30
9 3
9 23
10 7
10 8
11 37
11 40
12 21
12 25
13 14
13 17
14 27
14 36
15 12
15 16
16 25
16 35
17 9
17 27
18 1
18 2
19 12
19 40
20 8
20 32
21 0
21 28
22 38
22 39
23 13
23 31
24 5
24 15
25 24
25 28
26 4
26 13
27 23
27 26
28 15
28 19
29 0
29 3
30 32
30 33
31 17
31 37
32 10
32 20
33 2
33 10
34 4
34 39
35 24
35 35
36 26
36 34
37 9
37 29
38 18
38 33
39 6
39 18
40 21
40 29

# solution 32
# n=41 sym=rct4 status=verified source=flammenkamp_cache/n41_rct4
# code=cDTHUAJ5QGMTb8X6QIYGJ1c05DFSe37KSVaHd4WVcFP298a1N49CKXb0CPRZe2dLO6MEY7W3BIOEZLUANBR
0 13
0 29
1 17
1 30
2 10
2 19
3 5
3 26
4 16
4 22
5 29
5 37
6 8
6 33
7 6
7 26
8 18
8 34
9 16
9 19
10 1
10 38
11 0
11 5
12 13
12 15
13 28
13 40
14 3
14 7
15 20
15 28
16 31
16 36
17 17
17 39
18 4
18 32
19 31
19 38
20 15
20 25
21 2
21 9
22 8
22 36
23 1
23 23
24 4
24 9
25 12
25 20
26 33
26 37
27 0
27 12
28 25
28 27
29 35
29 40
30 2
30 39
31 21
31 24
32 6
32 22
33 14
33 34
34 7
34 32
35 3
35 11
36 18
36 24
37 14
37 35
38 21
38 30
39 10
39 23
40 11
40 27

# solution 33
# n=41 sym=rct4 status=verified source=flammenkamp_cache/n41_rct4
# code=cDF7ALQIU6Q6SZaTd9GMW3d7R5HBe24JeGWKS9b2PHNFc3VCK8O0Lac0TNZDX1b8IOV1B45CYEYAMEJUXPR
0 13
0 15
1 7
1 10
2 21
2 26
3 18
3 30
4 6
4 26
5 6
5 28
6 35
6 36
7 29
7 39
8 9
8 16
9 22
9 32
10 3
10 39
11 7
11 27
12 5
12 17
13 11
13 40
14 2
14 4
15 19
15 40
16 16
16 32
17 20
17 28
18 9
18 37
19 2
19 25
20 17
20 23
21 15
21 38
22 3
22 31
23 12
23 20
24 8
24 24
25 0
25 21
26 36
26 38
27 0
27 29
28 23
28 35
29 13
29 33
30 1
30 37
31 8
31 18
32 24
32 31
33 1
33 11
34 4
34 5
35 12
35 34
36 14
36 34
37 10
37 22
38 14
38 19
39 30
39 33
40 25
40 27

# solution 34
# n=41 sym=rct4 status=verified source=flammenkamp_cache/n41_rct4
# code=cHRHT8MIO7J58OPTaZcADJV17KQ0VCF6Q36de2bUaCS4A3c01YbEYPS9eEKXd9LRU254BFGWZLXGMIWBNDN
0 17
0 27
1 17
1 29
2 8
2 22
3 18
3 24
4 7
4 19
5 5
5 8
6 24
6 25
7 29
7 36
8 35
8 38
9 10
9 13
10 19
10 31
11 1
11 7
12 20
12 26
13 0
13 31
14 12
14 15
15 6
15 26
16 3
16 6
17 39
17 40
18 2
18 37
19 30
19 36
20 12
20 28
21 4
21 10
22 3
22 38
23 0
23 1
24 34
24 37
25 14
25 34
26 25
26 28
27 9
27 40
28 14
28 20
29 33
29 39
30 9
30 21
31 27
31 30
32 2
32 5
33 4
33 11
34 15
34 16
35 32
35 35
36 21
36 33
37 16
37 22
38 18
38 32
39 11
39 23
40 13
40 23

# solution 35
# n=41 sym=rct4 status=verified source=flammenkamp_cache/n41_rct4
# code=c9ZCH6K7PDX0GDc4bGIUe9TAQIdYaBL3HWZPdSWEJ2cLQ8C1F58NbJT461MEUBV0AMO3a2ROe7RFXKYNS5V
0 9
0 35
1 12
1 17
2 6
2 20
3 7
3 25
4 13
4 33
5 0
5 16
6 13
6 38
7 4
7 37
8 16
8 18
9 30
9 40
10 9
10 29
11 10
11 26
12 18
12 39
13 34
13 36
14 11
14 21
15 3
15 17
16 32
16 35
17 25
17 39
18 28
18 32
19 14
19 19
20 2
20 38
21 21
21 26
22 8
22 12
23 1
23 15
24 5
24 8
25 23
25 37
26 19
26 29
27 4
27 6
28 1
28 22
29 14
29 30
30 11
30 31
31 0
31 10
32 22
32 24
33 3
33 36
34 2
34 27
35 24
35 40
36 7
36 27
37 15
37 33
38 20
38 34
39 23
39 28
40 5
40 31

# solution 36
# n=41 sym=rct4 status=verified source=flammenkamp_cache/n41_rct4.mvr
# code=mvr:0 9 0 27 1 17 1 21 2 21 2 30 3 11 3 15 4
0 9
0 27
1 17
1 21
2 21
2 30
3 11
3 15
4 5
4 24
5 22
5 36
6 7
6 10
7 22
7 34
8 8
8 11
9 12
9 40
10 2
10 34
11 32
11 37
12 26
12 31
13 0
13 17
14 12
14 16
15 20
15 37
16 4
16 26
17 27
17 39
18 5
18 7
19 1
19 2
20 15
20 25
21 38
21 39
22 33
22 35
23 1
23 13
24 14
24 36
25 3
25 20
26 24
26 28
27 23
27 40
28 9
28 14
29 3
29 8
30 6
30 38
31 0
31 28
32 29
32 32
33 6
33 18
34 30
34 33
35 4
35 18
36 16
36 35
37 25
37 29
38 10
38 19
39 19
39 23
40 13
40 31

# solution 37
# n=41 sym=rct4 status=verified source=flammenkamp_cache/n41_rct4.mvr
# code=mvr:0 25 0 27 1 30 1 33 2 14 2 19 3 10 3 22 
0 25
0 27
1 30
1 33
2 14
2 19
3 10
3 22
4 14
4 34
5 12
5 34
6 4
6 5
7 1
7 11
8 24
8 31
9 8
9 18
10 1
10 37
11 13
11 33
12 23
12 35
13 0
13 29
14 36
14 38
15 0
15 21
16 8
16 16
17 12
17 20
18 3
18 31
19 15
19 38
20 17
20 23
21 2
21 25
22 9
22 37
23 20
23 28
24 24
24 32
25 19
25 40
26 2
26 4
27 11
27 40
28 5
28 17
29 7
29 27
30 3
30 39
31 22
31 32
32 9
32 16
33 29
33 39
34 35
34 36
35 6
35 28
36 6
36 26
37 18
37 30
38 21
38 26
39 7
39 10
40 13
40 15

# solution 38
# n=41 sym=rct4 status=verified source=flammenkamp_cache/n41_rct4.mvr
# code=mvr:0 15 0 23 1 11 1 27 2 2 2 16 3 18 3 29 4
0 15
0 23
1 11
1 27
2 2
2 16
3 18
3 29
4 15
4 32
5 23
5 26
6 12
6 16
7 30
7 31
8 4
8 21
9 7
9 22
10 7
10 27
11 3
11 39
12 14
12 34
13 1
13 10
14 5
14 28
15 36
15 40
16 34
16 38
17 0
17 5
18 9
18 37
19 8
19 20
20 19
20 21
21 20
21 32
22 3
22 31
23 35
23 40
24 2
24 6
25 0
25 4
26 12
26 35
27 30
27 39
28 6
28 26
29 1
29 37
30 13
30 33
31 18
31 33
32 19
32 36
33 9
33 10
34 24
34 28
35 14
35 17
36 8
36 25
37 11
37 22
38 24
38 38
39 13
39 29
40 17
40 25

# solution 39
# n=41 sym=rct4 status=verified source=flammenkamp_cache/n41_rct4.mvr
# code=mvr:0 13 0 23 1 11 1 23 2 18 2 32 3 16 3 22 
0 13
0 23
1 11
1 23
2 18
2 32
3 16
3 22
4 21
4 33
5 5
5 32
6 15
6 16
7 4
7 11
8 2
8 5
9 27
9 30
10 9
10 21
11 33
11 39
12 14
12 20
13 9
13 40
14 25
14 28
15 14
15 34
16 34
16 37
17 0
17 1
18 3
18 38
19 4
19 10
20 12
20 28
21 30
21 36
22 2
22 37
23 39
23 40
24 3
24 6
25 6
25 26
26 12
26 15
27 0
27 31
28 20
28 26
29 1
29 7
30 19
30 31
31 10
31 13
32 35
32 38
33 29
33 36
34 24
34 25
35 8
35 35
36 7
36 19
37 18
37 24
38 8
38 22
39 17
39 29
40 17
40 27

# solution 40
# n=41 sym=rct4 status=verified source=flammenkamp_cache/n41_rct4.mvr
# code=mvr:0 14 0 17 1 9 1 18 2 27 2 30 3 9 3 24 4 
0 14
0 17
1 9
1 18
2 27
2 30
3 9
3 24
4 4
4 16
5 6
5 20
6 32
6 35
7 11
7 13
8 6
8 30
9 37
9 39
10 2
10 8
11 15
11 33
12 17
12 25
13 2
13 33
14 19
14 40
15 12
15 29
16 3
16 36
17 28
17 40
18 21
18 39
19 18
19 26
20 5
20 35
21 14
21 22
22 1
22 19
23 0
23 12
24 4
24 37
25 11
25 28
26 0
26 21
27 7
27 38
28 15
28 23
29 7
29 25
30 32
30 38
31 1
31 3
32 10
32 34
33 27
33 29
34 5
34 8
35 20
35 34
36 24
36 36
37 16
37 31
38 10
38 13
39 22
39 31
40 23
40 26

# solution 41
# n=41 sym=rct4 status=verified source=flammenkamp_cache/n41_rct4.mvr
# code=mvr:0 12 0 26 1 19 1 34 2 15 2 35 3 8 3 13 4
0 12
0 26
1 19
1 34
2 15
2 35
3 8
3 13
4 25
4 33
5 2
5 11
6 1
6 6
7 4
7 22
8 9
8 37
9 22
9 32
10 24
10 26
11 27
11 35
12 20
12 40
13 11
13 37
14 0
14 10
15 4
15 38
16 10
16 17
17 21
17 24
18 7
18 9
19 17
19 39
20 12
20 28
21 1
21 23
22 31
22 33
23 16
23 19
24 23
24 30
25 2
25 36
26 30
26 40
27 3
27 29
28 0
28 20
29 5
29 13
30 14
30 16
31 8
31 18
32 3
32 31
33 18
33 36
34 34
34 39
35 29
35 38
36 7
36 15
37 27
37 32
38 5
38 25
39 6
39 21
40 14
40 28

# solution 42
# n=41 sym=rct4 status=verified source=flammenkamp_cache/n41_rct4.mvr
# code=mvr:0 21 0 23 1 10 1 25 2 7 2 28 3 6 3 14 4 
0 21
0 23
1 10
1 25
2 7
2 28
3 6
3 14
4 9
4 18
5 5
5 27
6 24
6 37
7 31
7 38
8 11
8 20
9 7
9 36
10 17
10 39
11 28
11 32
12 2
12 11
13 5
13 14
14 27
14 37
15 1
15 21
16 6
16 18
17 0
17 30
18 24
18 36
19 0
19 15
20 8
20 32
21 25
21 40
22 4
22 16
23 10
23 40
24 22
24 34
25 19
25 39
26 3
26 13
27 26
27 35
28 29
28 38
29 8
29 12
30 1
30 23
31 4
31 33
32 20
32 29
33 2
33 9
34 3
34 16
35 13
35 35
36 22
36 31
37 26
37 34
38 12
38 33
39 15
39 30
40 17
40 19

# solution 43
# n=41 sym=rct4 status=verified source=flammenkamp_cache/n41_rct4.mvr
# code=mvr:0 13 0 23 1 15 1 21 2 2 2 9 3 18 3 29 4 
0 13
0 23
1 15
1 21
2 2
2 9
3 18
3 29
4 6
4 26
5 17
5 26
6 32
6 36
7 29
7 30
8 6
8 16
9 12
9 38
10 7
10 25
11 3
11 7
12 16
12 31
13 22
13 40
14 4
14 5
15 10
15 39
16 28
16 32
17 0
17 35
18 13
18 37
19 1
19 20
20 19
20 21
21 20
21 39
22 3
22 27
23 5
23 40
24 8
24 12
25 1
25 30
26 35
26 36
27 0
27 18
28 9
28 24
29 33
29 37
30 15
30 33
31 2
31 28
32 24
32 34
33 10
33 11
34 4
34 8
35 14
35 23
36 14
36 34
37 11
37 22
38 31
38 38
39 19
39 25
40 17
40 27

# solution 44
# n=41 sym=rct4 status=verified source=flammenkamp_cache/n41_rct4.mvr
# code=mvr:0 18 0 25 1 16 1 22 2 28 2 37 3 2 3 26 4
0 18
0 25
1 16
1 22
2 28
2 37
3 2
3 26
4 23
4 32
5 7
5 11
6 26
6 33
7 6
7 35
8 4
8 12
9 15
9 21
10 13
10 23
11 20
11 35
12 2
12 32
13 24
13 30
14 3
14 6
15 0
15 31
16 13
16 39
17 4
17 10
18 1
18 40
19 9
19 19
20 11
20 29
21 21
21 31
22 0
22 39
23 30
23 36
24 1
24 27
25 9
25 40
26 34
26 37
27 10
27 16
28 8
28 38
29 5
29 20
30 17
30 27
31 19
31 25
32 28
32 36
33 5
33 34
34 7
34 14
35 29
35 33
36 8
36 17
37 14
37 38
38 3
38 12
39 18
39 24
40 15
40 22

# solution 45
# n=41 sym=rct4 status=verified source=flammenkamp_cache/n41_rct4.mvr
# code=mvr:0 13 0 23 1 11 1 21 2 28 2 32 3 10 3 16 
0 13
0 23
1 11
1 21
2 28
2 32
3 10
3 16
4 7
4 18
5 5
5 6
6 32
6 35
7 21
7 36
8 2
8 6
9 14
9 25
10 18
10 37
11 13
11 39
12 2
12 23
13 29
13 40
14 25
14 31
15 9
15 14
16 20
16 37
17 0
17 12
18 30
18 36
19 1
19 7
20 16
20 24
21 33
21 39
22 4
22 10
23 28
23 40
24 3
24 20
25 26
25 31
26 9
26 15
27 0
27 11
28 17
28 38
29 1
29 27
30 3
30 22
31 15
31 26
32 34
32 38
33 4
33 19
34 5
34 8
35 34
35 35
36 22
36 33
37 24
37 30
38 8
38 12
39 19
39 29
40 17
40 27

# solution 46
# n=41 sym=rct4 status=verified source=flammenkamp_cache/n41_rct4.mvr
# code=mvr:0 0 0 29 1 21 1 23 2 8 2 12 3 16 3 22 4 
0 0
0 29
1 21
1 23
2 8
2 12
3 16
3 22
4 15
4 21
5 6
5 27
6 26
6 35
7 26
7 31
8 22
8 38
9 7
9 15
10 27
10 28
11 0
11 20
12 10
12 38
13 5
13 10
14 6
14 7
15 31
15 36
16 17
16 37
17 1
17 24
18 3
18 8
19 1
19 4
20 11
20 29
21 36
21 39
22 32
22 37
23 16
23 39
24 3
24 23
25 4
25 9
26 33
26 34
27 30
27 35
28 2
28 30
29 20
29 40
30 12
30 13
31 25
31 33
32 2
32 18
33 9
33 14
34 5
34 14
35 13
35 34
36 19
36 25
37 18
37 24
38 28
38 32
39 17
39 19
40 11
40 40

# solution 47
# n=41 sym=rct4 status=verified source=flammenkamp_cache/n41_rct4.mvr
# code=mvr:0 26 0 28 1 15 1 35 2 15 2 21 3 3 3 13 4
0 26
0 28
1 15
1 35
2 15
2 21
3 3
3 13
4 10
4 29
5 1
5 10
6 22
6 33
7 6
7 16
8 14
8 23
9 13
9 28
10 35
10 36
11 4
11 21
12 0
12 9
13 31
13 37
14 0
14 32
15 38
15 39
16 17
16 33
17 8
17 24
18 6
18 20
19 2
19 11
20 18
20 22
21 29
21 38
22 20
22 34
23 16
23 32
24 7
24 23
25 1
25 2
26 8
26 40
27 3
27 9
28 31
28 40
29 19
29 36
30 4
30 5
31 12
31 27
32 17
32 26
33 24
33 34
34 7
34 18
35 30
35 39
36 11
36 30
37 27
37 37
38 19
38 25
39 5
39 25
40 12
40 14

# solution 48
# n=41 sym=rct4 status=verified source=flammenkamp_cache/n41_rct4.mvr
# code=mvr:0 19 0 22 1 13 1 25 2 11 2 26 3 11 3 23 
0 19
0 22
1 13
1 25
2 11
2 26
3 11
3 23
4 8
4 14
5 16
5 22
6 9
6 33
7 6
7 10
8 28
8 36
9 16
9 34
10 28
10 33
11 37
11 38
12 8
12 10
13 21
13 39
14 2
14 36
15 1
15 20
16 31
16 35
17 3
17 17
18 0
18 5
19 13
19 40
20 15
20 25
21 0
21 27
22 35
22 40
23 23
23 37
24 5
24 9
25 20
25 39
26 4
26 38
27 1
27 19
28 30
28 32
29 2
29 3
30 7
30 12
31 6
31 24
32 4
32 12
33 30
33 34
34 7
34 31
35 18
35 24
36 26
36 32
37 17
37 29
38 14
38 29
39 15
39 27
40 18
40 21

# solution 49
# n=41 sym=rct4 status=verified source=flammenkamp_cache/n41_rct4.mvr
# code=mvr:0 15 0 26 1 31 1 32 2 16 2 21 3 13 3 30 
0 15
0 26
1 31
1 32
2 16
2 21
3 13
3 30
4 9
4 12
5 6
5 18
6 22
6 35
7 7
7 8
8 1
8 33
9 1
9 36
10 3
10 26
11 17
11 20
12 15
12 36
13 17
13 37
14 0
14 10
15 28
15 40
16 21
16 38
17 27
17 29
18 6
18 35
19 2
19 16
20 11
20 29
21 24
21 38
22 5
22 34
23 11
23 13
24 2
24 19
25 0
25 12
26 30
26 40
27 3
27 23
28 4
28 25
29 20
29 23
30 14
30 37
31 4
31 39
32 7
32 39
33 32
33 33
34 5
34 18
35 22
35 34
36 28
36 31
37 10
37 27
38 19
38 24
39 8
39 9
40 14
40 25

# solution 50
# n=41 sym=rct4 status=verified source=flammenkamp_cache/n41_rct4.mvr
# code=mvr:0 20 0 22 1 14 1 27 2 24 2 28 3 9 3 33 4
0 20
0 22
1 14
1 27
2 24
2 28
3 9
3 33
4 19
4 27
5 10
5 26
6 6
6 16
7 3
7 18
8 29
8 31
9 8
9 37
10 23
10 35
11 8
11 28
12 2
12 11
13 1
13 4
14 5
14 39
15 17
15 21
16 2
16 34
17 10
17 25
18 0
18 33
19 15
19 36
20 0
20 40
21 4
21 25
22 7
22 40
23 15
23 30
24 6
24 38
25 19
25 23
26 1
26 35
27 36
27 39
28 29
28 38
29 12
29 32
30 5
30 17
31 3
31 32
32 9
32 11
33 22
33 37
34 24
34 34
35 14
35 30
36 13
36 21
37 7
37 31
38 12
38 16
39 13
39 26
40 18
40 20

# solution 51
# n=41 sym=rct4 status=verified source=flammenkamp_cache/n41_rct4.mvr
# code=mvr:0 11 0 27 1 10 1 23 2 21 2 30 3 14 3 35 
0 11
0 27
1 10
1 23
2 21
2 30
3 14
3 35
4 18
4 24
5 3
5 11
6 7
6 32
7 14
7 34
8 6
8 22
9 21
9 24
10 2
10 39
11 35
11 40
12 25
12 27
13 0
13 12
14 33
14 37
15 12
15 20
16 4
16 9
17 1
17 17
18 8
18 36
19 2
19 9
20 15
20 25
21 31
21 38
22 4
22 32
23 23
23 39
24 31
24 36
25 20
25 28
26 3
26 7
27 28
27 40
28 13
28 15
29 0
29 5
30 1
30 38
31 16
31 19
32 18
32 34
33 6
33 26
34 8
34 33
35 29
35 37
36 16
36 22
37 5
37 26
38 10
38 19
39 17
39 30
40 13
40 29

# solution 52
# n=41 sym=rct4 status=verified source=flammenkamp_cache/n41_rct4.mvr
# code=mvr:0 25 0 26 1 7 1 22 2 15 2 20 3 13 3 28 4
0 25
0 26
1 7
1 22
2 15
2 20
3 13
3 28
4 17
4 32
5 13
5 31
6 29
6 33
7 6
7 39
8 4
8 16
9 5
9 21
10 10
10 24
11 6
11 26
12 3
12 23
13 35
13 37
14 0
14 11
15 0
15 38
16 10
16 32
17 12
17 36
18 1
18 21
19 9
19 18
20 2
20 38
21 22
21 31
22 19
22 39
23 4
23 28
24 8
24 30
25 2
25 40
26 29
26 40
27 3
27 5
28 17
28 37
29 14
29 34
30 16
30 30
31 19
31 35
32 24
32 36
33 1
33 34
34 7
34 11
35 9
35 27
36 8
36 23
37 12
37 27
38 20
38 25
39 18
39 33
40 14
40 15

# solution 53
# n=41 sym=rct4 status=verified source=flammenkamp_cache/n41_rct4.mvr
# code=mvr:0 17 0 27 1 12 1 33 2 16 2 22 3 5 3 15 4
0 17
0 27
1 12
1 33
2 16
2 22
3 5
3 15
4 23
4 28
5 26
5 37
6 9
6 16
7 1
7 31
8 18
8 27
9 7
9 34
10 15
10 21
11 11
11 26
12 4
12 39
13 0
13 8
14 5
14 11
15 30
15 37
16 34
16 38
17 4
17 40
18 2
18 32
19 10
19 20
20 19
20 21
21 20
21 30
22 8
22 38
23 0
23 36
24 2
24 6
25 3
25 10
26 29
26 35
27 32
27 40
28 1
28 36
29 14
29 29
30 19
30 25
31 6
31 33
32 13
32 22
33 9
33 39
34 24
34 31
35 3
35 14
36 12
36 17
37 25
37 35
38 18
38 24
39 7
39 28
40 13
40 23

# solution 54
# n=41 sym=rct4 status=verified source=flammenkamp_cache/n41_rct4.mvr
# code=mvr:0 17 0 27 1 12 1 33 2 16 2 22 3 15 3 35 
0 17
0 27
1 12
1 33
2 16
2 22
3 15
3 35
4 23
4 28
5 3
5 26
6 9
6 16
7 1
7 31
8 18
8 27
9 7
9 34
10 15
10 21
11 11
11 26
12 4
12 39
13 0
13 8
14 5
14 11
15 30
15 37
16 34
16 38
17 4
17 40
18 2
18 32
19 10
19 20
20 19
20 21
21 20
21 30
22 8
22 38
23 0
23 36
24 2
24 6
25 3
25 10
26 29
26 35
27 32
27 40
28 1
28 36
29 14
29 29
30 19
30 25
31 6
31 33
32 13
32 22
33 9
33 39
34 24
34 31
35 14
35 37
36 12
36 17
37 5
37 25
38 18
38 24
39 7
39 28
40 13
40 23

# solution 55
# n=41 sym=rct4 status=verified source=flammenkamp_cache/n41_rct4.mvr
# code=mvr:0 15 0 33 1 13 1 22 2 23 2 31 3 3 3 12 4
0 15
0 33
1 13
1 22
2 23
2 31
3 3
3 12
4 8
4 33
5 21
5 27
6 15
6 16
7 0
7 4
8 30
8 36
9 2
9 21
10 8
10 26
11 12
11 16
12 29
12 37
13 5
13 39
14 10
14 20
15 34
15 40
16 29
16 34
17 2
17 22
18 1
18 17
19 5
19 9
20 14
20 26
21 31
21 35
22 23
22 39
23 18
23 38
24 6
24 11
25 0
25 6
26 20
26 30
27 1
27 35
28 3
28 11
29 24
29 28
30 14
30 32
31 19
31 38
32 4
32 10
33 36
33 40
34 24
34 25
35 13
35 19
36 7
36 32
37 28
37 37
38 9
38 17
39 18
39 27
40 7
40 25

# solution 56
# n=41 sym=rct4 status=verified source=flammenkamp_cache/n41_rct4.mvr
# code=mvr:0 16 0 26 1 17 1 30 2 15 2 23 3 9 3 10 4
0 16
0 26
1 17
1 30
2 15
2 23
3 9
3 10
4 15
4 21
5 7
5 16
6 9
6 29
7 27
7 35
8 20
8 27
9 34
9 37
10 1
10 37
11 6
11 12
12 26
12 29
13 7
13 8
14 0
14 12
15 36
15 38
16 35
16 40
17 2
17 39
18 18
18 21
19 4
19 18
20 8
20 32
21 22
21 36
22 19
22 22
23 1
23 38
24 0
24 5
25 2
25 4
26 28
26 40
27 32
27 33
28 11
28 14
29 28
29 34
30 3
30 39
31 3
31 6
32 13
32 20
33 5
33 13
34 11
34 31
35 24
35 33
36 19
36 25
37 30
37 31
38 17
38 25
39 10
39 23
40 14
40 24

# solution 57
# n=41 sym=rct4 status=verified source=flammenkamp_cache/n41_rct4.mvr
# code=mvr:0 20 0 22 1 16 1 25 2 2 2 7 3 11 3 27 4 
0 20
0 22
1 16
1 25
2 2
2 7
3 11
3 27
4 19
4 23
5 26
5 33
6 9
6 12
7 5
7 38
8 9
8 25
9 32
9 34
10 14
10 23
11 27
11 37
12 18
12 34
13 3
13 11
14 5
14 30
15 1
15 8
16 21
16 39
17 4
17 10
18 0
18 28
19 16
19 36
20 0
20 40
21 4
21 24
22 12
22 40
23 30
23 36
24 1
24 19
25 32
25 39
26 10
26 35
27 29
27 37
28 6
28 22
29 3
29 13
30 17
30 26
31 6
31 8
32 15
32 31
33 2
33 35
34 28
34 31
35 7
35 14
36 17
36 21
37 13
37 29
38 33
38 38
39 15
39 24
40 18
40 20

# solution 58
# n=41 sym=rct4 status=verified source=flammenkamp_cache/n41_rct4.mvr
# code=mvr:0 18 0 37 1 24 1 31 2 7 2 24 3 0 3 13 4 
0 18
0 37
1 24
1 31
2 7
2 24
3 0
3 13
4 32
4 34
5 21
5 28
6 4
6 6
7 17
7 38
8 4
8 11
9 1
9 22
10 15
10 21
11 28
11 32
12 5
12 11
13 26
13 37
14 13
14 20
15 23
15 30
16 1
16 2
17 15
17 33
18 9
18 40
19 5
19 10
20 14
20 26
21 30
21 35
22 0
22 31
23 7
23 25
24 38
24 39
25 10
25 17
26 20
26 27
27 3
27 14
28 29
28 35
29 8
29 12
30 19
30 25
31 18
31 39
32 29
32 36
33 2
33 23
34 34
34 36
35 12
35 19
36 6
36 8
37 27
37 40
38 16
38 33
39 9
39 16
40 3
40 22

# solution 59
# n=41 sym=rct4 status=verified source=flammenkamp_cache/n41_rct4.mvr
# code=mvr:0 16 0 22 1 13 1 26 2 12 2 35 3 5 3 30 4
0 16
0 22
1 13
1 26
2 12
2 35
3 5
3 30
4 15
4 19
5 2
5 37
6 6
6 28
7 14
7 21
8 9
8 29
9 23
9 32
10 3
10 29
11 8
11 10
12 6
12 38
13 17
13 39
14 1
14 33
15 20
15 36
16 22
16 40
17 9
17 27
18 0
18 16
19 7
19 36
20 15
20 25
21 4
21 33
22 24
22 40
23 13
23 31
24 0
24 18
25 4
25 20
26 7
26 39
27 1
27 23
28 2
28 34
29 30
29 32
30 11
30 37
31 8
31 17
32 11
32 31
33 19
33 26
34 12
34 34
35 3
35 38
36 21
36 25
37 10
37 35
38 5
38 28
39 14
39 27
40 18
40 24

# solution 60
# n=41 sym=rct4 status=verified source=flammenkamp_cache/n41_rct4.mvr
# code=mvr:0 8 0 15 1 7 1 30 2 21 2 24 3 6 3 14 4 9
0 8
0 15
1 7
1 30
2 21
2 24
3 6
3 14
4 9
4 17
5 26
5 29
6 22
6 37
7 30
7 39
8 15
8 40
9 21
9 36
10 1
10 7
11 5
11 16
12 12
12 27
13 12
13 17
14 5
14 37
15 32
15 40
16 2
16 29
17 27
17 36
18 6
18 20
19 2
19 9
20 18
20 22
21 31
21 38
22 20
22 34
23 4
23 13
24 11
24 38
25 0
25 8
26 3
26 35
27 23
27 28
28 13
28 28
29 24
29 35
30 33
30 39
31 4
31 19
32 0
32 25
33 1
33 10
34 3
34 18
35 11
35 14
36 23
36 31
37 26
37 34
38 16
38 19
39 10
39 33
40 25
40 32

# solution 61
# n=41 sym=rct4 status=verified source=flammenkamp_cache/n41_rct4.mvr
# code=mvr:0 12 0 28 1 18 1 26 2 22 2 31 3 7 3 10 4
0 12
0 28
1 18
1 26
2 22
2 31
3 7
3 10
4 7
4 15
5 21
5 24
6 24
6 32
7 36
7 37
8 6
8 13
9 2
9 17
10 25
10 37
11 11
11 14
12 0
12 40
13 17
13 32
14 1
14 29
15 10
15 36
16 5
16 6
17 27
17 31
18 2
18 39
19 5
19 20
20 19
20 21
21 20
21 35
22 1
22 38
23 9
23 13
24 34
24 35
25 4
25 30
26 11
26 39
27 8
27 23
28 0
28 40
29 26
29 29
30 3
30 15
31 23
31 38
32 27
32 34
33 3
33 4
34 8
34 16
35 16
35 19
36 25
36 33
37 30
37 33
38 9
38 18
39 14
39 22
40 12
40 28

# solution 62
# n=41 sym=rct4 status=verified source=flammenkamp_cache/n41_rct4.mvr
# code=mvr:0 22 0 29 1 11 1 13 2 16 2 25 3 6 3 8 4 
0 22
0 29
1 11
1 13
2 16
2 25
3 6
3 8
4 19
4 35
5 4
5 14
6 7
6 37
7 28
7 34
8 28
8 37
9 21
9 24
10 13
10 23
11 0
11 39
12 7
12 8
13 30
13 39
14 20
14 35
15 2
15 17
16 9
16 38
17 10
17 25
18 0
18 18
19 9
19 36
20 14
20 26
21 4
21 31
22 22
22 40
23 15
23 30
24 2
24 31
25 23
25 38
26 5
26 20
27 1
27 10
28 32
28 33
29 1
29 40
30 17
30 27
31 16
31 19
32 3
32 12
33 6
33 12
34 3
34 33
35 26
35 36
36 5
36 21
37 32
37 34
38 15
38 24
39 27
39 29
40 11
40 18

# solution 63
# n=41 sym=rct4 status=verified source=flammenkamp_cache/n41_rct4.mvr
# code=mvr:0 25 0 28 1 21 1 27 2 32 2 37 3 2 3 16 4
0 25
0 28
1 21
1 27
2 32
2 37
3 2
3 16
4 11
4 18
5 16
5 32
6 6
6 11
7 13
7 28
8 2
8 5
9 22
9 23
10 20
10 26
11 34
11 36
12 0
12 7
13 1
13 33
14 10
14 25
15 0
15 14
16 35
16 37
17 9
17 21
18 9
18 36
19 1
19 17
20 10
20 30
21 23
21 39
22 4
22 31
23 19
23 31
24 3
24 5
25 26
25 40
26 15
26 30
27 7
27 39
28 33
28 40
29 4
29 6
30 14
30 20
31 17
31 18
32 35
32 38
33 12
33 27
34 29
34 34
35 8
35 24
36 22
36 29
37 24
37 38
38 3
38 8
39 13
39 19
40 12
40 15

# solution 64
# n=41 sym=rct4 status=verified source=flammenkamp_cache/n41_rct4.mvr
# code=mvr:0 9 0 35 1 12 1 17 2 6 2 20 3 7 3 25 4 1
0 9
0 35
1 12
1 17
2 6
2 20
3 7
3 25
4 13
4 33
5 0
5 16
6 13
6 38
7 4
7 37
8 16
8 18
9 30
9 40
10 9
10 29
11 10
11 26
12 18
12 39
13 34
13 36
14 11
14 21
15 3
15 17
16 32
16 35
17 25
17 39
18 28
18 32
19 14
19 19
20 2
20 38
21 21
21 26
22 8
22 12
23 1
23 15
24 5
24 8
25 23
25 37
26 19
26 29
27 4
27 6
28 1
28 22
29 14
29 30
30 11
30 31
31 0
31 10
32 22
32 24
33 3
33 36
34 2
34 27
35 24
35 40
36 7
36 27
37 15
37 33
38 20
38 34
39 23
39 28
40 5
40 31

# solution 65
# n=41 sym=rct4 status=verified source=flammenkamp_cache/n41_rct4.mvr
# code=mvr:0 21 0 28 1 18 1 27 2 16 2 25 3 9 3 11 4
0 21
0 28
1 18
1 27
2 16
2 25
3 9
3 11
4 13
4 17
5 5
5 34
6 5
6 7
7 22
7 34
8 12
8 15
9 29
9 37
10 21
10 26
11 9
11 37
12 0
12 32
13 1
13 36
14 10
14 24
15 2
15 32
16 14
16 38
17 20
17 36
18 7
18 39
19 0
19 10
20 17
20 23
21 30
21 40
22 1
22 33
23 4
23 20
24 2
24 26
25 8
25 38
26 16
26 30
27 4
27 39
28 8
28 40
29 3
29 31
30 14
30 19
31 3
31 11
32 25
32 28
33 6
33 18
34 33
34 35
35 6
35 35
36 23
36 27
37 29
37 31
38 15
38 24
39 13
39 22
40 12
40 19

# solution 66
# n=41 sym=rct4 status=verified source=flammenkamp_cache/n41_rct4.mvr
# code=mvr:0 20 0 22 1 10 1 29 2 6 2 17 3 11 3 25 4
0 20
0 22
1 10
1 29
2 6
2 17
3 11
3 25
4 19
4 28
5 7
5 14
6 17
6 38
7 8
7 35
8 13
8 33
9 25
9 28
10 14
10 39
11 1
11 37
12 4
12 9
13 13
13 32
14 30
14 35
15 3
15 9
16 18
16 21
17 34
17 38
18 0
18 24
19 16
19 36
20 0
20 40
21 4
21 24
22 16
22 40
23 2
23 6
24 19
24 22
25 31
25 37
26 5
26 10
27 8
27 27
28 31
28 36
29 3
29 39
30 1
30 26
31 12
31 15
32 7
32 27
33 5
33 32
34 2
34 23
35 26
35 33
36 12
36 21
37 15
37 29
38 23
38 34
39 11
39 30
40 18
40 20

# solution 67
# n=41 sym=rct4 status=verified source=flammenkamp_cache/n41_rct4.mvr
# code=mvr:0 5 0 18 1 18 1 24 2 29 2 35 3 9 3 23 4 
0 5
0 18
1 18
1 24
2 29
2 35
3 9
3 23
4 7
4 14
5 2
5 40
6 16
6 29
7 20
7 36
8 8
8 28
9 30
9 37
10 9
10 14
11 2
11 6
12 8
12 19
13 15
13 21
14 30
14 36
15 23
15 27
16 1
16 34
17 3
17 15
18 39
18 40
19 13
19 28
20 7
20 33
21 12
21 27
22 0
22 1
23 25
23 37
24 6
24 39
25 13
25 17
26 4
26 10
27 19
27 25
28 21
28 32
29 34
29 38
30 26
30 31
31 3
31 10
32 12
32 32
33 4
33 20
34 11
34 24
35 0
35 38
36 26
36 33
37 17
37 31
38 5
38 11
39 16
39 22
40 22
40 35

# solution 68
# n=41 sym=rct4 status=verified source=flammenkamp_cache/n41_rct4.mvr
# code=mvr:0 11 0 19 1 22 1 34 2 7 2 22 3 11 3 31 4
0 11
0 19
1 22
1 34
2 7
2 22
3 11
3 31
4 6
4 14
5 5
5 16
6 1
6 36
7 30
7 38
8 20
8 30
9 3
9 23
10 7
10 8
11 37
11 40
12 21
12 25
13 14
13 17
14 27
14 36
15 12
15 16
16 25
16 35
17 9
17 27
18 1
18 2
19 12
19 40
20 8
20 32
21 0
21 28
22 38
22 39
23 13
23 31
24 5
24 15
25 24
25 28
26 4
26 13
27 23
27 26
28 15
28 19
29 0
29 3
30 32
30 33
31 17
31 37
32 10
32 20
33 2
33 10
34 4
34 39
35 24
35 35
36 26
36 34
37 9
37 29
38 18
38 33
39 6
39 18
40 21
40 29

# solution 69
# n=41 sym=rct4 status=verified source=flammenkamp_cache/n41_rct4.mvr
# code=mvr:0 0 0 34 1 11 1 20 2 18 2 26 3 28 3 36 4
0 0
0 34
1 11
1 20
2 18
2 26
3 28
3 36
4 3
4 21
5 22
5 27
6 0
6 11
7 10
7 25
8 17
8 30
9 13
9 15
10 8
10 33
11 34
11 39
12 3
12 16
13 5
13 31
14 2
14 21
15 7
15 31
16 23
16 28
17 16
17 32
18 5
18 38
19 4
19 14
20 1
20 39
21 26
21 36
22 2
22 35
23 8
23 24
24 12
24 17
25 9
25 33
26 19
26 38
27 9
27 35
28 24
28 37
29 1
29 6
30 7
30 32
31 25
31 27
32 10
32 23
33 15
33 30
34 29
34 40
35 13
35 18
36 19
36 37
37 4
37 12
38 14
38 22
39 20
39 29
40 6
40 40

# solution 70
# n=41 sym=rct4 status=verified source=flammenkamp_cache/n41_rct4.mvr
# code=mvr:0 4 0 6 1 23 1 31 2 20 2 26 3 10 3 12 4 
0 4
0 6
1 23
1 31
2 20
2 26
3 10
3 12
4 25
4 40
5 24
5 32
6 32
6 40
7 7
7 21
8 5
8 6
9 1
9 30
10 9
10 37
11 16
11 21
12 14
12 37
13 18
13 23
14 2
14 28
15 4
15 22
16 5
16 29
17 1
17 13
18 15
18 27
19 7
19 11
20 2
20 38
21 29
21 33
22 13
22 25
23 27
23 39
24 11
24 35
25 18
25 36
26 12
26 38
27 17
27 22
28 3
28 26
29 19
29 24
30 3
30 31
31 10
31 39
32 34
32 35
33 19
33 33
34 0
34 8
35 8
35 16
36 0
36 15
37 28
37 30
38 14
38 20
39 9
39 17
40 34
40 36

