# solution 1
# n=42 sym=dia2 status=verified source=flammenkamp_cache/n42_dia2
# code=xBKHPLWAI5W4AXZFOMZbd350DFPBMEI7CTe1Y3ESX0d2f8DRc7e1CTYNRJUGQSfac246JHQ68Vb9aNV9KGOLU
0 11
0 20
1 17
1 25
2 21
2 32
3 10
3 18
4 5
4 32
5 4
5 10
6 33
6 35
7 15
7 24
8 22
8 35
9 37
9 39
10 3
10 5
11 0
11 13
12 15
12 25
13 11
13 22
14 14
14 18
15 7
15 12
16 29
16 40
17 1
17 34
18 3
18 14
19 28
19 33
20 0
20 39
21 2
21 41
22 8
22 13
23 27
23 38
24 7
24 40
25 1
25 12
26 29
26 34
27 23
27 27
28 19
28 30
29 16
29 26
30 28
30 41
31 36
31 38
32 2
32 4
33 6
33 19
34 17
34 26
35 6
35 8
36 31
36 37
37 9
37 36
38 23
38 31
39 9
39 20
40 16
40 24
41 21
41 30

