# solution 1
# n=43 sym=rct4 status=verified source=flammenkamp_cache/n43_rct4
# code=cGKFO9U6RNQ9T6dEWJObe7SDP2H5VAZ3f4gBU184YLgKM0L8cYfCV0c1d7WBbPeHTEZ25INAS3aDXGJFaCXIRMQ
0 16
0 20
1 15
1 24
2 9
2 30
3 6
3 27
4 23
4 26
5 9
5 29
6 6
6 39
7 14
7 32
8 19
8 24
9 37
9 40
10 7
10 28
11 13
11 25
12 2
12 17
13 5
13 31
14 10
14 35
15 3
15 41
16 4
16 42
17 11
17 30
18 1
18 8
19 4
19 34
20 21
20 42
21 20
21 22
22 0
22 21
23 8
23 38
24 34
24 41
25 12
25 31
26 0
26 38
27 1
27 39
28 7
28 32
29 11
29 37
30 25
30 40
31 17
31 29
32 14
32 35
33 2
33 5
34 18
34 23
35 10
35 28
36 3
36 36
37 13
37 33
38 16
38 19
39 15
39 36
40 12
40 33
41 18
41 27
42 22
42 26

# solution 2
# n=43 sym=rct4 status=verified source=flammenkamp_cache/n43_rct4
# code=cPRDUId2PUY7AKWGb4SGK6bBN14Nf8F0SXZ03LeBDXaIO69TV2Ldg79EgRY1JcfJV5aMQEc5QAMWZ8CHe3OCTFH
0 25
0 27
1 13
1 30
2 18
2 39
3 2
3 25
4 30
4 34
5 7
5 10
6 20
6 32
7 16
7 37
8 4
8 28
9 16
9 20
10 6
10 37
11 11
11 23
12 1
12 4
13 23
13 41
14 8
14 15
15 0
15 28
16 33
16 35
17 0
17 3
18 21
18 40
19 11
19 13
20 33
20 36
21 18
21 24
22 6
22 9
23 29
23 31
24 2
24 21
25 39
25 42
26 7
26 9
27 14
27 42
28 27
28 34
29 1
29 19
30 38
30 41
31 19
31 31
32 5
32 36
33 22
33 26
34 14
34 38
35 5
35 26
36 10
36 22
37 32
37 35
38 8
38 12
39 17
39 40
40 3
40 24
41 12
41 29
42 15
42 17

# solution 3
# n=43 sym=rct4 status=verified source=flammenkamp_cache/n43_rct4
# code=cGOQVUXJaCFHa35KWDR2W791H2cOYEK8c1gVb0DLdSZJN7E3LTg5B0f4YMS8I4ePfXZAeFTAMbd6PRU6N9CBGIQ
0 16
0 24
1 26
1 31
2 30
2 33
3 19
3 36
4 12
4 15
5 17
5 36
6 3
6 5
7 20
7 32
8 13
8 27
9 2
9 32
10 7
10 9
11 1
11 17
12 2
12 38
13 24
13 34
14 14
14 20
15 8
15 38
16 1
16 42
17 31
17 37
18 0
18 13
19 21
19 39
20 28
20 35
21 19
21 23
22 7
22 14
23 3
23 21
24 29
24 42
25 5
25 11
26 0
26 41
27 4
27 34
28 22
28 28
29 8
29 18
30 4
30 40
31 25
31 41
32 33
32 35
33 10
33 40
34 15
34 29
35 10
35 22
36 37
36 39
37 6
37 25
38 27
38 30
39 6
39 23
40 9
40 12
41 11
41 16
42 18
42 26

# solution 4
# n=43 sym=rct4 status=verified source=flammenkamp_cache/n43_rct4
# code=cFJBY8TBMIM6SNb7S1eCICQdfWX2Q57HgADLRXc6g34HPcd0a49FLTW0PZbGe9A13GUOU2fEZ5JEaKOKVDY8VNR
0 15
0 19
1 11
1 34
2 8
2 29
3 11
3 22
4 18
4 22
5 6
5 28
6 23
6 37
7 7
7 28
8 1
8 40
9 12
9 18
10 12
10 26
11 39
11 41
12 32
12 33
13 2
13 26
14 5
14 7
15 17
15 42
16 10
16 13
17 21
17 27
18 33
18 38
19 6
19 42
20 3
20 4
21 17
21 25
22 38
22 39
23 0
23 36
24 4
24 9
25 15
25 21
26 29
26 32
27 0
27 25
28 35
28 37
29 16
29 40
30 9
30 10
31 1
31 3
32 16
32 30
33 24
33 30
34 2
34 41
35 14
35 35
36 5
36 19
37 14
37 36
38 20
38 24
39 20
39 31
40 13
40 34
41 8
41 31
42 23
42 27

# solution 5
# n=43 sym=rct4 status=verified source=flammenkamp_cache/n43_rct4
# code=cDHKXGVFbAI3B6TCP9Q1YKc2bNZ6gJREd8e7gLcCSWfIO1AEU4L0Z2Y3SFN0a7J5e4M8fGXHUDaVdOW5RBQ9MPT
0 13
0 17
1 20
1 33
2 16
2 31
3 15
3 37
4 10
4 18
5 3
5 11
6 6
6 29
7 12
7 25
8 9
8 26
9 1
9 34
10 20
10 38
11 2
11 37
12 23
12 35
13 6
13 42
14 19
14 27
15 14
15 39
16 8
16 40
17 7
17 42
18 21
18 38
19 12
19 28
20 32
20 41
21 18
21 24
22 1
22 10
23 14
23 30
24 4
24 21
25 0
25 35
26 2
26 34
27 3
27 28
28 15
28 23
29 0
29 36
30 7
30 19
31 5
31 40
32 4
32 22
33 8
33 41
34 16
34 33
35 17
35 30
36 13
36 36
37 31
37 39
38 24
38 32
39 5
39 27
40 11
40 26
41 9
41 22
42 25
42 29

# solution 6
# n=43 sym=rct4 status=verified source=flammenkamp_cache/n43_rct4
# code=c8WOW9RJK45XcLOPUEg5e01CR7VGKGY2BST7J16PdTd6a3D3HafNZDEVe8QMQBZFUfg2b0SCHIL49bcMNFXAIAY
0 8
0 32
1 24
1 32
2 9
2 27
3 19
3 20
4 4
4 5
5 33
5 38
6 21
6 24
7 25
7 30
8 14
8 42
9 5
9 40
10 0
10 1
11 12
11 27
12 7
12 31
13 16
13 20
14 16
14 34
15 2
15 11
16 28
16 29
17 7
17 19
18 1
18 6
19 25
19 39
20 29
20 39
21 6
21 36
22 3
22 13
23 3
23 17
24 36
24 41
25 23
25 35
26 13
26 14
27 31
27 40
28 8
28 26
29 22
29 26
30 11
30 35
31 15
31 30
32 41
32 42
33 2
33 37
34 0
34 28
35 12
35 17
36 18
36 21
37 4
37 9
38 37
38 38
39 22
39 23
40 15
40 33
41 10
41 18
42 10
42 34

# solution 7
# n=43 sym=rct4 status=verified source=flammenkamp_cache/n43_rct4
# code=cDPLdIX1QUVMW8BJPMa2C5E4a4XNgEWIQ3F07ReDZ581fYb7T2FZgRdGOAS0J9c6cSbUe6KHNVYAKBCGf9O3LHT
0 13
0 25
1 21
1 39
2 18
2 33
3 1
3 26
4 30
4 31
5 22
5 32
6 8
6 11
7 19
7 25
8 22
8 36
9 2
9 12
10 5
10 14
11 4
11 36
12 4
12 33
13 23
13 42
14 14
14 32
15 18
15 26
16 3
16 15
17 0
17 7
18 27
18 40
19 13
19 35
20 5
20 8
21 1
21 41
22 34
22 37
23 7
23 29
24 2
24 15
25 35
25 42
26 27
26 39
27 16
27 24
28 10
28 28
29 0
29 19
30 9
30 38
31 6
31 38
32 28
32 37
33 30
33 40
34 6
34 20
35 17
35 23
36 31
36 34
37 10
37 20
38 11
38 12
39 16
39 41
40 9
40 24
41 3
41 21
42 17
42 29

# solution 8
# n=43 sym=rct4 status=verified source=flammenkamp_cache/n43_rct4
# code=c6BJP5FQWAMEeSg7XMT7I3cLgQR8H6bCe3C1TJXOf48BVYc1I9NDfUd2U5aPYFG0L4dOZDK9Z0E2SKWAGRbHNVa
0 6
0 11
1 19
1 25
2 5
2 15
3 26
3 32
4 10
4 22
5 14
5 40
6 28
6 42
7 7
7 33
8 22
8 29
9 7
9 18
10 3
10 38
11 21
11 42
12 26
12 27
13 8
13 17
14 6
14 37
15 12
15 40
16 3
16 12
17 1
17 29
18 19
18 33
19 24
19 41
20 4
20 8
21 11
21 31
22 34
22 38
23 1
23 18
24 9
24 23
25 13
25 41
26 30
26 39
27 2
27 30
28 5
28 36
29 25
29 34
30 15
30 16
31 0
31 21
32 4
32 39
33 24
33 35
34 13
34 20
35 9
35 35
36 0
36 14
37 2
37 28
38 20
38 32
39 10
39 16
40 27
40 37
41 17
41 23
42 31
42 36

# solution 9
# n=43 sym=rct4 status=verified source=flammenkamp_cache/n43_rct4
# code=cLROYCE9EKWPZNT5H19Yd4OBRGe6Gde0BTU5Z1A6KNc0g4JMaWf7bCDVg23Qa2QFVIc38XfPbDJ7HAMSXSU8IFL
0 21
0 27
1 24
1 34
2 12
2 14
3 9
3 14
4 20
4 32
5 25
5 35
6 23
6 29
7 5
7 17
8 1
8 9
9 34
9 39
10 4
10 24
11 11
11 27
12 16
12 40
13 6
13 16
14 39
14 40
15 0
15 11
16 29
16 30
17 5
17 35
18 1
18 10
19 6
19 20
20 23
20 38
21 0
21 42
22 4
22 19
23 22
23 36
24 32
24 41
25 7
25 37
26 12
26 13
27 31
27 42
28 2
28 3
29 26
29 36
30 2
30 26
31 15
31 31
32 18
32 38
33 3
33 8
34 33
34 41
35 25
35 37
36 13
36 19
37 7
37 17
38 10
38 22
39 28
39 33
40 28
40 30
41 8
41 18
42 15
42 21

# solution 10
# n=43 sym=rct4 status=verified source=flammenkamp_cache/n43_rct4
# code=cMP9F2QUYBJ7KHOVb39YfJS7c3EIQAULf2D0a6TWc0bFR5g4ADa6gTe1LCWGOSd4ZEN18Xd5BIPMZNV8CGeRXHK
0 22
0 25
1 9
1 15
2 2
2 26
3 30
3 34
4 11
4 19
5 7
5 20
6 17
6 24
7 31
7 37
8 3
8 9
9 34
9 41
10 19
10 28
11 7
11 38
12 3
12 14
13 18
13 26
14 10
14 30
15 21
15 41
16 2
16 13
17 0
17 36
18 6
18 29
19 32
19 38
20 0
20 37
21 15
21 27
22 5
22 42
23 4
23 10
24 13
24 36
25 6
25 42
26 29
26 40
27 1
27 21
28 12
28 32
29 16
29 24
30 28
30 39
31 4
31 35
32 14
32 23
33 1
33 8
34 33
34 39
35 5
35 11
36 18
36 25
37 22
37 35
38 23
38 31
39 8
39 12
40 16
40 40
41 27
41 33
42 17
42 20

# solution 11
# n=43 sym=rct4 status=verified source=flammenkamp_cache/n43_rct4
# code=cFO8LSbTW4D2A8EKOafJV3b9CQV3c2aNgCHKQ07FXPZ1f7H9RZgGMPU0J6e4dBGUX5dBN16IMSYWeTcAD5ELYIR
0 15
0 24
1 8
1 21
2 28
2 37
3 29
3 32
4 4
4 13
5 2
5 10
6 8
6 14
7 20
7 24
8 36
8 41
9 19
9 31
10 3
10 37
11 9
11 12
12 26
12 31
13 3
13 38
14 2
14 36
15 23
15 42
16 12
16 17
17 20
17 26
18 0
18 7
19 15
19 33
20 25
20 35
21 1
21 41
22 7
22 17
23 9
23 27
24 35
24 42
25 16
25 22
26 25
26 30
27 0
27 19
28 6
28 40
29 4
29 39
30 11
30 16
31 30
31 33
32 5
32 39
33 11
33 23
34 1
34 6
35 18
35 22
36 28
36 34
37 32
37 40
38 29
38 38
39 10
39 13
40 5
40 14
41 21
41 34
42 18
42 27

# solution 12
# n=43 sym=rct4 status=verified source=flammenkamp_cache/n43_rct4
# code=cOPGKIU6D4PXYEd9F5N5ZGJKU2BFdLaTZWf040e8WVfES1BAY2gcg1A7D6L3RVeCMNQ7bJbRX3S89HcTaCOMQHI
0 24
0 25
1 16
1 20
2 18
2 30
3 6
3 13
4 4
4 25
5 33
5 34
6 14
6 39
7 9
7 15
8 5
8 23
9 5
9 35
10 16
10 19
11 20
11 30
12 2
12 11
13 15
13 39
14 21
14 36
15 29
15 35
16 32
16 41
17 0
17 4
18 0
18 40
19 8
19 32
20 31
20 41
21 14
21 28
22 1
22 11
23 10
23 34
24 2
24 42
25 38
25 42
26 1
26 10
27 7
27 13
28 6
28 21
29 3
29 27
30 31
30 40
31 12
31 22
32 23
32 26
33 7
33 37
34 19
34 37
35 27
35 33
36 3
36 28
37 8
37 9
38 17
38 38
39 29
39 36
40 12
40 24
41 22
41 26
42 17
42 18

# solution 13
# n=43 sym=rct4 status=verified source=flammenkamp_cache/n43_rct4
# code=cCSTZ9IEK45WcDL1PBQKe5JRYQg1a0dBP8C7FJeOWXd6a39AI2NRZUYHV3g6f0G8FNb2MGVHfLT4AbcMSOX7DEU
0 12
0 28
1 29
1 35
2 9
2 18
3 14
3 20
4 4
4 5
5 32
5 38
6 13
6 21
7 1
7 25
8 11
8 26
9 20
9 40
10 5
10 19
11 27
11 34
12 26
12 42
13 1
13 36
14 0
14 39
15 11
15 25
16 8
16 12
17 7
17 15
18 19
18 40
19 24
19 32
20 33
20 39
21 6
21 36
22 3
22 9
23 10
23 18
24 2
24 23
25 27
25 35
26 30
26 34
27 17
27 31
28 3
28 42
29 6
29 41
30 0
30 16
31 8
31 15
32 23
32 37
33 2
33 22
34 16
34 31
35 17
35 41
36 21
36 29
37 4
37 10
38 37
38 38
39 22
39 28
40 24
40 33
41 7
41 13
42 14
42 30

# solution 14
# n=43 sym=rct4 status=verified source=flammenkamp_cache/n43_rct4
# code=cDS1KAISVBGAUJZ69HNTZbe3c5G9g03LOUcKYFe8aPfFR1H6Y2R8M4CILdg0XQb4d257DJPXa7NCWQVBEOWMfET
0 13
0 28
1 1
1 20
2 10
2 18
3 28
3 31
4 11
4 16
5 10
5 30
6 19
6 35
7 6
7 9
8 17
8 23
9 29
9 35
10 37
10 40
11 3
11 38
12 5
12 16
13 9
13 42
14 0
14 3
15 21
15 24
16 30
16 38
17 20
17 34
18 15
18 40
19 8
19 36
20 25
20 41
21 15
21 27
22 1
22 17
23 6
23 34
24 2
24 27
25 8
25 22
26 4
26 12
27 18
27 21
28 39
28 42
29 0
29 33
30 26
30 37
31 4
31 39
32 2
32 5
33 7
33 13
34 19
34 25
35 33
35 36
36 7
36 23
37 12
37 32
38 26
38 31
39 11
39 14
40 24
40 32
41 22
41 41
42 14
42 29

# solution 15
# n=43 sym=rct4 status=verified source=flammenkamp_cache/n43_rct4
# code=cGUOWAR5ZEJ9dOT38JZ9b1eCH0V6MKc2HLgRV16YcDSGQET48afBF0LPe4MKaBgPU2f5X7NYdDI3XNS7bFWAICQ
0 16
0 30
1 24
1 32
2 10
2 27
3 5
3 35
4 14
4 19
5 9
5 39
6 24
6 29
7 3
7 8
8 19
8 35
9 9
9 37
10 1
10 40
11 12
11 17
12 0
12 31
13 6
13 22
14 20
14 38
15 2
15 17
16 21
16 42
17 27
17 31
18 1
18 6
19 34
19 38
20 13
20 28
21 16
21 26
22 14
22 29
23 4
23 8
24 36
24 41
25 11
25 15
26 0
26 21
27 25
27 40
28 4
28 22
29 20
29 36
30 11
30 42
31 25
31 30
32 2
32 41
33 5
33 33
34 7
34 23
35 34
35 39
36 13
36 18
37 3
37 33
38 23
38 28
39 7
39 37
40 15
40 32
41 10
41 18
42 12
42 26

# solution 16
# n=43 sym=rct4 status=verified source=flammenkamp_cache/n43_rct4
# code=c9TKUJRSZGMAB8G37IaWg9bEb1F0L3V2UacJOHYPe4fDT1c2H8PIN46CeBdLgRf5S5X0A6OZdQYVWKQ7EFNCMDX
0 9
0 29
1 20
1 30
2 19
2 27
3 28
3 35
4 16
4 22
5 10
5 11
6 8
6 16
7 3
7 7
8 18
8 36
9 32
9 42
10 9
10 37
11 14
11 37
12 1
12 15
13 0
13 21
14 3
14 31
15 2
15 30
16 36
16 38
17 19
17 24
18 17
18 34
19 25
19 40
20 4
20 41
21 13
21 29
22 1
22 38
23 2
23 17
24 8
24 25
25 18
25 23
26 4
26 6
27 12
27 40
28 11
28 39
29 21
29 42
30 27
30 41
31 5
31 28
32 5
32 33
33 0
33 10
34 6
34 24
35 35
35 39
36 26
36 34
37 31
37 32
38 20
38 26
39 7
39 14
40 15
40 23
41 12
41 22
42 13
42 33

# solution 17
# n=43 sym=rct4 status=verified source=flammenkamp_cache/n43_rct4
# code=cIRBKAP8D4DPVJYIQ6dCKGe5fSXcdCL0J7W25ZgRaXfES196F07beAZNgLU349E1b2QMU3aGO8NBHTcTYHWMVFO
0 18
0 27
1 11
1 20
2 10
2 25
3 8
3 13
4 4
4 13
5 25
5 31
6 19
6 34
7 18
7 26
8 6
8 39
9 12
9 20
10 16
10 40
11 5
11 41
12 28
12 33
13 38
13 39
14 12
14 21
15 0
15 19
16 7
16 32
17 2
17 5
18 35
18 42
19 27
19 36
20 33
20 41
21 14
21 28
22 1
22 9
23 6
23 15
24 0
24 7
25 37
25 40
26 10
26 35
27 23
27 42
28 21
28 30
29 3
29 4
30 9
30 14
31 1
31 37
32 2
32 26
33 22
33 30
34 3
34 36
35 16
35 24
36 8
36 23
37 11
37 17
38 29
38 38
39 29
39 34
40 17
40 32
41 22
41 31
42 15
42 24

# solution 18
# n=43 sym=rct4 status=verified source=flammenkamp_cache/n43_rct4
# code=c5AEPEXAJ4J7gBRKbMU2TdgHa8T9Cef6QFI1VLQcd8ZIO7Y34GLBfORGa12UXDY6P03DeCK5MFV0ZNcNW9SHSWb
0 5
0 10
1 14
1 25
2 14
2 33
3 10
3 19
4 4
4 19
5 7
5 42
6 11
6 27
7 20
7 37
8 22
8 30
9 2
9 29
10 39
10 42
11 17
11 36
12 8
12 29
13 9
13 12
14 40
14 41
15 6
15 26
16 15
16 18
17 1
17 31
18 21
18 26
19 38
19 39
20 8
20 35
21 18
21 24
22 7
22 34
23 3
23 4
24 16
24 21
25 11
25 41
26 24
26 27
27 16
27 36
28 1
28 2
29 30
29 33
30 13
30 34
31 6
31 25
32 0
32 3
33 13
33 40
34 12
34 20
35 5
35 22
36 15
36 31
37 0
37 35
38 23
38 38
39 23
39 32
40 9
40 28
41 17
41 28
42 32
42 37

# solution 19
# n=43 sym=rct4 status=verified source=flammenkamp_cache/n43_rct4
# code=cGN7MFK4VTdSW9N7fSUUa5F3L894H58WeIgITPQ061eBV2fagGHDO0O2AYbPcXYLdRb6CCE1ZJXAE3DBcMRKZJQ
0 16
0 23
1 7
1 22
2 15
2 20
3 4
3 31
4 29
4 39
5 28
5 32
6 9
6 23
7 7
7 41
8 28
8 30
9 30
9 36
10 5
10 15
11 3
11 21
12 8
12 9
13 4
13 17
14 5
14 8
15 32
15 40
16 18
16 42
17 18
17 29
18 25
18 26
19 0
19 6
20 1
20 40
21 11
21 31
22 2
22 41
23 36
23 42
24 16
24 17
25 13
25 24
26 0
26 24
27 2
27 10
28 34
28 37
29 25
29 38
30 33
30 34
31 21
31 39
32 27
32 37
33 6
33 12
34 12
34 14
35 1
35 35
36 19
36 33
37 10
37 14
38 3
38 13
39 11
39 38
40 22
40 27
41 20
41 35
42 19
42 26

# solution 20
# n=43 sym=rct4 status=verified source=flammenkamp_cache/n43_rct4
# code=cADKSBPHL4R7WBKTb9OGY5gaeNO7g1Q4JEX2d8CCRaf3d16FUUY3e9SNcGf0ZIJ260b8QIX5DMVAZFcLPHVEMTW
0 10
0 13
1 20
1 28
2 11
2 25
3 17
3 21
4 4
4 27
5 7
5 32
6 11
6 20
7 29
7 37
8 9
8 24
9 16
9 34
10 5
10 42
11 36
11 40
12 23
12 24
13 7
13 42
14 1
14 26
15 4
15 19
16 14
16 33
17 2
17 39
18 8
18 12
19 12
19 27
20 36
20 41
21 3
21 39
22 1
22 6
23 15
23 30
24 30
24 34
25 3
25 40
26 9
26 28
27 23
27 38
28 16
28 41
29 0
29 35
30 18
30 19
31 2
31 6
32 0
32 37
33 8
33 26
34 18
34 33
35 5
35 13
36 22
36 31
37 10
37 35
38 15
38 38
39 21
39 25
40 17
40 31
41 14
41 22
42 29
42 32

# solution 21
# n=43 sym=rct4 status=verified source=flammenkamp_cache/n43_rct4
# code=cHQEO9CLNTW786RUbSbMe4BNW7e4H8f6M0ITg1Q3B9F3dRXVdGf0DOgKa1YPc2ZAJVc2K5E5CFaYZADJLUXISGP
0 17
0 26
1 14
1 24
2 9
2 12
3 21
3 23
4 29
4 32
5 7
5 8
6 6
6 27
7 30
7 37
8 28
8 37
9 22
9 40
10 4
10 11
11 23
11 32
12 7
12 40
13 4
13 17
14 8
14 41
15 6
15 22
16 0
16 18
17 29
17 42
18 1
18 26
19 3
19 11
20 9
20 15
21 3
21 39
22 27
22 33
23 31
23 39
24 16
24 41
25 0
25 13
26 24
26 42
27 20
27 36
28 1
28 34
29 25
29 38
30 2
30 35
31 10
31 19
32 31
32 38
33 2
33 20
34 5
34 14
35 5
35 12
36 15
36 36
37 34
37 35
38 10
38 13
39 19
39 21
40 30
40 33
41 18
41 28
42 16
42 25

# solution 22
# n=43 sym=rct4 status=verified source=flammenkamp_cache/n43_rct4
# code=cLPBQKZADUb4XJO2VJS59Od7f4EFd8UQT1F0K6AYaPe0g2H68WaMgRfDGCY3RSc1Z3IXbENBeIN9c5CTW7MGVHL
0 21
0 25
1 11
1 26
2 20
2 35
3 10
3 13
4 30
4 37
5 4
5 33
6 19
6 24
7 2
7 31
8 19
8 28
9 5
9 9
10 24
10 39
11 7
11 41
12 4
12 14
13 15
13 39
14 8
14 30
15 26
15 29
16 1
16 15
17 0
17 20
18 6
18 10
19 34
19 36
20 25
20 40
21 0
21 42
22 2
22 17
23 6
23 8
24 32
24 36
25 22
25 42
26 27
26 41
27 13
27 16
28 12
28 34
29 3
29 27
30 28
30 38
31 1
31 35
32 3
32 18
33 33
33 37
34 14
34 23
35 11
35 40
36 18
36 23
37 9
37 38
38 5
38 12
39 29
39 32
40 7
40 22
41 16
41 31
42 17
42 21

# solution 23
# n=43 sym=rct4 status=verified source=flammenkamp_cache/n43_rct4
# code=cBJGRMUEW9EKZIR57PWUc38Hg29LQcd16Df8VJaOg2bDT5e0I6NBY1Taf34GLXe0PYd4CAHZbFO7MSXASCKFQNV
0 11
0 19
1 16
1 27
2 22
2 30
3 14
3 32
4 9
4 14
5 20
5 35
6 18
6 27
7 5
7 7
8 25
8 32
9 30
9 38
10 3
10 8
11 17
11 42
12 2
12 9
13 21
13 26
14 38
14 39
15 1
15 6
16 13
16 41
17 8
17 31
18 19
18 36
19 24
19 42
20 2
20 37
21 13
21 29
22 5
22 40
23 0
23 18
24 6
24 23
25 11
25 34
26 1
26 29
27 36
27 41
28 3
28 4
29 16
29 21
30 33
30 40
31 0
31 25
32 34
32 39
33 4
33 12
34 10
34 17
35 35
35 37
36 15
36 24
37 7
37 22
38 28
38 33
39 10
39 28
40 12
40 20
41 15
41 26
42 23
42 31

# solution 24
# n=43 sym=rct4 status=verified source=flammenkamp_cache/n43_rct4
# code=cJPAFPUNOOYBW79Ea4GLa5fFb2DKUKZVfGY02343gST9XDE0dcdeg8Q1B7MCMTe5R1b6LQc6SXZAV8IIJCHRWHN
0 19
0 25
1 10
1 15
2 25
2 30
3 23
3 24
4 24
4 34
5 11
5 32
6 7
6 9
7 14
7 36
8 4
8 16
9 21
9 36
10 5
10 41
11 15
11 37
12 2
12 13
13 20
13 30
14 20
14 35
15 31
15 41
16 16
16 34
17 0
17 2
18 3
18 4
19 3
19 42
20 28
20 29
21 9
21 33
22 13
22 14
23 0
23 39
24 38
24 39
25 40
25 42
26 8
26 26
27 1
27 11
28 7
28 22
29 12
29 22
30 29
30 40
31 5
31 27
32 1
32 37
33 6
33 21
34 26
34 38
35 6
35 28
36 33
36 35
37 10
37 31
38 8
38 18
39 18
39 19
40 12
40 17
41 27
41 32
42 17
42 23

# solution 25
# n=43 sym=rct4 status=verified source=flammenkamp_cache/n43_rct4
# code=cIMMUSZ3BDV9WLZ26HRJb5I4d1SQc2C8QDFJYWgPX016afg9H0A8NRTGYUe4GEf3cOb5NFPae7LAXBTVd7ECKKO
0 18
0 22
1 22
1 30
2 28
2 35
3 3
3 11
4 13
4 31
5 9
5 32
6 21
6 35
7 2
7 6
8 17
8 27
9 19
9 37
10 5
10 18
11 4
11 39
12 1
12 28
13 26
13 38
14 2
14 12
15 8
15 26
16 13
16 15
17 19
17 34
18 32
18 42
19 25
19 33
20 0
20 1
21 6
21 36
22 41
22 42
23 9
23 17
24 0
24 10
25 8
25 23
26 27
26 29
27 16
27 34
28 30
28 40
29 4
29 16
30 14
30 41
31 3
31 38
32 24
32 37
33 5
33 23
34 15
34 25
35 36
35 40
36 7
36 21
37 10
37 33
38 11
38 29
39 31
39 39
40 7
40 14
41 12
41 20
42 20
42 24

# solution 26
# n=43 sym=rct4 status=verified source=flammenkamp_cache/n43_rct4
# code=cFJLNUW6G4W6IbdBEMPRV249Z2QEITZ9gCd8KTb1g8P1fHY0f5DMY3U0X7DOSGe7XceBFHKSV35OaAcQaACJLNR
0 15
0 19
1 21
1 23
2 30
2 32
3 6
3 16
4 4
4 32
5 6
5 18
6 37
6 39
7 11
7 14
8 22
8 25
9 27
9 31
10 2
10 4
11 9
11 35
12 2
12 26
13 14
13 18
14 29
14 35
15 9
15 42
16 12
16 39
17 8
17 20
18 29
18 37
19 1
19 42
20 8
20 25
21 1
21 41
22 17
22 34
23 0
23 41
24 5
24 13
25 22
25 34
26 3
26 30
27 0
27 33
28 7
28 13
29 24
29 28
30 16
30 40
31 7
31 33
32 38
32 40
33 11
33 15
34 17
34 20
35 28
35 31
36 3
36 5
37 24
37 36
38 10
38 38
39 26
39 36
40 10
40 12
41 19
41 21
42 23
42 27

# solution 27
# n=43 sym=rct4 status=verified source=flammenkamp_cache/n43_rct4
# code=cJO8AQZSc3aBI4V27MfFUKf6b9NQS3DHX2DLR0bCg8WHPAY0U5gFLTe9PTdEGJX5a1MCR1KZeBcOV6d4E7GWYIN
0 19
0 24
1 8
1 10
2 26
2 35
3 28
3 38
4 3
4 36
5 11
5 18
6 4
6 31
7 2
7 7
8 22
8 41
9 15
9 30
10 20
10 41
11 6
11 37
12 9
12 23
13 26
13 28
14 3
14 13
15 17
15 33
16 2
16 13
17 21
17 27
18 0
18 37
19 12
19 42
20 8
20 32
21 17
21 25
22 10
22 34
23 0
23 30
24 5
24 42
25 15
25 21
26 29
26 40
27 9
27 25
28 29
28 39
29 14
29 16
30 19
30 33
31 5
31 36
32 1
32 22
33 12
33 27
34 1
34 20
35 35
35 40
36 11
36 38
37 24
37 31
38 6
38 39
39 4
39 14
40 7
40 16
41 32
41 34
42 18
42 23

# solution 28
# n=43 sym=rct4 status=verified source=flammenkamp_cache/n43_rct4
# code=c0PHJAEIXJRCE7ATaMQ3KaeIRDb7Ube4B8L0fVdcf8XGQ9Y143B1gLYVc25CZ5TFO26MdGK6DWZSUFN9OSWNPHg
0 0
0 25
1 17
1 19
2 10
2 14
3 18
3 33
4 19
4 27
5 12
5 14
6 7
6 10
7 29
7 36
8 22
8 26
9 3
9 20
10 36
10 40
11 18
11 27
12 13
12 37
13 7
13 30
14 37
14 40
15 4
15 11
16 8
16 21
17 0
17 41
18 31
18 39
19 38
19 41
20 8
20 33
21 16
21 26
22 9
22 34
23 1
23 4
24 3
24 11
25 1
25 42
26 21
26 34
27 31
27 38
28 2
28 5
29 12
29 35
30 5
30 29
31 15
31 24
32 2
32 6
33 22
33 39
34 16
34 20
35 6
35 13
36 32
36 35
37 28
37 30
38 15
38 23
39 9
39 24
40 28
40 32
41 23
41 25
42 17
42 42

# solution 29
# n=43 sym=rct4 status=verified source=flammenkamp_cache/n43_rct4
# code=cNQ1MKTBFCF7CJYSb69OYEGPdbc2H7Wcd0WBT9L0a1eIO2f6gLXDVAg34AZPe453HQS8IXa5E8NUZRURVDMKfGJ
0 23
0 26
1 1
1 22
2 20
2 29
3 11
3 15
4 12
4 15
5 7
5 12
6 19
6 34
7 28
7 37
8 6
8 9
9 24
9 34
10 14
10 16
11 25
11 39
12 37
12 38
13 2
13 17
14 7
14 32
15 38
15 39
16 0
16 32
17 11
17 29
18 9
18 21
19 0
19 36
20 1
20 40
21 18
21 24
22 2
22 41
23 6
23 42
24 21
24 33
25 13
25 31
26 10
26 42
27 3
27 4
28 10
28 35
29 25
29 40
30 4
30 5
31 3
31 17
32 26
32 28
33 8
33 18
34 33
34 36
35 5
35 14
36 8
36 23
37 30
37 35
38 27
38 30
39 27
39 31
40 13
40 22
41 20
41 41
42 16
42 19

# solution 30
# n=43 sym=rct4 status=verified source=flammenkamp_cache/n43_rct4
# code=cDVEQNYMN9RDZEI5C2IRcAK0UBZbgaf491HLQYa233WHPAdde68GLPfXc16057VCgMW4FOeUbOS7TFXJK8JGSBT
0 13
0 31
1 14
1 26
2 23
2 34
3 22
3 23
4 9
4 27
5 13
5 35
6 14
6 18
7 5
7 12
8 2
8 18
9 27
9 38
10 10
10 20
11 0
11 30
12 11
12 35
13 37
13 42
14 36
14 41
15 4
15 9
16 1
16 17
17 21
17 26
18 34
18 36
19 2
19 3
20 3
20 32
21 17
21 25
22 10
22 39
23 39
23 40
24 6
24 8
25 16
25 21
26 25
26 41
27 33
27 38
28 1
28 6
29 0
29 5
30 7
30 31
31 12
31 42
32 22
32 32
33 4
33 15
34 24
34 40
35 30
35 37
36 24
36 28
37 7
37 29
38 15
38 33
39 19
39 20
40 8
40 19
41 16
41 28
42 11
42 29

# solution 31
# n=43 sym=rct4 status=verified source=flammenkamp_cache/n43_rct4
# code=cDSHLQY9T4BGOHRWY27Od7RNcKS3g0C6A2baf59BKNU1fCJMVXb165eWaUg0dEM4JFZ3IZe8AFPIQVcDX8GLPET
0 13
0 28
1 17
1 21
2 26
2 34
3 9
3 29
4 4
4 11
5 16
5 24
6 17
6 27
7 32
7 34
8 2
8 7
9 24
9 39
10 7
10 27
11 23
11 38
12 20
12 28
13 3
13 42
14 0
14 12
15 6
15 10
16 2
16 37
17 36
17 41
18 5
18 9
19 11
19 20
20 23
20 30
21 1
21 41
22 12
22 19
23 22
23 31
24 33
24 37
25 1
25 6
26 5
26 40
27 32
27 36
28 30
28 42
29 0
29 39
30 14
30 22
31 4
31 19
32 15
32 35
33 3
33 18
34 35
34 40
35 8
35 10
36 15
36 25
37 18
37 26
38 31
38 38
39 13
39 33
40 8
40 16
41 21
41 25
42 14
42 29

# solution 32
# n=43 sym=rct4 status=verified source=flammenkamp_cache/n43_rct4
# code=c0FISMWJPEFGa5BMWITBL27XaDG8U1ccgUb3JYfPd279XZe3H18Nd5C044fCYQT69ZeLVDOAKVb6QRSHNAKEORg
0 0
0 15
1 18
1 28
2 22
2 32
3 19
3 25
4 14
4 15
5 16
5 36
6 5
6 11
7 22
7 32
8 18
8 29
9 11
9 21
10 2
10 7
11 33
11 36
12 13
12 16
13 8
13 30
14 1
14 38
15 38
15 42
16 30
16 37
17 3
17 19
18 34
18 41
19 25
19 39
20 2
20 7
21 9
21 33
22 35
22 40
23 3
23 17
24 1
24 8
25 23
25 39
26 5
26 12
27 0
27 4
28 4
28 41
29 12
29 34
30 26
30 29
31 6
31 9
32 35
32 40
33 21
33 31
34 13
34 24
35 10
35 20
36 31
36 37
37 6
37 26
38 27
38 28
39 17
39 23
40 10
40 20
41 14
41 24
42 27
42 42

# solution 33
# n=43 sym=rct4 status=verified source=flammenkamp_cache/n43_rct4
# code=cLTHI2MASSTBZHQ5XCF7IRdNbGY0434AY6UafXfBK2N0gJeMV1916Ca8Wcdcg8Q5J3FOZRU9bGP7VDEEWKeOPDL
0 21
0 29
1 17
1 18
2 2
2 22
3 10
3 28
4 28
4 29
5 11
5 35
6 17
6 26
7 5
7 33
8 12
8 15
9 7
9 18
10 27
10 39
11 23
11 37
12 16
12 34
13 0
13 4
14 3
14 4
15 10
15 34
16 6
16 30
17 36
17 41
18 33
18 41
19 11
19 20
20 2
20 23
21 0
21 42
22 19
22 40
23 22
23 31
24 1
24 9
25 1
25 6
26 12
26 36
27 8
27 32
28 38
28 39
29 38
29 42
30 8
30 26
31 5
31 19
32 3
32 15
33 24
33 35
34 27
34 30
35 9
35 37
36 16
36 25
37 7
37 31
38 13
38 14
39 14
39 32
40 20
40 40
41 24
41 25
42 13
42 21

# solution 34
# n=43 sym=rct4 status=verified source=flammenkamp_cache/n43_rct4
# code=cFTKO7aISCELV2XPeCW6G8J5BYc0K3cGgRX7J1dPWTf5b1DAH3fNZ9F0Q4dMg48VbNYQaAU2H9eBLSUEO6ZIMDR
0 15
0 29
1 20
1 24
2 7
2 36
3 18
3 28
4 12
4 14
5 21
5 31
6 2
6 33
7 25
7 40
8 12
8 32
9 6
9 16
10 8
10 19
11 5
11 11
12 34
12 38
13 0
13 20
14 3
14 38
15 16
15 42
16 27
16 33
17 7
17 19
18 1
18 39
19 25
19 32
20 29
20 41
21 5
21 37
22 1
22 13
23 10
23 17
24 3
24 41
25 23
25 35
26 9
26 15
27 0
27 26
28 4
28 39
29 22
29 42
30 4
30 8
31 31
31 37
32 23
32 34
33 26
33 36
34 10
34 30
35 2
35 17
36 9
36 40
37 11
37 21
38 28
38 30
39 14
39 24
40 6
40 35
41 18
41 22
42 13
42 27

# solution 35
# n=43 sym=rct4 status=verified source=flammenkamp_cache/n43_rct4
# code=cHNUWGR7LBXBKSU8dFZ4P1Jbc16DI6G2YSe9gKT0WOb3d5IAgDM0X2E8eQaOTaf45NfHc7R3YCEMV9VLZFQACJP
0 17
0 23
1 30
1 32
2 16
2 27
3 7
3 21
4 11
4 33
5 11
5 20
6 28
6 30
7 8
7 39
8 15
8 35
9 4
9 25
10 1
10 19
11 37
11 38
12 1
12 6
13 13
13 18
14 6
14 16
15 2
15 34
16 28
16 40
17 9
17 42
18 20
18 29
19 0
19 32
20 24
20 37
21 3
21 39
22 5
22 18
23 10
23 42
24 13
24 22
25 0
25 33
26 2
26 14
27 8
27 40
28 26
28 36
29 24
29 29
30 36
30 41
31 4
31 5
32 23
32 41
33 17
33 38
34 7
34 27
35 3
35 34
36 12
36 14
37 22
37 31
38 9
38 31
39 21
39 35
40 15
40 26
41 10
41 12
42 19
42 25

# solution 36
# n=43 sym=rct4 status=verified source=flammenkamp_cache/n43_rct4
# code=c3ONQDH6gPXDEAdLQEX48UaIUABbeYbKN174e0V1FKR7ZFMRfBg2cZfJM5825VWCO6CYc9SGL3WST9H0aPTGJId
0 3
0 24
1 23
1 26
2 13
2 17
3 6
3 42
4 25
4 33
5 13
5 14
6 10
6 39
7 21
7 26
8 14
8 33
9 4
9 8
10 30
10 36
11 18
11 30
12 10
12 11
13 37
13 40
14 34
14 37
15 20
15 23
16 1
16 7
17 4
17 40
18 0
18 31
19 1
19 15
20 20
20 27
21 7
21 35
22 15
22 22
23 27
23 41
24 11
24 42
25 2
25 38
26 35
26 41
27 19
27 22
28 5
28 8
29 2
29 5
30 31
30 32
31 12
31 24
32 6
32 12
33 34
33 38
34 9
34 28
35 16
35 21
36 3
36 32
37 28
37 29
38 9
38 17
39 0
39 36
40 25
40 29
41 16
41 19
42 18
42 39

# solution 37
# n=43 sym=rct4 status=verified source=flammenkamp_cache/n43_rct4
# code=cFKPUFd2QBM8SHI7DWbNO8UEc1AJZ5Veg3L1a9a9T4gGQ0cDX6X6fLd02Bb7NWf4SCYIJ5ATZOPEYKVGe3RCHMR
0 15
0 20
1 25
1 30
2 15
2 39
3 2
3 26
4 11
4 22
5 8
5 28
6 17
6 18
7 7
7 13
8 32
8 37
9 23
9 24
10 8
10 30
11 14
11 38
12 1
12 10
13 19
13 35
14 5
14 31
15 40
15 42
16 3
16 21
17 1
17 36
18 9
18 36
19 9
19 29
20 4
20 42
21 16
21 26
22 0
22 38
23 13
23 33
24 6
24 33
25 6
25 41
26 21
26 39
27 0
27 2
28 11
28 37
29 7
29 23
30 32
30 41
31 4
31 28
32 12
32 34
33 18
33 19
34 5
34 10
35 29
35 35
36 24
36 25
37 14
37 34
38 20
38 31
39 16
39 40
40 3
40 27
41 12
41 17
42 22
42 27

# solution 38
# n=43 sym=rct4 status=verified source=flammenkamp_cache/n43_rct4
# code=c0IAYEP5TIKEdJV8B1ZCMRf6ZQX3LbeAGCR2JcgPa9cDT4X6H04NeFUQW25Ld9G7a1FKU7fVYBN3SMODbHS8WOg
0 0
0 18
1 10
1 34
2 14
2 25
3 5
3 29
4 18
4 20
5 14
5 39
6 19
6 31
7 8
7 11
8 1
8 35
9 12
9 22
10 27
10 41
11 6
11 35
12 26
12 33
13 3
13 21
14 37
14 40
15 10
15 16
16 12
16 27
17 2
17 19
18 38
18 42
19 25
19 36
20 9
20 38
21 13
21 29
22 4
22 33
23 6
23 17
24 0
24 4
25 23
25 40
26 15
26 30
27 26
27 32
28 2
28 5
29 21
29 39
30 9
30 16
31 7
31 36
32 1
32 15
33 20
33 30
34 7
34 41
35 31
35 34
36 11
36 23
37 3
37 28
38 22
38 24
39 13
39 37
40 17
40 28
41 8
41 32
42 24
42 42

# solution 39
# n=43 sym=rct4 status=verified source=flammenkamp_cache/n43_rct4
# code=cRYAC2JKO7ALXGSVc0S5Vcf79HfMQ680PDaFU3JOeDd5b3T2INdCR6THgYaGK1PXZ14BbEg4BEQ9LWZIMNeUW8F
0 27
0 34
1 10
1 12
2 2
2 19
3 20
3 24
4 7
4 10
5 21
5 33
6 16
6 28
7 31
7 38
8 0
8 28
9 5
9 31
10 38
10 41
11 7
11 9
12 17
12 41
13 22
13 26
14 6
14 8
15 0
15 25
16 13
16 36
17 15
17 30
18 3
18 19
19 24
19 40
20 13
20 39
21 5
21 37
22 3
22 29
23 2
23 18
24 23
24 39
25 12
25 27
26 6
26 29
27 17
27 42
28 34
28 36
29 16
29 20
30 1
30 25
31 33
31 35
32 1
32 4
33 11
33 37
34 14
34 42
35 4
35 11
36 14
36 26
37 9
37 21
38 32
38 35
39 18
39 22
40 23
40 40
41 30
41 32
42 8
42 15

# solution 40
# n=43 sym=rct4 status=verified source=flammenkamp_cache/n43_rct4
# code=cJbPR7B3ENU0GIX8eQZ6TCHLe4W9KFd1S8b1WKa4gOTBVDI0c6MAf5YEf3RMXAc2LPUDa7G2Y9OQgCJSdVZFH5N
0 19
0 37
1 25
1 27
2 7
2 11
3 3
3 14
4 23
4 30
5 0
5 16
6 18
6 33
7 8
7 40
8 26
8 35
9 6
9 29
10 12
10 17
11 21
11 40
12 4
12 32
13 9
13 20
14 15
14 39
15 1
15 28
16 8
16 37
17 1
17 32
18 20
18 36
19 4
19 42
20 24
20 29
21 11
21 31
22 13
22 18
23 0
23 38
24 6
24 22
25 10
25 41
26 5
26 34
27 14
27 41
28 3
28 27
29 22
29 33
30 10
30 38
31 2
31 21
32 25
32 30
33 13
33 36
34 7
34 16
35 2
35 34
36 9
36 24
37 26
37 42
38 12
38 19
39 28
39 39
40 31
40 35
41 15
41 17
42 5
42 23

# solution 41
# n=43 sym=rct4 status=verified source=flammenkamp_cache/n43_rct4
# code=c6QLNAEKbRT3U6gJPBTMQVeAY5P48Ie4I097CRS1Z9d1f3X7fEFUZXgOc2OYcHb8W2BGKDVHN0aCdDF5MSWJLGa
0 6
0 26
1 21
1 23
2 10
2 14
3 20
3 37
4 27
4 29
5 3
5 30
6 6
6 42
7 19
7 25
8 11
8 29
9 22
9 26
10 31
10 40
11 10
11 34
12 5
12 25
13 4
13 8
14 18
14 40
15 4
15 18
16 0
16 9
17 7
17 12
18 27
18 28
19 1
19 35
20 9
20 39
21 1
21 41
22 3
22 33
23 7
23 41
24 14
24 15
25 30
25 35
26 33
26 42
27 24
27 38
28 2
28 24
29 34
29 38
30 17
30 37
31 8
31 32
32 2
32 11
33 16
33 20
34 13
34 31
35 17
35 23
36 0
36 36
37 12
37 39
38 13
38 15
39 5
39 22
40 28
40 32
41 19
41 21
42 16
42 36

# solution 42
# n=43 sym=rct4 status=verified source=flammenkamp_cache/n43_rct4
# code=cCJIS4VAT5eHcEKKR9ARYYd2GCg3I1a79JVLbTfQgZaHP670G1D5LBNXZ6fOd0UQe388FWXFMMS4P2bDWBcEONU
0 12
0 19
1 18
1 28
2 4
2 31
3 10
3 29
4 5
4 40
5 17
5 38
6 14
6 20
7 20
7 27
8 9
8 10
9 27
9 34
10 34
10 39
11 2
11 16
12 12
12 42
13 3
13 18
14 1
14 36
15 7
15 9
16 19
16 31
17 21
17 37
18 29
18 41
19 26
19 42
20 35
20 36
21 17
21 25
22 6
22 7
23 0
23 16
24 1
24 13
25 5
25 21
26 11
26 23
27 33
27 35
28 6
28 41
29 24
29 39
30 0
30 30
31 26
31 40
32 3
32 8
33 8
33 15
34 32
34 33
35 15
35 22
36 22
36 28
37 4
37 25
38 2
38 37
39 13
39 32
40 11
40 38
41 14
41 24
42 23
42 30

# solution 43
# n=43 sym=rct4 status=verified source=flammenkamp_cache/n43_rct4
# code=cILJSCRAK9YFVPVIY47AcXd56GeDK1Q2bEU6JZgPfTd0g3D1H07NaCS5eGfMT2Qab394WZc8OBHBR8XMWFUENLO
0 18
0 21
1 19
1 28
2 12
2 27
3 10
3 20
4 9
4 34
5 15
5 31
6 25
6 31
7 18
7 34
8 4
8 7
9 10
9 38
10 33
10 39
11 5
11 6
12 16
12 40
13 13
13 20
14 1
14 26
15 2
15 37
16 14
16 30
17 6
17 19
18 35
18 42
19 25
19 41
20 29
20 39
21 0
21 42
22 3
22 13
23 1
23 17
24 0
24 7
25 23
25 36
26 12
26 28
27 5
27 40
28 16
28 41
29 22
29 29
30 2
30 26
31 36
31 37
32 3
32 9
33 4
33 32
34 35
34 38
35 8
35 24
36 11
36 17
37 11
37 27
38 8
38 33
39 22
39 32
40 15
40 30
41 14
41 23
42 21
42 24

# solution 44
# n=43 sym=rct4 status=verified source=flammenkamp_cache/n43_rct4
# code=c2JGKRgTW9C5FOTOY7ECc3NHKXc36GY2bSfLV67AgVfHP1B0WZaBL1E5e8Qad49MPJd4USZ8IDIRbUXAD0FMQNe
0 2
0 19
1 16
1 20
2 27
2 42
3 29
3 32
4 9
4 12
5 5
5 15
6 24
6 29
7 24
7 34
8 7
8 14
9 12
9 38
10 3
10 23
11 17
11 20
12 33
12 38
13 3
13 6
14 16
14 34
15 2
15 37
16 28
16 41
17 21
17 31
18 6
18 7
19 10
19 42
20 31
20 41
21 17
21 25
22 1
22 11
23 0
23 32
24 35
24 36
25 11
25 21
26 1
26 14
27 5
27 40
28 8
28 26
29 36
29 39
30 4
30 9
31 22
31 25
32 19
32 39
33 4
33 30
34 28
34 35
35 8
35 18
36 13
36 18
37 27
37 37
38 30
38 33
39 10
39 13
40 0
40 15
41 22
41 26
42 23
42 40

# solution 45
# n=43 sym=rct4 status=verified source=flammenkamp_cache/n43_rct4
# code=cIUGUKN3R6IAR8cDY7aAEXbEP01KZVX35JfBLcg2QTeHP2DGe04LV1Nbd9B7MfgHS59SW6Z8T4YFWOaFdJMCQCO
0 18
0 30
1 16
1 30
2 20
2 23
3 3
3 27
4 6
4 18
5 10
5 27
6 8
6 38
7 13
7 34
8 7
8 36
9 10
9 14
10 33
10 37
11 14
11 25
12 0
12 1
13 20
13 35
14 31
14 33
15 3
15 5
16 19
16 41
17 11
17 21
18 38
18 42
19 2
19 26
20 29
20 40
21 17
21 25
22 2
22 13
23 16
23 40
24 0
24 4
25 21
25 31
26 1
26 23
27 37
27 39
28 9
28 11
29 7
29 22
30 41
30 42
31 17
31 28
32 5
32 9
33 28
33 32
34 6
34 35
35 8
35 29
36 4
36 34
37 15
37 32
38 24
38 36
39 15
39 39
40 19
40 22
41 12
41 26
42 12
42 24

# solution 46
# n=43 sym=rct4 status=verified source=flammenkamp_cache/n43_rct4
# code=c8WKTFKPR4a7J49ObSgOa0GCQDV1U8J3eBW3L79SbefHP125EXZLdAV2dNYCfBTGUQg6I0E5IXcNZ6cFHMRDMAY
0 8
0 32
1 20
1 29
2 15
2 20
3 25
3 27
4 4
4 36
5 7
5 19
6 4
6 9
7 24
7 37
8 28
8 42
9 24
9 36
10 0
10 16
11 12
11 26
12 13
12 31
13 1
13 30
14 8
14 19
15 3
15 40
16 11
16 32
17 3
17 21
18 7
18 9
19 28
19 37
20 40
20 41
21 17
21 25
22 1
22 2
23 5
23 14
24 33
24 35
25 21
25 39
26 10
26 31
27 2
27 39
28 23
28 34
29 12
29 41
30 11
30 29
31 16
31 30
32 26
32 42
33 6
33 18
34 0
34 14
35 5
35 18
36 33
36 38
37 23
37 35
38 6
38 38
39 15
39 17
40 22
40 27
41 13
41 22
42 10
42 34

# solution 47
# n=43 sym=rct4 status=verified source=flammenkamp_cache/n43_rct4
# code=c0YLTDECM9KQR8NAV0aIcSZ7CVd1eAe5H5JIRPX6Q3c1f4dGa9HFONbPb2W2f3BUZ7E4O6gBWJYFGMXKUSTDL8g
0 0
0 34
1 21
1 29
2 13
2 14
3 12
3 22
4 9
4 20
5 26
5 27
6 8
6 23
7 10
7 31
8 0
8 36
9 18
9 38
10 28
10 35
11 7
11 12
12 31
12 39
13 1
13 40
14 10
14 40
15 5
15 17
16 5
16 19
17 18
17 27
18 25
18 33
19 6
19 26
20 3
20 38
21 1
21 41
22 4
22 39
23 16
23 36
24 9
24 17
25 15
25 24
26 23
26 37
27 25
27 37
28 2
28 32
29 2
29 41
30 3
30 11
31 30
31 35
32 7
32 14
33 4
33 24
34 6
34 42
35 11
35 32
36 19
36 34
37 15
37 16
38 22
38 33
39 20
39 30
40 28
40 29
41 13
41 21
42 8
42 42

# solution 48
# n=43 sym=rct4 status=verified source=flammenkamp_cache/n43_rct4
# code=cHOTWDFAO8NVX6Z6LSc5K1d5CMV1e8QPeEJFg034QCX7Z9UGcdg0RNS2HGY2fBKUb3fMb4ELa7a9BJYIWRTADIP
0 17
0 24
1 29
1 32
2 13
2 15
3 10
3 24
4 8
4 23
5 31
5 33
6 6
6 35
7 6
7 21
8 28
8 38
9 5
9 20
10 1
10 39
11 5
11 12
12 22
12 31
13 1
13 40
14 8
14 26
15 25
15 40
16 14
16 19
17 15
17 42
18 0
18 3
19 4
19 26
20 12
20 33
21 7
21 35
22 9
22 30
23 16
23 38
24 39
24 42
25 0
25 27
26 23
26 28
27 2
27 17
28 16
28 34
29 2
29 41
30 11
30 20
31 30
31 37
32 3
32 41
33 22
33 37
34 4
34 14
35 21
35 36
36 7
36 36
37 9
37 11
38 19
38 34
39 18
39 32
40 27
40 29
41 10
41 13
42 18
42 25

# solution 49
# n=43 sym=rct4 status=verified source=flammenkamp_cache/n43_rct4
# code=cKPCQDIJQ58Xc6F9PBc5ZJOEYMfEeTVLa1307AeWdCgFR0U3A2WZgdf6LBD2S1K8SIN7b4VHXRa49YbGNOTGUHM
0 20
0 25
1 12
1 26
2 13
2 18
3 19
3 26
4 5
4 8
5 33
5 38
6 6
6 15
7 9
7 25
8 11
8 38
9 5
9 35
10 19
10 24
11 14
11 34
12 22
12 41
13 14
13 40
14 29
14 31
15 21
15 36
16 1
16 3
17 0
17 7
18 10
18 40
19 32
19 39
20 12
20 42
21 15
21 27
22 0
22 30
23 3
23 10
24 2
24 32
25 35
25 42
26 39
26 41
27 6
27 21
28 11
28 13
29 2
29 28
30 1
30 20
31 8
31 28
32 18
32 23
33 7
33 37
34 4
34 31
35 17
35 33
36 27
36 36
37 4
37 9
38 34
38 37
39 16
39 23
40 24
40 29
41 16
41 30
42 17
42 22

# solution 50
# n=43 sym=rct4 status=verified source=flammenkamp_cache/n43_rct4
# code=cGPLdWX1YDGMW6FNP3U2C25DI8XVcFOSacg07EV7K5N1fJbMZBSZg046EIR4B9YOTbeUeCdHJRaAKQT8f9A3LHQ
0 16
0 25
1 21
1 39
2 32
2 33
3 1
3 34
4 13
4 16
5 22
5 32
6 6
6 15
7 23
7 25
8 3
8 30
9 2
9 12
10 2
10 5
11 13
11 18
12 8
12 33
13 31
13 38
14 15
14 24
15 28
15 36
16 38
16 42
17 0
17 7
18 14
18 31
19 7
19 20
20 5
20 23
21 1
21 41
22 19
22 37
23 22
23 35
24 11
24 28
25 35
25 42
26 0
26 4
27 6
27 14
28 18
28 27
29 4
29 11
30 9
30 34
31 24
31 29
32 37
32 40
33 30
33 40
34 12
34 39
35 17
35 19
36 27
36 36
37 10
37 20
38 26
38 29
39 8
39 41
40 9
40 10
41 3
41 21
42 17
42 26

# solution 51
# n=43 sym=rct4 status=verified source=flammenkamp_cache/n43_rct4
# code=cIWQS5N6A4YVeIdFL4THM0d5CTV8C1QMZ1EJXag2P9F7ZRXHe069NSf7KGfUYBDUb3gKPDcLR3O2B8cWaJbEGAO
0 18
0 32
1 26
1 28
2 5
2 23
3 6
3 10
4 4
4 34
5 31
5 40
6 18
6 39
7 15
7 21
8 4
8 29
9 17
9 22
10 0
10 39
11 5
11 12
12 29
12 31
13 8
13 12
14 1
14 26
15 22
15 35
16 1
16 14
17 19
17 33
18 36
18 42
19 2
19 25
20 9
20 15
21 7
21 35
22 27
22 33
23 17
23 40
24 0
24 6
25 9
25 23
26 28
26 41
27 7
27 20
28 16
28 41
29 30
29 34
30 11
30 13
31 30
31 37
32 3
32 42
33 20
33 25
34 13
34 38
35 21
35 27
36 3
36 24
37 2
37 11
38 8
38 38
39 32
39 36
40 19
40 37
41 14
41 16
42 10
42 24

# solution 52
# n=43 sym=rct4 status=verified source=flammenkamp_cache/n43_rct4
# code=cQYAFLMOXBZMR6S4O0B3AXfYcNPNP6G5f0SCD37CD252ebeTUZdTUEg1bQaHJHJ4819WdVgIcEaFK7V9IKLRW8G
0 26
0 34
1 10
1 15
2 21
2 22
3 24
3 33
4 11
4 35
5 22
5 27
6 6
6 28
7 4
7 24
8 0
8 11
9 3
9 10
10 33
10 41
11 34
11 38
12 23
12 25
13 23
13 25
14 6
14 16
15 5
15 41
16 0
16 28
17 12
17 13
18 3
18 7
19 12
19 13
20 2
20 5
21 2
21 40
22 37
22 40
23 29
23 30
24 35
24 39
25 29
25 30
26 14
26 42
27 1
27 37
28 26
28 36
29 17
29 19
30 17
30 19
31 4
31 8
32 1
32 9
33 32
33 39
34 31
34 42
35 18
35 38
36 14
36 36
37 15
37 20
38 7
38 31
39 9
39 18
40 20
40 21
41 27
41 32
42 8
42 16

# solution 53
# n=43 sym=rct4 status=verified source=flammenkamp_cache/n43_rct4
# code=cRYGXKLET5PEcJK7B0B1UGUYZ9A3Ibd0PWf4FJTOaae2e266IDNRc1AHg35OdWX78CQCfVgVZMN4SHbDSLM9Q8F
0 27
0 34
1 16
1 33
2 20
2 21
3 14
3 29
4 5
4 25
5 14
5 38
6 19
6 20
7 7
7 11
8 0
8 11
9 1
9 30
10 16
10 30
11 34
11 35
12 9
12 10
13 3
13 18
14 37
14 39
15 0
15 25
16 32
16 41
17 4
17 15
18 19
18 29
19 24
19 36
20 36
20 40
21 2
21 40
22 2
22 6
23 6
23 18
24 13
24 23
25 27
25 38
26 1
26 10
27 17
27 42
28 3
28 5
29 24
29 39
30 32
30 33
31 7
31 8
32 12
32 26
33 12
33 41
34 31
34 42
35 31
35 35
36 22
36 23
37 4
37 28
38 17
38 37
39 13
39 28
40 21
40 22
41 9
41 26
42 8
42 15

# solution 54
# n=43 sym=rct4 status=verified source=flammenkamp_cache/n43_rct4
# code=cCWEJOVAOJR57KPVbEKDF0d27TgCXYf4XHL6Q23cfYaGQ6814deGaLP9c189U0DZe3gRTMS5BHMZbFNIWBINSAU
0 12
0 32
1 14
1 19
2 24
2 31
3 10
3 24
4 19
4 27
5 5
5 7
6 20
6 25
7 31
7 37
8 14
8 20
9 13
9 15
10 0
10 39
11 2
11 7
12 29
12 42
13 12
13 33
14 34
14 41
15 4
15 33
16 17
16 21
17 6
17 26
18 2
18 3
19 38
19 41
20 34
20 36
21 16
21 26
22 6
22 8
23 1
23 4
24 39
24 40
25 16
25 36
26 21
26 25
27 9
27 38
28 1
28 8
29 9
29 30
30 0
30 13
31 35
31 40
32 3
32 42
33 27
33 29
34 22
34 28
35 5
35 11
36 17
36 22
37 35
37 37
38 15
38 23
39 18
39 32
40 11
40 18
41 23
41 28
42 10
42 30

# solution 55
# n=43 sym=rct4 status=verified source=flammenkamp_cache/n43_rct4
# code=cSXAVHI4F4dFUDI9VNS0ZGf175QLa08bdCWKeae8KNPDTHJMY262MAU35Yg6LGbZf1Q7gEJBXOTCR3cRcOPBW9E
0 28
0 33
1 10
1 31
2 17
2 18
3 4
3 15
4 4
4 39
5 15
5 30
6 13
6 18
7 9
7 31
8 23
8 28
9 0
9 35
10 16
10 41
11 1
11 7
12 5
12 26
13 21
13 36
14 0
14 8
15 37
15 39
16 12
16 32
17 20
17 40
18 36
18 40
19 8
19 20
20 23
20 25
21 13
21 29
22 17
22 19
23 22
23 34
24 2
24 6
25 2
25 22
26 10
26 30
27 3
27 5
28 34
28 42
29 6
29 21
30 16
30 37
31 35
31 41
32 1
32 26
33 7
33 42
34 14
34 19
35 11
35 33
36 24
36 29
37 12
37 27
38 3
38 38
39 27
39 38
40 24
40 25
41 11
41 32
42 9
42 14

# solution 56
# n=43 sym=rct4 status=verified source=flammenkamp_cache/n43_rct4
# code=c0CQSMO7VDOEV7NadRTCHPR35Xg8c1b8A1KAX246L2QJNGeLace9WMfWY5f4Y09bdFHPUDF36JZBSITBZIKEGUg
0 0
0 12
1 26
1 28
2 22
2 24
3 7
3 31
4 13
4 24
5 14
5 31
6 7
6 23
7 36
7 39
8 27
8 29
9 12
9 17
10 25
10 27
11 3
11 5
12 33
12 42
13 8
13 38
14 1
14 37
15 8
15 10
16 1
16 20
17 10
17 33
18 2
18 4
19 6
19 21
20 2
20 26
21 19
21 23
22 16
22 40
23 21
23 36
24 38
24 40
25 9
25 32
26 22
26 41
27 32
27 34
28 5
28 41
29 4
29 34
30 0
30 9
31 37
31 39
32 15
32 17
33 25
33 30
34 13
34 15
35 3
35 6
36 19
36 35
37 11
37 28
38 18
38 29
39 11
39 35
40 18
40 20
41 14
41 16
42 30
42 42

# solution 57
# n=43 sym=rct4 status=verified source=flammenkamp_cache/n43_rct4
# code=cHSIUIK8E4M9TLR9FBdZbBNWY1G5G0d6ZTUJgefAP4e6a2cHW120NCD7a3gQbQf8AJV573VRXFLDXKcSYMOCOEP
0 17
0 28
1 18
1 30
2 18
2 20
3 8
3 14
4 4
4 22
5 9
5 29
6 21
6 27
7 9
7 15
8 11
8 39
9 35
9 37
10 11
10 23
11 32
11 34
12 1
12 16
13 5
13 16
14 0
14 39
15 6
15 35
16 29
16 30
17 19
17 42
18 40
18 41
19 10
19 25
20 4
20 40
21 6
21 36
22 2
22 38
23 17
23 32
24 1
24 2
25 0
25 23
26 12
26 13
27 7
27 36
28 3
28 42
29 26
29 37
30 26
30 41
31 8
31 10
32 19
32 31
33 5
33 7
34 3
34 31
35 27
35 33
36 15
36 21
37 13
37 33
38 20
38 38
39 28
39 34
40 22
40 24
41 12
41 24
42 14
42 25

# solution 58
# n=43 sym=rct4 status=verified source=flammenkamp_cache/n43_rct4
# code=c9EKO7bJRDY25NUAe4RAgXZDL6HVcQg38EKIU1P6dQfBV1G3aHfCOMSYd0G4BPaLT790WFc2WCJbe8TFN5ZIMSX
0 9
0 14
1 20
1 24
2 7
2 37
3 19
3 27
4 13
4 34
5 2
5 5
6 23
6 30
7 10
7 40
8 4
8 27
9 10
9 42
10 33
10 35
11 13
11 21
12 6
12 17
13 31
13 38
14 26
14 42
15 3
15 8
16 14
16 20
17 18
17 30
18 1
18 25
19 6
19 39
20 26
20 41
21 11
21 31
22 1
22 16
23 3
23 36
24 17
24 41
25 12
25 24
26 22
26 28
27 34
27 39
28 0
28 16
29 4
29 11
30 25
30 36
31 21
31 29
32 7
32 9
33 0
33 32
34 15
34 38
35 2
35 32
36 12
36 19
37 37
37 40
38 8
38 29
39 15
39 23
40 5
40 35
41 18
41 22
42 28
42 33

# solution 59
# n=43 sym=rct4 status=verified source=flammenkamp_cache/n43_rct4
# code=cDL68WYHS9T5JWfFG2fMc26EUBO4g3VPZNZFdCKGb9O0gIX5QMU3R7J7HBd0cIVCSae4K1eQR1ANbDXEP8AYaLT
0 13
0 21
1 6
1 8
2 32
2 34
3 17
3 28
4 9
4 29
5 5
5 19
6 32
6 41
7 15
7 16
8 2
8 41
9 22
9 38
10 2
10 6
11 14
11 30
12 11
12 24
13 4
13 42
14 3
14 31
15 25
15 35
16 23
16 35
17 15
17 39
18 12
18 20
19 16
19 37
20 9
20 24
21 0
21 42
22 18
22 33
23 5
23 26
24 22
24 30
25 3
25 27
26 7
26 19
27 7
27 17
28 11
28 39
29 0
29 38
30 18
30 31
31 12
31 28
32 36
32 40
33 4
33 20
34 1
34 40
35 26
35 27
36 1
36 10
37 23
37 37
38 13
38 33
39 14
39 25
40 8
40 10
41 34
41 36
42 21
42 29

# solution 60
# n=43 sym=rct4 status=verified source=flammenkamp_cache/n43_rct4
# code=cAQAFNXBNGS5TOPUY7C2KfgPd7Y5K4FSf0c6B6L23TXIO9DdeLaVa4g1ERcMb8Z3H01MeUZ8CHIDbEQJV9JRWGW
0 10
0 26
1 10
1 15
2 23
2 33
3 11
3 23
4 16
4 28
5 5
5 29
6 24
6 25
7 30
7 34
8 7
8 12
9 2
9 20
10 41
10 42
11 25
11 39
12 7
12 34
13 5
13 20
14 4
14 15
15 28
15 41
16 0
16 38
17 6
17 11
18 6
18 21
19 2
19 3
20 29
20 33
21 18
21 24
22 9
22 13
23 39
23 40
24 21
24 36
25 31
25 36
26 4
26 42
27 1
27 14
28 27
28 38
29 22
29 37
30 8
30 35
31 3
31 17
32 0
32 1
33 22
33 40
34 30
34 35
35 8
35 12
36 17
36 18
37 13
37 37
38 14
38 26
39 19
39 31
40 9
40 19
41 27
41 32
42 16
42 32

# solution 61
# n=43 sym=rct4 status=verified source=flammenkamp_cache/n43_rct4
# code=cPRBKBILaGU8A3W7GSbKT6bef4N9N8F0SZc0IPeCDXf3d19TU2HOg47EgRYJXJc125aDM5EQZAdWYCQ6LOVMVFH
0 25
0 27
1 11
1 20
2 11
2 18
3 21
3 36
4 16
4 30
5 8
5 10
6 3
6 32
7 7
7 16
8 28
8 37
9 20
9 29
10 6
10 37
11 40
11 41
12 4
12 23
13 9
13 23
14 8
14 15
15 0
15 28
16 35
16 38
17 0
17 18
18 25
18 40
19 12
19 13
20 33
20 41
21 3
21 39
22 1
22 9
23 29
23 30
24 2
24 17
25 24
25 42
26 4
26 7
27 14
27 42
28 27
28 34
29 19
29 33
30 19
30 38
31 1
31 2
32 5
32 36
33 13
33 22
34 5
34 14
35 26
35 35
36 10
36 39
37 32
37 34
38 12
38 26
39 6
39 21
40 24
40 31
41 22
41 31
42 15
42 17

# solution 62
# n=43 sym=rct4 status=verified source=flammenkamp_cache/n43_rct4
# code=cGOQVUX6JCFHa5dKWDR2W791H2cOYEK8c1gVb0DLdSZJN7E3LTg5B0f4YMS8I4ePfXZAeFTAM3b6PRUNa9CBGIQ
0 16
0 24
1 26
1 31
2 30
2 33
3 6
3 19
4 12
4 15
5 17
5 36
6 5
6 39
7 20
7 32
8 13
8 27
9 2
9 32
10 7
10 9
11 1
11 17
12 2
12 38
13 24
13 34
14 14
14 20
15 8
15 38
16 1
16 42
17 31
17 37
18 0
18 13
19 21
19 39
20 28
20 35
21 19
21 23
22 7
22 14
23 3
23 21
24 29
24 42
25 5
25 11
26 0
26 41
27 4
27 34
28 22
28 28
29 8
29 18
30 4
30 40
31 25
31 41
32 33
32 35
33 10
33 40
34 15
34 29
35 10
35 22
36 3
36 37
37 6
37 25
38 27
38 30
39 23
39 36
40 9
40 12
41 11
41 16
42 18
42 26

# solution 63
# n=43 sym=rct4 status=verified source=flammenkamp_cache/n43_rct4
# code=c3PKYDSDgSWNPLZ6C1BBM4FXYQZde24NWCI05IQ5F9f6a1XRbGObgOUAJce237G89RcKVVfUa7LHJAE0TET8MHd
0 3
0 25
1 20
1 34
2 13
2 28
3 13
3 42
4 28
4 32
5 23
5 25
6 21
6 35
7 6
7 12
8 1
8 11
9 11
9 22
10 4
10 15
11 33
11 34
12 26
12 35
13 39
13 40
14 2
14 4
15 23
15 32
16 12
16 18
17 0
17 5
18 18
18 26
19 5
19 15
20 9
20 41
21 6
21 36
22 1
22 33
23 27
23 37
24 16
24 24
25 37
25 42
26 24
26 30
27 10
27 19
28 38
28 40
29 2
29 3
30 7
30 16
31 8
31 9
32 27
32 38
33 20
33 31
34 31
34 41
35 30
35 36
36 7
36 21
37 17
37 19
38 10
38 14
39 0
39 29
40 14
40 29
41 8
41 22
42 17
42 39

# solution 64
# n=43 sym=rct4 status=verified source=flammenkamp_cache/n43_rct4.mvr
# code=mvr:0 13 0 25 1 21 1 39 2 18 2 33 3 1 3 26 4
0 13
0 25
1 21
1 39
2 18
2 33
3 1
3 26
4 30
4 31
5 22
5 32
6 8
6 11
7 19
7 25
8 22
8 36
9 2
9 12
10 5
10 14
11 4
11 36
12 4
12 33
13 23
13 42
14 14
14 32
15 18
15 26
16 3
16 15
17 0
17 7
18 27
18 40
19 13
19 35
20 5
20 8
21 1
21 41
22 34
22 37
23 7
23 29
24 2
24 15
25 35
25 42
26 27
26 39
27 16
27 24
28 10
28 28
29 0
29 19
30 9
30 38
31 6
31 38
32 28
32 37
33 30
33 40
34 6
34 20
35 17
35 23
36 31
36 34
37 10
37 20
38 11
38 12
39 16
39 41
40 9
40 24
41 3
41 21
42 17
42 29

# solution 65
# n=43 sym=rct4 status=verified source=flammenkamp_cache/n43_rct4.mvr
# code=mvr:0 6 0 11 1 19 1 25 2 5 2 15 3 26 3 32 4 
0 6
0 11
1 19
1 25
2 5
2 15
3 26
3 32
4 10
4 22
5 14
5 40
6 28
6 42
7 7
7 33
8 22
8 29
9 7
9 18
10 3
10 38
11 21
11 42
12 26
12 27
13 8
13 17
14 6
14 37
15 12
15 40
16 3
16 12
17 1
17 29
18 19
18 33
19 24
19 41
20 4
20 8
21 11
21 31
22 34
22 38
23 1
23 18
24 9
24 23
25 13
25 41
26 30
26 39
27 2
27 30
28 5
28 36
29 25
29 34
30 15
30 16
31 0
31 21
32 4
32 39
33 24
33 35
34 13
34 20
35 9
35 35
36 0
36 14
37 2
37 28
38 20
38 32
39 10
39 16
40 27
40 37
41 17
41 23
42 31
42 36

# solution 66
# n=43 sym=rct4 status=verified source=flammenkamp_cache/n43_rct4.mvr
# code=mvr:0 15 0 21 1 8 1 18 2 28 2 30 3 28 3 33 4
0 15
0 21
1 8
1 18
2 28
2 30
3 28
3 33
4 10
4 22
5 7
5 17
6 13
6 19
7 25
7 37
8 33
8 41
9 3
9 8
10 18
10 38
11 11
11 15
12 2
12 26
13 26
13 36
14 2
14 3
15 31
15 42
16 12
16 13
17 7
17 37
18 32
18 41
19 22
19 36
20 4
20 19
21 0
21 42
22 23
22 38
23 6
23 20
24 1
24 10
25 5
25 35
26 29
26 30
27 0
27 11
28 39
28 40
29 6
29 16
30 16
30 40
31 27
31 31
32 4
32 24
33 34
33 39
34 1
34 9
35 5
35 17
36 23
36 29
37 25
37 35
38 20
38 32
39 9
39 14
40 12
40 14
41 24
41 34
42 21
42 27

# solution 67
# n=43 sym=rct4 status=verified source=flammenkamp_cache/n43_rct4.mvr
# code=mvr:0 22 0 26 1 18 1 27 2 12 2 33 3 15 3 36 
0 22
0 26
1 18
1 27
2 12
2 33
3 15
3 36
4 16
4 19
5 13
5 33
6 3
6 6
7 10
7 28
8 18
8 23
9 2
9 5
10 14
10 35
11 17
11 29
12 25
12 40
13 11
13 37
14 7
14 32
15 1
15 39
16 0
16 38
17 12
17 31
18 34
18 41
19 8
19 38
20 0
20 21
21 20
21 22
22 21
22 42
23 4
23 34
24 1
24 8
25 11
25 30
26 4
26 42
27 3
27 41
28 10
28 35
29 5
29 31
30 2
30 17
31 13
31 25
32 7
32 28
33 37
33 40
34 19
34 24
35 14
35 32
36 36
36 39
37 9
37 29
38 23
38 26
39 6
39 27
40 9
40 30
41 15
41 24
42 16
42 20

# solution 68
# n=43 sym=rct4 status=verified source=flammenkamp_cache/n43_rct4.mvr
# code=mvr:0 17 0 20 1 27 1 33 2 2 2 16 3 8 3 12 4 
0 17
0 20
1 27
1 33
2 2
2 16
3 8
3 12
4 23
4 31
5 22
5 35
6 18
6 25
7 5
7 11
8 33
8 39
9 1
9 8
10 14
10 23
11 4
11 35
12 28
12 39
13 16
13 24
14 12
14 32
15 1
15 21
16 29
16 40
17 6
17 42
18 13
18 36
19 4
19 10
20 5
20 42
21 15
21 27
22 0
22 37
23 32
23 38
24 6
24 29
25 0
25 36
26 2
26 13
27 21
27 41
28 10
28 30
29 18
29 26
30 3
30 14
31 7
31 38
32 19
32 28
33 34
33 41
34 3
34 9
35 31
35 37
36 17
36 24
37 7
37 20
38 11
38 19
39 30
39 34
40 26
40 40
41 9
41 15
42 22
42 25

# solution 69
# n=43 sym=rct4 status=verified source=flammenkamp_cache/n43_rct4.mvr
# code=mvr:0 18 0 27 1 21 1 34 2 5 2 14 3 10 3 13 4
0 18
0 27
1 21
1 34
2 5
2 14
3 10
3 13
4 4
4 29
5 32
5 40
6 28
6 34
7 18
7 22
8 1
8 6
9 11
9 23
10 5
10 39
11 30
11 33
12 11
12 16
13 4
13 39
14 6
14 40
15 0
15 19
16 25
16 30
17 16
17 22
18 35
18 42
19 9
19 27
20 7
20 17
21 1
21 41
22 25
22 35
23 15
23 33
24 0
24 7
25 20
25 26
26 12
26 17
27 23
27 42
28 2
28 36
29 3
29 38
30 26
30 31
31 9
31 12
32 3
32 37
33 19
33 31
34 36
34 41
35 20
35 24
36 8
36 14
37 2
37 10
38 13
38 38
39 29
39 32
40 28
40 37
41 8
41 21
42 15
42 24

# solution 70
# n=43 sym=rct4 status=verified source=flammenkamp_cache/n43_rct4.mvr
# code=mvr:0 17 0 18 1 22 1 26 2 12 2 24 3 29 3 36 
0 17
0 18
1 22
1 26
2 12
2 24
3 29
3 36
4 4
4 17
5 8
5 9
6 3
6 28
7 27
7 33
8 19
8 37
9 7
9 37
10 23
10 26
11 12
11 22
12 31
12 40
13 3
13 27
14 6
14 21
15 7
15 13
16 1
16 10
17 38
17 42
18 2
18 42
19 10
19 34
20 1
20 11
21 14
21 28
22 31
22 41
23 8
23 32
24 0
24 40
25 0
25 4
26 32
26 41
27 29
27 35
28 21
28 36
29 15
29 39
30 2
30 11
31 20
31 30
32 16
32 19
33 5
33 35
34 5
34 23
35 9
35 15
36 14
36 39
37 33
37 34
38 25
38 38
39 6
39 13
40 18
40 30
41 16
41 20
42 24
42 25

# solution 71
# n=43 sym=rct4 status=verified source=flammenkamp_cache/n43_rct4.mvr
# code=mvr:0 14 0 30 1 7 1 13 2 24 2 33 3 22 3 28 4
0 14
0 30
1 7
1 13
2 24
2 33
3 22
3 28
4 4
4 37
5 4
5 10
6 21
6 29
7 17
7 41
8 16
8 31
9 2
9 22
10 23
10 37
11 8
11 15
12 0
12 16
13 6
13 41
14 3
14 42
15 17
15 31
16 30
16 34
17 27
17 35
18 2
18 23
19 10
19 18
20 3
20 9
21 6
21 36
22 33
22 39
23 24
23 32
24 19
24 40
25 7
25 15
26 8
26 12
27 11
27 25
28 0
28 39
29 1
29 36
30 26
30 42
31 27
31 34
32 5
32 19
33 20
33 40
34 11
34 26
35 1
35 25
36 13
36 21
37 32
37 38
38 5
38 38
39 14
39 20
40 9
40 18
41 29
41 35
42 12
42 28

# solution 72
# n=43 sym=rct4 status=verified source=flammenkamp_cache/n43_rct4.mvr
# code=mvr:0 14 0 29 1 1 1 22 2 24 2 32 3 11 3 14 4
0 14
0 29
1 1
1 22
2 24
2 32
3 11
3 14
4 26
4 31
5 12
5 32
6 7
6 23
7 33
7 36
8 19
8 25
9 7
9 13
10 2
10 5
11 4
11 39
12 26
12 37
13 0
13 33
14 39
14 42
15 18
15 21
16 4
16 12
17 8
17 22
18 2
18 27
19 6
19 34
20 1
20 17
21 15
21 27
22 25
22 41
23 8
23 36
24 15
24 40
25 20
25 34
26 30
26 38
27 21
27 24
28 0
28 3
29 9
29 42
30 5
30 16
31 3
31 38
32 37
32 40
33 29
33 35
34 17
34 23
35 6
35 9
36 19
36 35
37 10
37 30
38 11
38 16
39 28
39 31
40 10
40 18
41 20
41 41
42 13
42 28

# solution 73
# n=43 sym=rct4 status=verified source=flammenkamp_cache/n43_rct4.mvr
# code=mvr:0 12 0 26 1 10 1 18 2 15 2 32 3 7 3 37 4
0 12
0 26
1 10
1 18
2 15
2 32
3 7
3 37
4 23
4 28
5 3
5 33
6 13
6 18
7 34
7 39
8 7
8 23
9 5
9 9
10 2
10 41
11 25
11 30
12 11
12 42
13 20
13 36
14 4
14 22
15 25
15 40
16 0
16 21
17 11
17 15
18 36
18 41
19 4
19 8
20 14
20 29
21 16
21 26
22 13
22 28
23 34
23 38
24 1
24 6
25 27
25 31
26 21
26 42
27 2
27 17
28 20
28 38
29 6
29 22
30 0
30 31
31 12
31 17
32 1
32 40
33 33
33 37
34 19
34 35
35 3
35 8
36 24
36 29
37 9
37 39
38 14
38 19
39 5
39 35
40 10
40 27
41 24
41 32
42 16
42 30

# solution 74
# n=43 sym=rct4 status=verified source=flammenkamp_cache/n43_rct4.mvr
# code=mvr:0 10 0 34 1 10 1 18 2 15 2 33 3 22 3 23 
0 10
0 34
1 10
1 18
2 15
2 33
3 22
3 23
4 4
4 37
5 4
5 9
6 18
6 21
7 12
7 17
8 0
8 28
9 2
9 37
10 41
10 42
11 15
11 30
12 11
12 35
13 22
13 26
14 8
14 26
15 31
15 40
16 13
16 14
17 23
17 35
18 36
18 41
19 3
19 17
20 3
20 13
21 6
21 36
22 29
22 39
23 25
23 39
24 1
24 6
25 7
25 19
26 28
26 29
27 2
27 11
28 16
28 34
29 16
29 20
30 7
30 31
31 12
31 27
32 0
32 1
33 5
33 40
34 14
34 42
35 25
35 30
36 21
36 24
37 33
37 38
38 5
38 38
39 19
39 20
40 9
40 27
41 24
41 32
42 8
42 32

# solution 75
# n=43 sym=rct4 status=verified source=flammenkamp_cache/n43_rct4.mvr
# code=mvr:0 9 0 29 1 20 1 30 2 19 2 27 3 28 3 35 4
0 9
0 29
1 20
1 30
2 19
2 27
3 28
3 35
4 16
4 22
5 10
5 11
6 8
6 16
7 3
7 7
8 18
8 36
9 32
9 42
10 9
10 37
11 14
11 37
12 1
12 15
13 0
13 21
14 3
14 31
15 2
15 30
16 36
16 38
17 19
17 24
18 17
18 34
19 25
19 40
20 4
20 41
21 13
21 29
22 1
22 38
23 2
23 17
24 8
24 25
25 18
25 23
26 4
26 6
27 12
27 40
28 11
28 39
29 21
29 42
30 27
30 41
31 5
31 28
32 5
32 33
33 0
33 10
34 6
34 24
35 35
35 39
36 26
36 34
37 31
37 32
38 20
38 26
39 7
39 14
40 15
40 23
41 12
41 22
42 13
42 33

# solution 76
# n=43 sym=rct4 status=verified source=flammenkamp_cache/n43_rct4.mvr
# code=mvr:0 15 0 24 1 22 1 31 2 17 2 32 3 29 3 34 
0 15
0 24
1 22
1 31
2 17
2 32
3 29
3 34
4 4
4 29
5 11
5 17
6 8
6 23
7 16
7 24
8 3
8 36
9 22
9 30
10 2
10 26
11 1
11 37
12 9
12 14
13 3
13 4
14 21
14 30
15 23
15 42
16 10
16 35
17 37
17 40
18 0
18 7
19 6
19 15
20 1
20 9
21 14
21 28
22 33
22 41
23 27
23 36
24 35
24 42
25 2
25 5
26 7
26 32
27 0
27 19
28 12
28 21
29 38
29 39
30 28
30 33
31 5
31 41
32 16
32 40
33 12
33 20
34 6
34 39
35 18
35 26
36 19
36 34
37 25
37 31
38 13
38 38
39 8
39 13
40 10
40 25
41 11
41 20
42 18
42 27

# solution 77
# n=43 sym=rct4 status=verified source=flammenkamp_cache/n43_rct4.mvr
# code=mvr:0 5 0 10 1 14 1 25 2 14 2 33 3 10 3 19 4
0 5
0 10
1 14
1 25
2 14
2 33
3 10
3 19
4 4
4 19
5 7
5 42
6 11
6 27
7 20
7 37
8 22
8 30
9 2
9 29
10 39
10 42
11 17
11 36
12 8
12 29
13 9
13 12
14 40
14 41
15 6
15 26
16 15
16 18
17 1
17 31
18 21
18 26
19 38
19 39
20 8
20 35
21 18
21 24
22 7
22 34
23 3
23 4
24 16
24 21
25 11
25 41
26 24
26 27
27 16
27 36
28 1
28 2
29 30
29 33
30 13
30 34
31 6
31 25
32 0
32 3
33 13
33 40
34 12
34 20
35 5
35 22
36 15
36 31
37 0
37 35
38 23
38 38
39 23
39 32
40 9
40 28
41 17
41 28
42 32
42 37

# solution 78
# n=43 sym=rct4 status=verified source=flammenkamp_cache/n43_rct4.mvr
# code=mvr:0 19 0 26 1 20 1 35 2 22 2 27 3 11 3 38 
0 19
0 26
1 20
1 35
2 22
2 27
3 11
3 38
4 3
4 13
5 10
5 14
6 19
6 33
7 1
7 7
8 12
8 14
9 6
9 12
10 27
10 37
11 21
11 39
12 33
12 34
13 25
13 38
14 34
14 37
15 2
15 10
16 0
16 24
17 13
17 24
18 16
18 17
19 36
19 42
20 2
20 41
21 11
21 31
22 1
22 40
23 0
23 6
24 25
24 26
25 18
25 29
26 18
26 42
27 32
27 40
28 5
28 8
29 4
29 17
30 8
30 9
31 3
31 21
32 5
32 15
33 30
33 36
34 28
34 30
35 35
35 41
36 9
36 23
37 28
37 32
38 29
38 39
39 4
39 31
40 15
40 20
41 7
41 22
42 16
42 23

# solution 79
# n=43 sym=rct4 status=verified source=flammenkamp_cache/n43_rct4.mvr
# code=mvr:0 29 0 32 1 14 1 22 2 17 2 31 3 21 3 25 
0 29
0 32
1 14
1 22
2 17
2 31
3 21
3 25
4 4
4 15
5 10
5 35
6 22
6 31
7 5
7 13
8 18
8 33
9 8
9 26
10 0
10 37
11 2
11 6
12 18
12 19
13 0
13 35
14 16
14 41
15 23
15 38
16 9
16 28
17 3
17 40
18 30
18 34
19 15
19 30
20 1
20 6
21 3
21 39
22 36
22 41
23 12
23 27
24 8
24 12
25 2
25 39
26 14
26 33
27 4
27 19
28 1
28 26
29 7
29 42
30 23
30 24
31 36
31 40
32 5
32 42
33 16
33 34
34 9
34 24
35 29
35 37
36 11
36 20
37 7
37 32
38 27
38 38
39 17
39 21
40 11
40 25
41 20
41 28
42 10
42 13

# solution 80
# n=43 sym=rct4 status=verified source=flammenkamp_cache/n43_rct4.mvr
# code=mvr:0 15 0 19 1 11 1 34 2 8 2 29 3 11 3 22 4
0 15
0 19
1 11
1 34
2 8
2 29
3 11
3 22
4 18
4 22
5 6
5 28
6 23
6 37
7 7
7 28
8 1
8 40
9 12
9 18
10 12
10 26
11 39
11 41
12 32
12 33
13 2
13 26
14 5
14 7
15 17
15 42
16 10
16 13
17 21
17 27
18 33
18 38
19 6
19 42
20 3
20 4
21 17
21 25
22 38
22 39
23 0
23 36
24 4
24 9
25 15
25 21
26 29
26 32
27 0
27 25
28 35
28 37
29 16
29 40
30 9
30 10
31 1
31 3
32 16
32 30
33 24
33 30
34 2
34 41
35 14
35 35
36 5
36 19
37 14
37 36
38 20
38 24
39 20
39 31
40 13
40 34
41 8
41 31
42 23
42 27

# solution 81
# n=43 sym=rct4 status=verified source=flammenkamp_cache/n43_rct4.mvr
# code=mvr:0 17 0 26 1 14 1 24 2 9 2 12 3 21 3 23 4
0 17
0 26
1 14
1 24
2 9
2 12
3 21
3 23
4 29
4 32
5 7
5 8
6 6
6 27
7 30
7 37
8 28
8 37
9 22
9 40
10 4
10 11
11 23
11 32
12 7
12 40
13 4
13 17
14 8
14 41
15 6
15 22
16 0
16 18
17 29
17 42
18 1
18 26
19 3
19 11
20 9
20 15
21 3
21 39
22 27
22 33
23 31
23 39
24 16
24 41
25 0
25 13
26 24
26 42
27 20
27 36
28 1
28 34
29 25
29 38
30 2
30 35
31 10
31 19
32 31
32 38
33 2
33 20
34 5
34 14
35 5
35 12
36 15
36 36
37 34
37 35
38 10
38 13
39 19
39 21
40 30
40 33
41 18
41 28
42 16
42 25

# solution 82
# n=43 sym=rct4 status=verified source=flammenkamp_cache/n43_rct4.mvr
# code=mvr:0 17 0 21 1 16 1 31 2 7 2 22 3 29 3 32 4
0 17
0 21
1 16
1 31
2 7
2 22
3 29
3 32
4 5
4 12
5 9
5 38
6 18
6 23
7 11
7 40
8 14
8 23
9 9
9 37
10 3
10 18
11 1
11 35
12 28
12 38
13 3
13 27
14 12
14 34
15 13
15 16
16 27
16 41
17 22
17 42
18 32
18 36
19 6
19 8
20 2
20 17
21 0
21 42
22 25
22 40
23 34
23 36
24 6
24 10
25 0
25 20
26 1
26 15
27 26
27 29
28 8
28 30
29 15
29 39
30 4
30 14
31 7
31 41
32 24
32 39
33 5
33 33
34 19
34 28
35 2
35 31
36 19
36 24
37 4
37 33
38 30
38 37
39 10
39 13
40 20
40 35
41 11
41 26
42 21
42 25

# solution 83
# n=43 sym=rct4 status=verified source=flammenkamp_cache/n43_rct4.mvr
# code=mvr:0 23 0 31 1 15 1 26 2 12 2 20 3 10 3 28 
0 23
0 31
1 15
1 26
2 12
2 20
3 10
3 28
4 28
4 33
5 7
5 22
6 15
6 24
7 7
7 37
8 10
8 17
9 4
9 12
10 34
10 39
11 0
11 25
12 33
12 40
13 16
13 21
14 3
14 4
15 36
15 41
16 1
16 29
17 11
17 34
18 6
18 23
19 0
19 18
20 5
20 40
21 13
21 29
22 2
22 37
23 24
23 42
24 19
24 36
25 8
25 31
26 13
26 41
27 1
27 6
28 38
28 39
29 21
29 26
30 2
30 9
31 17
31 42
32 3
32 8
33 30
33 38
34 25
34 32
35 5
35 35
36 18
36 27
37 20
37 35
38 9
38 14
39 14
39 32
40 22
40 30
41 16
41 27
42 11
42 19

# solution 84
# n=43 sym=rct4 status=verified source=flammenkamp_cache/n43_rct4.mvr
# code=mvr:0 17 0 23 1 27 1 32 2 12 2 17 3 18 3 19 
0 17
0 23
1 27
1 32
2 12
2 17
3 18
3 19
4 8
4 18
5 10
5 31
6 33
6 35
7 6
7 28
8 26
8 38
9 6
9 21
10 1
10 37
11 5
11 27
12 29
12 40
13 12
13 22
14 7
14 22
15 1
15 11
16 8
16 16
17 40
17 42
18 38
18 39
19 0
19 39
20 13
20 14
21 9
21 33
22 28
22 29
23 3
23 42
24 3
24 4
25 0
25 2
26 26
26 34
27 31
27 41
28 20
28 35
29 20
29 30
30 2
30 13
31 15
31 37
32 5
32 41
33 21
33 36
34 4
34 16
35 14
35 36
36 7
36 9
37 11
37 32
38 24
38 34
39 23
39 24
40 25
40 30
41 10
41 15
42 19
42 25

# solution 85
# n=43 sym=rct4 status=verified source=flammenkamp_cache/n43_rct4.mvr
# code=mvr:0 18 0 22 1 22 1 30 2 28 2 35 3 3 3 11 4
0 18
0 22
1 22
1 30
2 28
2 35
3 3
3 11
4 13
4 31
5 9
5 32
6 21
6 35
7 2
7 6
8 17
8 27
9 19
9 37
10 5
10 18
11 4
11 39
12 1
12 28
13 26
13 38
14 2
14 12
15 8
15 26
16 13
16 15
17 19
17 34
18 32
18 42
19 25
19 33
20 0
20 1
21 6
21 36
22 41
22 42
23 9
23 17
24 0
24 10
25 8
25 23
26 27
26 29
27 16
27 34
28 30
28 40
29 4
29 16
30 14
30 41
31 3
31 38
32 24
32 37
33 5
33 23
34 15
34 25
35 36
35 40
36 7
36 21
37 10
37 33
38 11
38 29
39 31
39 39
40 7
40 14
41 12
41 20
42 20
42 24

# solution 86
# n=43 sym=rct4 status=verified source=flammenkamp_cache/n43_rct4.mvr
# code=mvr:0 23 0 27 1 19 1 21 2 10 2 12 3 26 3 36 
0 23
0 27
1 19
1 21
2 10
2 12
3 26
3 36
4 4
4 10
5 24
5 36
6 3
6 5
7 28
7 31
8 17
8 20
9 11
9 15
10 38
10 40
11 7
11 33
12 16
12 40
13 24
13 28
14 7
14 13
15 0
15 33
16 3
16 30
17 22
17 34
18 5
18 13
19 0
19 41
20 17
20 34
21 1
21 41
22 8
22 25
23 1
23 42
24 29
24 37
25 8
25 20
26 12
26 39
27 9
27 42
28 29
28 35
29 14
29 18
30 2
30 26
31 9
31 35
32 2
32 4
33 27
33 31
34 22
34 25
35 11
35 14
36 37
36 39
37 6
37 18
38 32
38 38
39 6
39 16
40 30
40 32
41 21
41 23
42 15
42 19

# solution 87
# n=43 sym=rct4 status=verified source=flammenkamp_cache/n43_rct4.mvr
# code=mvr:0 18 0 23 1 32 1 34 2 7 2 16 3 4 3 14 4 
0 18
0 23
1 32
1 34
2 7
2 16
3 4
3 14
4 6
4 39
5 24
5 31
6 11
6 38
7 7
7 40
8 1
8 20
9 12
9 27
10 1
10 22
11 5
11 36
12 19
12 33
13 14
13 16
14 29
14 39
15 9
15 25
16 29
16 40
17 15
17 21
18 5
18 42
19 0
19 30
20 10
20 34
21 17
21 25
22 8
22 32
23 12
23 42
24 0
24 37
25 21
25 27
26 2
26 13
27 17
27 33
28 3
28 13
29 26
29 28
30 9
30 23
31 6
31 37
32 20
32 41
33 15
33 30
34 22
34 41
35 2
35 35
36 4
36 31
37 11
37 18
38 3
38 36
39 28
39 38
40 26
40 35
41 8
41 10
42 19
42 24

# solution 88
# n=43 sym=rct4 status=verified source=flammenkamp_cache/n43_rct4.mvr
# code=mvr:0 0 0 17 1 23 1 25 2 28 2 32 3 9 3 24 4 
0 0
0 17
1 23
1 25
2 28
2 32
3 9
3 24
4 15
4 23
5 28
5 30
6 32
6 35
7 6
7 13
8 16
8 20
9 22
9 39
10 2
10 6
11 15
11 24
12 5
12 29
13 12
13 35
14 2
14 5
15 31
15 38
16 21
16 34
17 1
17 42
18 3
18 11
19 1
19 4
20 9
20 34
21 16
21 26
22 8
22 33
23 38
23 41
24 31
24 39
25 0
25 41
26 8
26 21
27 4
27 11
28 37
28 40
29 7
29 30
30 13
30 37
31 18
31 27
32 36
32 40
33 3
33 20
34 22
34 26
35 29
35 36
36 7
36 10
37 12
37 14
38 19
38 27
39 18
39 33
40 10
40 14
41 17
41 19
42 25
42 42

# solution 89
# n=43 sym=rct4 status=verified source=flammenkamp_cache/n43_rct4.mvr
# code=mvr:0 16 0 19 1 1 1 20 2 13 2 22 3 27 3 31 4
0 16
0 19
1 1
1 20
2 13
2 22
3 27
3 31
4 27
4 30
5 30
5 35
6 8
6 23
7 5
7 14
8 33
8 36
9 8
9 18
10 26
10 28
11 3
11 17
12 4
12 5
13 25
13 40
14 10
14 35
15 3
15 4
16 10
16 42
17 13
17 31
18 21
18 33
19 6
19 42
20 2
20 41
21 18
21 24
22 1
22 40
23 0
23 36
24 9
24 21
25 11
25 29
26 0
26 32
27 38
27 39
28 7
28 32
29 2
29 17
30 37
30 38
31 25
31 39
32 14
32 16
33 24
33 34
34 6
34 9
35 28
35 37
36 19
36 34
37 7
37 12
38 12
38 15
39 11
39 15
40 20
40 29
41 22
41 41
42 23
42 26

# solution 90
# n=43 sym=rct4 status=verified source=flammenkamp_cache/n43_rct4.mvr
# code=mvr:0 11 0 29 1 16 1 28 2 8 2 19 3 19 3 20 4
0 11
0 29
1 16
1 28
2 8
2 19
3 19
3 20
4 15
4 33
5 7
5 29
6 24
6 28
7 30
7 37
8 24
8 40
9 4
9 15
10 10
10 22
11 12
11 42
12 7
12 31
13 0
13 5
14 1
14 6
15 33
15 38
16 25
16 41
17 16
17 21
18 6
18 8
19 39
19 40
20 10
20 39
21 17
21 25
22 3
22 32
23 2
23 3
24 34
24 36
25 21
25 26
26 1
26 17
27 4
27 9
28 36
28 41
29 37
29 42
30 11
30 35
31 0
31 30
32 20
32 32
33 27
33 38
34 2
34 18
35 5
35 12
36 14
36 18
37 13
37 35
38 9
38 27
39 22
39 23
40 23
40 34
41 14
41 26
42 13
42 31

# solution 91
# n=43 sym=rct4 status=verified source=flammenkamp_cache/n43_rct4.mvr
# code=mvr:0 14 0 29 1 21 1 25 2 8 2 16 3 13 3 33 4
0 14
0 29
1 21
1 25
2 8
2 16
3 13
3 33
4 4
4 31
5 18
5 26
6 15
6 25
7 8
7 10
8 35
8 40
9 3
9 18
10 15
10 35
11 4
11 19
12 14
12 22
13 0
13 39
14 30
14 42
15 32
15 36
16 5
16 40
17 1
17 6
18 33
18 37
19 22
19 31
20 12
20 19
21 1
21 41
22 23
22 30
23 11
23 20
24 5
24 9
25 36
25 41
26 2
26 37
27 6
27 10
28 0
28 12
29 3
29 42
30 20
30 28
31 23
31 38
32 7
32 27
33 24
33 39
34 2
34 7
35 32
35 34
36 17
36 27
37 16
37 24
38 11
38 38
39 9
39 29
40 26
40 34
41 17
41 21
42 13
42 28

# solution 92
# n=43 sym=rct4 status=verified source=flammenkamp_cache/n43_rct4.mvr
# code=mvr:0 0 0 15 1 18 1 28 2 22 2 32 3 19 3 25 4
0 0
0 15
1 18
1 28
2 22
2 32
3 19
3 25
4 14
4 15
5 16
5 36
6 5
6 11
7 22
7 32
8 18
8 29
9 11
9 21
10 2
10 7
11 33
11 36
12 13
12 16
13 8
13 30
14 1
14 38
15 38
15 42
16 30
16 37
17 3
17 19
18 34
18 41
19 25
19 39
20 2
20 7
21 9
21 33
22 35
22 40
23 3
23 17
24 1
24 8
25 23
25 39
26 5
26 12
27 0
27 4
28 4
28 41
29 12
29 34
30 26
30 29
31 6
31 9
32 35
32 40
33 21
33 31
34 13
34 24
35 10
35 20
36 31
36 37
37 6
37 26
38 27
38 28
39 17
39 23
40 10
40 20
41 14
41 24
42 27
42 42

# solution 93
# n=43 sym=rct4 status=verified source=flammenkamp_cache/n43_rct4.mvr
# code=mvr:0 13 0 21 1 24 1 25 2 2 2 20 3 14 3 32 4
0 13
0 21
1 24
1 25
2 2
2 20
3 14
3 32
4 13
4 14
5 7
5 31
6 16
6 25
7 9
7 37
8 27
8 30
9 24
9 35
10 3
10 15
11 5
11 19
12 8
12 26
13 38
13 42
14 38
14 39
15 8
15 32
16 12
16 36
17 1
17 6
18 1
18 9
19 22
19 31
20 19
20 40
21 0
21 42
22 2
22 23
23 11
23 20
24 33
24 41
25 36
25 41
26 6
26 30
27 10
27 34
28 3
28 4
29 0
29 4
30 16
30 34
31 23
31 37
32 27
32 39
33 7
33 18
34 12
34 15
35 5
35 33
36 17
36 26
37 11
37 35
38 28
38 29
39 10
39 28
40 22
40 40
41 17
41 18
42 21
42 29

# solution 94
# n=43 sym=rct4 status=verified source=flammenkamp_cache/n43_rct4.mvr
# code=mvr:0 13 0 27 1 18 1 22 2 6 2 35 3 14 3 24 4
0 13
0 27
1 18
1 22
2 6
2 35
3 14
3 24
4 28
4 30
5 11
5 21
6 9
6 40
7 2
7 17
8 10
8 30
9 26
9 36
10 23
10 34
11 11
11 37
12 4
12 8
13 22
13 42
14 4
14 39
15 0
15 26
16 9
16 15
17 23
17 35
18 3
18 41
19 10
19 17
20 1
20 13
21 5
21 37
22 29
22 41
23 25
23 32
24 1
24 39
25 7
25 19
26 27
26 33
27 16
27 42
28 3
28 38
29 0
29 20
30 34
30 38
31 5
31 31
32 8
32 19
33 6
33 16
34 12
34 32
35 25
35 40
36 2
36 33
37 21
37 31
38 12
38 14
39 18
39 28
40 7
40 36
41 20
41 24
42 15
42 29

# solution 95
# n=43 sym=rct4 status=verified source=flammenkamp_cache/n43_rct4.mvr
# code=mvr:0 19 0 25 1 10 1 12 2 15 2 26 3 21 3 35 
0 19
0 25
1 10
1 12
2 15
2 26
3 21
3 35
4 9
4 31
5 22
5 31
6 12
6 14
7 3
7 34
8 7
8 27
9 17
9 38
10 23
10 41
11 4
11 5
12 36
12 41
13 13
13 24
14 26
14 36
15 8
15 40
16 2
16 14
17 0
17 33
18 13
18 22
19 10
19 42
20 5
20 18
21 3
21 39
22 24
22 37
23 0
23 32
24 20
24 29
25 9
25 42
26 28
26 40
27 2
27 34
28 6
28 16
29 18
29 29
30 1
30 6
31 37
31 38
32 1
32 19
33 4
33 25
34 15
34 35
35 8
35 39
36 28
36 30
37 11
37 20
38 11
38 33
39 7
39 21
40 16
40 27
41 30
41 32
42 17
42 23

# solution 96
# n=43 sym=rct4 status=verified source=flammenkamp_cache/n43_rct4.mvr
# code=mvr:0 25 0 29 1 9 1 22 2 11 2 26 3 5 3 27 4 
0 25
0 29
1 9
1 22
2 11
2 26
3 5
3 27
4 24
4 32
5 31
5 39
6 6
6 13
7 17
7 30
8 16
8 33
9 8
9 41
10 4
10 22
11 5
11 40
12 7
12 19
13 0
13 36
14 15
14 23
15 3
15 28
16 2
16 34
17 0
17 35
18 4
18 21
19 14
19 30
20 1
20 10
21 18
21 24
22 32
22 41
23 12
23 28
24 21
24 38
25 7
25 42
26 8
26 40
27 14
27 39
28 19
28 27
29 6
29 42
30 23
30 35
31 2
31 37
32 20
32 38
33 1
33 34
34 9
34 26
35 12
35 25
36 29
36 36
37 3
37 11
38 10
38 18
39 15
39 37
40 16
40 31
41 20
41 33
42 13
42 17

# solution 97
# n=43 sym=rct4 status=verified source=flammenkamp_cache/n43_rct4.mvr
# code=mvr:0 18 0 39 1 16 1 19 2 25 2 29 3 0 3 36 4
0 18
0 39
1 16
1 19
2 25
2 29
3 0
3 36
4 9
4 17
5 28
5 29
6 3
6 32
7 16
7 21
8 9
8 28
9 34
9 38
10 6
10 12
11 12
11 24
12 31
12 32
13 2
13 5
14 5
14 8
15 19
15 22
16 35
16 41
17 2
17 38
18 11
18 42
19 27
19 41
20 15
20 20
21 7
21 35
22 22
22 27
23 1
23 15
24 0
24 31
25 4
25 40
26 1
26 7
27 20
27 23
28 34
28 37
29 37
29 40
30 10
30 11
31 18
31 30
32 30
32 36
33 4
33 8
34 14
34 33
35 21
35 26
36 10
36 39
37 13
37 14
38 25
38 33
39 6
39 42
40 13
40 17
41 23
41 26
42 3
42 24

# solution 98
# n=43 sym=rct4 status=verified source=flammenkamp_cache/n43_rct4.mvr
# code=mvr:0 15 0 20 1 25 1 30 2 15 2 39 3 2 3 26 4
0 15
0 20
1 25
1 30
2 15
2 39
3 2
3 26
4 11
4 22
5 8
5 28
6 17
6 18
7 7
7 13
8 32
8 37
9 23
9 24
10 8
10 30
11 14
11 38
12 1
12 10
13 19
13 35
14 5
14 31
15 40
15 42
16 3
16 21
17 1
17 36
18 9
18 36
19 9
19 29
20 4
20 42
21 16
21 26
22 0
22 38
23 13
23 33
24 6
24 33
25 6
25 41
26 21
26 39
27 0
27 2
28 11
28 37
29 7
29 23
30 32
30 41
31 4
31 28
32 12
32 34
33 18
33 19
34 5
34 10
35 29
35 35
36 24
36 25
37 14
37 34
38 20
38 31
39 16
39 40
40 3
40 27
41 12
41 17
42 22
42 27

# solution 99
# n=43 sym=rct4 status=verified source=flammenkamp_cache/n43_rct4.mvr
# code=mvr:0 0 0 18 1 10 1 34 2 14 2 25 3 5 3 29 4 
0 0
0 18
1 10
1 34
2 14
2 25
3 5
3 29
4 18
4 20
5 14
5 39
6 19
6 31
7 8
7 11
8 1
8 35
9 12
9 22
10 27
10 41
11 6
11 35
12 26
12 33
13 3
13 21
14 37
14 40
15 10
15 16
16 12
16 27
17 2
17 19
18 38
18 42
19 25
19 36
20 9
20 38
21 13
21 29
22 4
22 33
23 6
23 17
24 0
24 4
25 23
25 40
26 15
26 30
27 26
27 32
28 2
28 5
29 21
29 39
30 9
30 16
31 7
31 36
32 1
32 15
33 20
33 30
34 7
34 41
35 31
35 34
36 11
36 23
37 3
37 28
38 22
38 24
39 13
39 37
40 17
40 28
41 8
41 32
42 24
42 42

# solution 100
# n=43 sym=rct4 status=verified source=flammenkamp_cache/n43_rct4.mvr
# code=mvr:0 27 0 34 1 10 1 12 2 2 2 19 3 20 3 24 4
0 27
0 34
1 10
1 12
2 2
2 19
3 20
3 24
4 7
4 10
5 21
5 33
6 16
6 28
7 31
7 38
8 0
8 28
9 5
9 31
10 38
10 41
11 7
11 9
12 17
12 41
13 22
13 26
14 6
14 8
15 0
15 25
16 13
16 36
17 15
17 30
18 3
18 19
19 24
19 40
20 13
20 39
21 5
21 37
22 3
22 29
23 2
23 18
24 23
24 39
25 12
25 27
26 6
26 29
27 17
27 42
28 34
28 36
29 16
29 20
30 1
30 25
31 33
31 35
32 1
32 4
33 11
33 37
34 14
34 42
35 4
35 11
36 14
36 26
37 9
37 21
38 32
38 35
39 18
39 22
40 23
40 40
41 30
41 32
42 8
42 15

# solution 101
# n=43 sym=rct4 status=verified source=flammenkamp_cache/n43_rct4.mvr
# code=mvr:0 5 0 23 1 15 1 17 2 31 2 35 3 3 3 28 4 
0 5
0 23
1 15
1 17
2 31
2 35
3 3
3 28
4 12
4 19
5 26
5 42
6 9
6 24
7 2
7 34
8 7
8 16
9 13
9 36
10 25
10 30
11 2
11 21
12 10
12 38
13 22
13 33
14 3
14 27
15 14
15 41
16 5
16 34
17 10
17 41
18 6
18 22
19 0
19 38
20 13
20 18
21 11
21 31
22 24
22 29
23 4
23 42
24 20
24 36
25 1
25 32
26 8
26 37
27 1
27 28
28 15
28 39
29 9
29 20
30 4
30 32
31 21
31 40
32 12
32 17
33 6
33 29
34 26
34 35
35 8
35 40
36 18
36 33
37 0
37 16
38 23
38 30
39 14
39 39
40 7
40 11
41 25
41 27
42 19
42 37

# solution 102
# n=43 sym=rct4 status=verified source=flammenkamp_cache/n43_rct4.mvr
# code=mvr:0 6 0 26 1 21 1 23 2 10 2 14 3 20 3 37 4
0 6
0 26
1 21
1 23
2 10
2 14
3 20
3 37
4 27
4 29
5 3
5 30
6 6
6 42
7 19
7 25
8 11
8 29
9 22
9 26
10 31
10 40
11 10
11 34
12 5
12 25
13 4
13 8
14 18
14 40
15 4
15 18
16 0
16 9
17 7
17 12
18 27
18 28
19 1
19 35
20 9
20 39
21 1
21 41
22 3
22 33
23 7
23 41
24 14
24 15
25 30
25 35
26 33
26 42
27 24
27 38
28 2
28 24
29 34
29 38
30 17
30 37
31 8
31 32
32 2
32 11
33 16
33 20
34 13
34 31
35 17
35 23
36 0
36 36
37 12
37 39
38 13
38 15
39 5
39 22
40 28
40 32
41 19
41 21
42 16
42 36

# solution 103
# n=43 sym=rct4 status=verified source=flammenkamp_cache/n43_rct4.mvr
# code=mvr:0 23 0 30 1 14 1 24 2 11 2 38 3 13 3 32 
0 23
0 30
1 14
1 24
2 11
2 38
3 13
3 32
4 2
4 37
5 4
5 25
6 22
6 28
7 15
7 22
8 32
8 33
9 8
9 15
10 3
10 8
11 26
11 40
12 0
12 12
13 24
13 39
14 6
14 41
15 33
15 35
16 11
16 23
17 5
17 21
18 1
18 13
19 0
19 16
20 6
20 7
21 17
21 25
22 35
22 36
23 26
23 42
24 29
24 41
25 21
25 37
26 19
26 31
27 7
27 9
28 1
28 36
29 3
29 18
30 30
30 42
31 2
31 16
32 34
32 39
33 27
33 34
34 9
34 10
35 20
35 27
36 14
36 20
37 17
37 38
38 5
38 40
39 10
39 29
40 4
40 31
41 18
41 28
42 12
42 19

# solution 104
# n=43 sym=rct4 status=verified source=flammenkamp_cache/n43_rct4.mvr
# code=mvr:0 21 0 24 1 14 1 23 2 15 2 30 3 22 3 32 
0 21
0 24
1 14
1 23
2 15
2 30
3 22
3 32
4 8
4 33
5 11
5 27
6 11
6 17
7 8
7 24
8 35
8 38
9 4
9 32
10 3
10 9
11 36
11 37
12 2
12 26
13 13
13 22
14 16
14 41
15 5
15 40
16 12
16 28
17 23
17 36
18 0
18 7
19 1
19 17
20 3
20 13
21 0
21 42
22 29
22 39
23 25
23 41
24 35
24 42
25 6
25 19
26 14
26 30
27 2
27 37
28 1
28 26
29 20
29 29
30 16
30 40
31 5
31 6
32 33
32 39
33 10
33 38
34 4
34 7
35 18
35 34
36 25
36 31
37 15
37 31
38 9
38 34
39 10
39 20
40 12
40 27
41 19
41 28
42 18
42 21

# solution 105
# n=43 sym=rct4 status=verified source=flammenkamp_cache/n43_rct4.mvr
# code=mvr:0 23 0 40 1 22 1 26 2 0 2 15 3 10 3 13 4
0 23
0 40
1 22
1 26
2 0
2 15
3 10
3 13
4 30
4 33
5 5
5 27
6 13
6 18
7 8
7 18
8 28
8 35
9 4
9 30
10 19
10 39
11 22
11 25
12 4
12 9
13 36
13 39
14 8
14 26
15 5
15 40
16 1
16 14
17 11
17 21
18 35
18 36
19 0
19 32
20 1
20 11
21 17
21 25
22 31
22 41
23 10
23 42
24 6
24 7
25 21
25 31
26 28
26 41
27 2
27 37
28 16
28 34
29 3
29 6
30 33
30 38
31 17
31 20
32 3
32 23
33 12
33 38
34 7
34 14
35 24
35 34
36 24
36 29
37 15
37 37
38 9
38 12
39 29
39 32
40 27
40 42
41 16
41 20
42 2
42 19

# solution 106
# n=43 sym=rct4 status=verified source=flammenkamp_cache/n43_rct4.mvr
# code=mvr:0 12 0 24 1 12 1 26 2 19 2 22 3 3 3 15 4
0 12
0 24
1 12
1 26
2 19
2 22
3 3
3 15
4 24
4 36
5 15
5 32
6 4
6 34
7 8
7 29
8 6
8 35
9 28
9 32
10 5
10 9
11 17
11 28
12 41
12 42
13 7
13 22
14 9
14 11
15 37
15 39
16 1
16 23
17 21
17 31
18 0
18 4
19 16
19 40
20 2
20 13
21 17
21 25
22 29
22 40
23 2
23 26
24 38
24 42
25 11
25 21
26 19
26 41
27 3
27 5
28 31
28 33
29 20
29 35
30 0
30 1
31 14
31 25
32 33
32 37
33 10
33 14
34 7
34 36
35 13
35 34
36 8
36 38
37 10
37 27
38 6
38 18
39 27
39 39
40 20
40 23
41 16
41 30
42 18
42 30

# solution 107
# n=43 sym=rct4 status=verified source=flammenkamp_cache/n43_rct4.mvr
# code=mvr:0 10 0 34 1 13 1 22 2 22 2 27 3 15 3 17 
0 10
0 34
1 13
1 22
2 22
2 27
3 15
3 17
4 4
4 6
5 23
5 35
6 33
6 38
7 5
7 18
8 0
8 14
9 6
9 18
10 26
10 42
11 16
11 30
12 11
12 29
13 12
13 41
14 23
14 34
15 2
15 39
16 10
16 31
17 21
17 39
18 33
18 35
19 5
19 14
20 1
20 2
21 17
21 25
22 40
22 41
23 28
23 37
24 7
24 9
25 3
25 21
26 11
26 32
27 3
27 40
28 8
28 19
29 1
29 30
30 13
30 31
31 12
31 26
32 0
32 16
33 24
33 36
34 28
34 42
35 24
35 37
36 4
36 9
37 7
37 19
38 36
38 38
39 25
39 27
40 15
40 20
41 20
41 29
42 8
42 32

# solution 108
# n=43 sym=rct4 status=verified source=flammenkamp_cache/n43_rct4.mvr
# code=mvr:0 0 0 8 1 13 1 21 2 28 2 29 3 20 3 30 4 
0 0
0 8
1 13
1 21
2 28
2 29
3 20
3 30
4 22
4 33
5 15
5 16
6 19
6 34
7 11
7 32
8 6
8 42
9 4
9 24
10 7
10 14
11 30
11 35
12 3
12 11
13 2
13 41
14 2
14 32
15 25
15 37
16 23
16 37
17 15
17 24
18 9
18 17
19 16
19 36
20 4
20 39
21 1
21 41
22 3
22 38
23 6
23 26
24 25
24 33
25 18
25 27
26 5
26 19
27 5
27 17
28 10
28 40
29 1
29 40
30 31
30 39
31 7
31 12
32 28
32 35
33 18
33 38
34 0
34 36
35 10
35 31
36 8
36 23
37 26
37 27
38 9
38 20
39 12
39 22
40 13
40 14
41 21
41 29
42 34
42 42

# solution 109
# n=43 sym=rct4 status=verified source=flammenkamp_cache/n43_rct4.mvr
# code=mvr:0 17 0 24 1 29 1 32 2 13 2 15 3 10 3 24 
0 17
0 24
1 29
1 32
2 13
2 15
3 10
3 24
4 8
4 23
5 31
5 33
6 6
6 35
7 6
7 21
8 28
8 38
9 5
9 20
10 1
10 39
11 5
11 12
12 22
12 31
13 1
13 40
14 8
14 26
15 25
15 40
16 14
16 19
17 15
17 42
18 0
18 3
19 4
19 26
20 12
20 33
21 7
21 35
22 9
22 30
23 16
23 38
24 39
24 42
25 0
25 27
26 23
26 28
27 2
27 17
28 16
28 34
29 2
29 41
30 11
30 20
31 30
31 37
32 3
32 41
33 22
33 37
34 4
34 14
35 21
35 36
36 7
36 36
37 9
37 11
38 19
38 34
39 18
39 32
40 27
40 29
41 10
41 13
42 18
42 25

# solution 110
# n=43 sym=rct4 status=verified source=flammenkamp_cache/n43_rct4.mvr
# code=mvr:0 20 0 25 1 12 1 26 2 13 2 18 3 19 3 26 
0 20
0 25
1 12
1 26
2 13
2 18
3 19
3 26
4 5
4 8
5 33
5 38
6 6
6 15
7 9
7 25
8 11
8 38
9 5
9 35
10 19
10 24
11 14
11 34
12 22
12 41
13 14
13 40
14 29
14 31
15 21
15 36
16 1
16 3
17 0
17 7
18 10
18 40
19 32
19 39
20 12
20 42
21 15
21 27
22 0
22 30
23 3
23 10
24 2
24 32
25 35
25 42
26 39
26 41
27 6
27 21
28 11
28 13
29 2
29 28
30 1
30 20
31 8
31 28
32 18
32 23
33 7
33 37
34 4
34 31
35 17
35 33
36 27
36 36
37 4
37 9
38 34
38 37
39 16
39 23
40 24
40 29
41 16
41 30
42 17
42 22

# solution 111
# n=43 sym=rct4 status=verified source=flammenkamp_cache/n43_rct4.mvr
# code=mvr:0 17 0 26 1 3 1 21 2 9 2 10 3 8 3 41 4 2
0 17
0 26
1 3
1 21
2 9
2 10
3 8
3 41
4 26
4 29
5 10
5 20
6 6
6 27
7 17
7 19
8 12
8 39
9 30
9 40
10 37
10 40
11 24
11 29
12 9
12 34
13 4
13 11
14 18
14 27
15 6
15 14
16 0
16 4
17 35
17 42
18 11
18 28
19 22
19 35
20 19
20 37
21 1
21 41
22 5
22 23
23 7
23 20
24 14
24 31
25 0
25 7
26 38
26 42
27 28
27 36
28 15
28 24
29 31
29 38
30 8
30 33
31 13
31 18
32 2
32 5
33 2
33 12
34 3
34 30
35 23
35 25
36 15
36 36
37 22
37 32
38 13
38 16
39 1
39 34
40 32
40 33
41 21
41 39
42 16
42 25

# solution 112
# n=43 sym=rct4 status=verified source=flammenkamp_cache/n43_rct4.mvr
# code=mvr:0 18 0 32 1 26 1 28 2 5 2 23 3 6 3 10 4 
0 18
0 32
1 26
1 28
2 5
2 23
3 6
3 10
4 4
4 34
5 31
5 40
6 18
6 39
7 15
7 21
8 4
8 29
9 17
9 22
10 0
10 39
11 5
11 12
12 29
12 31
13 8
13 12
14 1
14 26
15 22
15 35
16 1
16 14
17 19
17 33
18 36
18 42
19 2
19 25
20 9
20 15
21 7
21 35
22 27
22 33
23 17
23 40
24 0
24 6
25 9
25 23
26 28
26 41
27 7
27 20
28 16
28 41
29 30
29 34
30 11
30 13
31 30
31 37
32 3
32 42
33 20
33 25
34 13
34 38
35 21
35 27
36 3
36 24
37 2
37 11
38 8
38 38
39 32
39 36
40 19
40 37
41 14
41 16
42 10
42 24

# solution 113
# n=43 sym=rct4 status=verified source=flammenkamp_cache/n43_rct4.mvr
# code=mvr:0 26 0 34 1 10 1 15 2 21 2 22 3 24 3 33 
0 26
0 34
1 10
1 15
2 21
2 22
3 24
3 33
4 11
4 35
5 22
5 27
6 6
6 28
7 4
7 24
8 0
8 11
9 3
9 10
10 33
10 41
11 34
11 38
12 23
12 25
13 23
13 25
14 6
14 16
15 5
15 41
16 0
16 28
17 12
17 13
18 3
18 7
19 12
19 13
20 2
20 5
21 2
21 40
22 37
22 40
23 29
23 30
24 35
24 39
25 29
25 30
26 14
26 42
27 1
27 37
28 26
28 36
29 17
29 19
30 17
30 19
31 4
31 8
32 1
32 9
33 32
33 39
34 31
34 42
35 18
35 38
36 14
36 36
37 15
37 20
38 7
38 31
39 9
39 18
40 20
40 21
41 27
41 32
42 8
42 16

# solution 114
# n=43 sym=rct4 status=verified source=flammenkamp_cache/n43_rct4.mvr
# code=mvr:0 8 0 15 1 9 1 26 2 21 2 22 3 13 3 28 4 
0 8
0 15
1 9
1 26
2 21
2 22
3 13
3 28
4 17
4 37
5 4
5 28
6 22
6 23
7 7
7 31
8 31
8 42
9 12
9 41
10 12
10 26
11 7
11 8
12 32
12 33
13 24
13 39
14 3
14 5
15 17
15 42
16 1
16 10
17 27
17 38
18 13
18 23
19 6
19 18
20 2
20 6
21 2
21 40
22 36
22 40
23 24
23 36
24 19
24 29
25 4
25 15
26 32
26 41
27 0
27 25
28 37
28 39
29 3
29 18
30 9
30 10
31 34
31 35
32 16
32 30
33 1
33 30
34 0
34 11
35 11
35 35
36 19
36 20
37 14
37 38
38 5
38 25
39 14
39 29
40 20
40 21
41 16
41 33
42 27
42 34

# solution 115
# n=43 sym=rct4 status=verified source=flammenkamp_cache/n43_rct4.mvr
# code=mvr:0 10 0 30 1 23 1 28 2 11 2 18 3 18 3 32 
0 10
0 30
1 23
1 28
2 11
2 18
3 18
3 32
4 15
4 23
5 5
5 35
6 17
6 22
7 5
7 11
8 22
8 28
9 27
9 29
10 3
10 42
11 35
11 40
12 0
12 13
13 9
13 30
14 1
14 8
15 9
15 38
16 21
16 25
17 16
17 36
18 39
18 40
19 1
19 4
20 6
20 8
21 16
21 26
22 34
22 36
23 38
23 41
24 2
24 3
25 6
25 26
26 17
26 21
27 4
27 33
28 34
28 41
29 12
29 33
30 29
30 42
31 2
31 7
32 0
32 39
33 13
33 15
34 14
34 20
35 31
35 37
36 20
36 25
37 7
37 37
38 19
38 27
39 10
39 24
40 24
40 31
41 14
41 19
42 12
42 32

# solution 116
# n=43 sym=rct4 status=verified source=flammenkamp_cache/n43_rct4.mvr
# code=mvr:0 15 0 17 1 12 1 29 2 3 2 24 3 17 3 40 4
0 15
0 17
1 12
1 29
2 3
2 24
3 17
3 40
4 8
4 12
5 32
5 35
6 10
6 22
7 5
7 26
8 14
8 38
9 22
9 26
10 5
10 36
11 11
11 19
12 38
12 41
13 1
13 19
14 27
14 34
15 14
15 42
16 7
16 9
17 39
17 42
18 2
18 21
19 29
19 31
20 6
20 9
21 18
21 24
22 33
22 36
23 11
23 13
24 21
24 40
25 0
25 3
26 33
26 35
27 0
27 28
28 8
28 15
29 23
29 41
30 1
30 4
31 23
31 31
32 6
32 37
33 16
33 20
34 4
34 28
35 16
35 37
36 20
36 32
37 7
37 10
38 30
38 34
39 2
39 25
40 18
40 39
41 13
41 30
42 25
42 27

# solution 117
# n=43 sym=rct4 status=verified source=flammenkamp_cache/n43_rct4.mvr
# code=mvr:0 9 0 14 1 11 1 32 2 24 2 25 3 27 3 38 4
0 9
0 14
1 11
1 32
2 24
2 25
3 27
3 38
4 3
4 4
5 12
5 27
6 24
6 29
7 11
7 33
8 14
8 19
9 7
9 42
10 1
10 26
11 35
11 41
12 16
12 37
13 6
13 21
14 34
14 42
15 3
15 5
16 10
16 30
17 2
17 22
18 2
18 6
19 22
19 34
20 17
20 19
21 13
21 29
22 23
22 25
23 8
23 20
24 36
24 40
25 20
25 40
26 12
26 32
27 37
27 39
28 0
28 8
29 21
29 36
30 5
30 26
31 1
31 7
32 16
32 41
33 0
33 35
34 23
34 28
35 9
35 31
36 13
36 18
37 15
37 30
38 38
38 39
39 4
39 15
40 17
40 18
41 10
41 31
42 28
42 33

# solution 118
# n=43 sym=rct4 status=verified source=flammenkamp_cache/n43_rct4.mvr
# code=mvr:0 0 0 30 1 14 1 16 2 18 2 20 3 11 3 35 4
0 0
0 30
1 14
1 16
2 18
2 20
3 11
3 35
4 18
4 29
5 11
5 28
6 19
6 35
7 3
7 6
8 13
8 15
9 25
9 30
10 15
10 17
11 37
11 39
12 0
12 9
13 4
13 34
14 5
14 41
15 32
15 34
16 22
16 41
17 9
17 32
18 38
18 40
19 21
19 36
20 16
20 40
21 19
21 23
22 2
22 26
23 6
23 21
24 2
24 4
25 10
25 33
26 1
26 20
27 8
27 10
28 1
28 37
29 8
29 38
30 33
30 42
31 3
31 5
32 25
32 27
33 12
33 17
34 27
34 29
35 36
35 39
36 7
36 23
37 14
37 31
38 13
38 24
39 7
39 31
40 22
40 24
41 26
41 28
42 12
42 42

# solution 119
# n=43 sym=rct4 status=verified source=flammenkamp_cache/n43_rct4.mvr
# code=mvr:0 17 0 28 1 18 1 30 2 18 2 20 3 8 3 14 4
0 17
0 28
1 18
1 30
2 18
2 20
3 8
3 14
4 4
4 22
5 9
5 29
6 21
6 27
7 9
7 15
8 11
8 39
9 35
9 37
10 11
10 23
11 32
11 34
12 1
12 16
13 5
13 16
14 0
14 39
15 6
15 35
16 29
16 30
17 19
17 42
18 40
18 41
19 10
19 25
20 4
20 40
21 6
21 36
22 2
22 38
23 17
23 32
24 1
24 2
25 0
25 23
26 12
26 13
27 7
27 36
28 3
28 42
29 26
29 37
30 26
30 41
31 8
31 10
32 19
32 31
33 5
33 7
34 3
34 31
35 27
35 33
36 15
36 21
37 13
37 33
38 20
38 38
39 28
39 34
40 22
40 24
41 12
41 24
42 14
42 25

# solution 120
# n=43 sym=rct4 status=verified source=flammenkamp_cache/n43_rct4.mvr
# code=mvr:0 28 0 33 1 18 1 22 2 5 2 35 3 15 3 23 4
0 28
0 33
1 18
1 22
2 5
2 35
3 15
3 23
4 8
4 29
5 5
5 40
6 12
6 19
7 2
7 32
8 15
8 38
9 0
9 32
10 7
10 9
11 21
11 29
12 25
12 36
13 4
13 11
14 0
14 16
15 34
15 39
16 22
16 28
17 12
17 24
18 17
18 41
19 3
19 36
20 1
20 16
21 11
21 31
22 26
22 41
23 6
23 39
24 1
24 25
25 18
25 30
26 14
26 20
27 3
27 8
28 26
28 42
29 31
29 38
30 6
30 17
31 13
31 21
32 33
32 35
33 10
33 42
34 4
34 27
35 10
35 40
36 23
36 30
37 2
37 37
38 13
38 34
39 19
39 27
40 7
40 37
41 20
41 24
42 9
42 14

# solution 121
# n=43 sym=rct4 status=verified source=flammenkamp_cache/n43_rct4.mvr
# code=mvr:0 21 0 29 1 34 1 36 2 8 2 10 3 14 3 25 4
0 21
0 29
1 34
1 36
2 8
2 10
3 14
3 25
4 13
4 33
5 5
5 23
6 1
6 10
7 26
7 27
8 1
8 40
9 4
9 20
10 36
10 40
11 12
11 28
12 18
12 31
13 0
13 38
14 11
14 39
15 7
15 17
16 7
16 19
17 3
17 27
18 22
18 30
19 5
19 26
20 18
20 33
21 0
21 42
22 9
22 24
23 16
23 37
24 12
24 20
25 15
25 39
26 23
26 35
27 25
27 35
28 3
28 31
29 4
29 42
30 11
30 24
31 14
31 30
32 2
32 6
33 22
33 38
34 2
34 41
35 15
35 16
36 32
36 41
37 19
37 37
38 9
38 29
39 17
39 28
40 32
40 34
41 6
41 8
42 13
42 21

# solution 122
# n=43 sym=rct4 status=verified source=flammenkamp_cache/n43_rct4.mvr
# code=mvr:0 16 0 32 1 27 1 32 2 9 2 19 3 19 3 31 4
0 16
0 32
1 27
1 32
2 9
2 19
3 19
3 31
4 14
4 26
5 5
5 13
6 17
6 18
7 8
7 12
8 30
8 35
9 22
9 40
10 0
10 1
11 3
11 17
12 8
12 35
13 22
13 37
14 27
14 38
15 1
15 14
16 4
16 42
17 31
17 36
18 21
18 36
19 39
19 40
20 9
20 13
21 18
21 24
22 29
22 33
23 2
23 3
24 6
24 21
25 6
25 11
26 0
26 38
27 28
27 41
28 4
28 15
29 5
29 20
30 7
30 34
31 25
31 39
32 41
32 42
33 2
33 20
34 7
34 12
35 30
35 34
36 24
36 25
37 29
37 37
38 16
38 28
39 11
39 23
40 23
40 33
41 10
41 15
42 10
42 26

# solution 123
# n=43 sym=rct4 status=verified source=flammenkamp_cache/n43_rct4.mvr
# code=mvr:0 15 0 17 1 22 1 31 2 24 2 31 3 6 3 21 4
0 15
0 17
1 22
1 31
2 24
2 31
3 6
3 21
4 12
4 26
5 32
5 34
6 10
6 39
7 7
7 26
8 5
8 14
9 13
9 22
10 5
10 36
11 1
11 2
12 19
12 38
13 19
13 33
14 27
14 34
15 14
15 42
16 4
16 7
17 24
17 42
18 2
18 17
19 29
19 30
20 1
20 9
21 3
21 39
22 33
22 41
23 12
23 13
24 25
24 40
25 0
25 18
26 35
26 38
27 0
27 28
28 8
28 15
29 9
29 23
30 4
30 23
31 40
31 41
32 6
32 37
33 20
33 29
34 28
34 37
35 16
35 35
36 3
36 32
37 8
37 10
38 16
38 30
39 21
39 36
40 11
40 18
41 11
41 20
42 25
42 27

# solution 124
# n=43 sym=rct4 status=verified source=flammenkamp_cache/n43_rct4.mvr
# code=mvr:0 18 0 26 1 11 1 16 2 9 2 12 3 23 3 36 4
0 18
0 26
1 11
1 16
2 9
2 12
3 23
3 36
4 27
4 30
5 6
5 25
6 3
6 37
7 10
7 22
8 15
8 29
9 10
9 40
10 33
10 35
11 25
11 41
12 4
12 40
13 8
13 18
14 14
14 22
15 4
15 34
16 0
16 41
17 5
17 11
18 29
18 42
19 3
19 21
20 7
20 14
21 19
21 23
22 28
22 35
23 21
23 39
24 0
24 13
25 31
25 37
26 1
26 42
27 8
27 38
28 20
28 28
29 24
29 34
30 2
30 38
31 1
31 17
32 7
32 9
33 2
33 32
34 13
34 27
35 20
35 32
36 5
36 39
37 17
37 36
38 12
38 15
39 6
39 19
40 30
40 33
41 26
41 31
42 16
42 24

# solution 125
# n=43 sym=rct4 status=verified source=flammenkamp_cache/n43_rct4.mvr
# code=mvr:0 18 0 26 1 11 1 16 2 9 2 12 3 6 3 23 4 
0 18
0 26
1 11
1 16
2 9
2 12
3 6
3 23
4 27
4 30
5 6
5 25
6 37
6 39
7 10
7 22
8 15
8 29
9 10
9 40
10 33
10 35
11 25
11 41
12 4
12 40
13 8
13 18
14 14
14 22
15 4
15 34
16 0
16 41
17 5
17 11
18 29
18 42
19 3
19 21
20 7
20 14
21 19
21 23
22 28
22 35
23 21
23 39
24 0
24 13
25 31
25 37
26 1
26 42
27 8
27 38
28 20
28 28
29 24
29 34
30 2
30 38
31 1
31 17
32 7
32 9
33 2
33 32
34 13
34 27
35 20
35 32
36 3
36 5
37 17
37 36
38 12
38 15
39 19
39 36
40 30
40 33
41 26
41 31
42 16
42 24

# solution 126
# n=43 sym=rct4 status=verified source=flammenkamp_cache/n43_rct4.mvr
# code=mvr:0 3 0 25 1 20 1 34 2 13 2 28 3 13 3 42 4
0 3
0 25
1 20
1 34
2 13
2 28
3 13
3 42
4 28
4 32
5 23
5 25
6 21
6 35
7 6
7 12
8 1
8 11
9 11
9 22
10 4
10 15
11 33
11 34
12 26
12 35
13 39
13 40
14 2
14 4
15 23
15 32
16 12
16 18
17 0
17 5
18 18
18 26
19 5
19 15
20 9
20 41
21 6
21 36
22 1
22 33
23 27
23 37
24 16
24 24
25 37
25 42
26 24
26 30
27 10
27 19
28 38
28 40
29 2
29 3
30 7
30 16
31 8
31 9
32 27
32 38
33 20
33 31
34 31
34 41
35 30
35 36
36 7
36 21
37 17
37 19
38 10
38 14
39 0
39 29
40 14
40 29
41 8
41 22
42 17
42 39

