# solution 1
# n=44 sym=dia2 status=verified source=flammenkamp_cache/n44_dia2
# code=x8EBMKRVa6FCS4JBe0ZTXQY175eIM0Y4cGfNXDJ6I2QUg1DHfPbOUAK2R5d9hLP3cag9HAE8h3WOdFVSb7CGNLWTZ
0 8
0 14
1 11
1 22
2 20
2 27
3 31
3 36
4 6
4 15
5 12
5 28
6 4
6 19
7 11
7 40
8 0
8 35
9 29
9 33
10 26
10 34
11 1
11 7
12 5
12 40
13 18
13 22
14 0
14 34
15 4
15 38
16 16
16 41
17 23
17 33
18 13
18 19
19 6
19 18
20 2
20 26
21 30
21 42
22 1
22 13
23 17
23 41
24 25
24 37
25 24
25 30
26 10
26 20
27 2
27 27
28 5
28 39
29 9
29 43
30 21
30 25
31 3
31 38
32 36
32 42
33 9
33 17
34 10
34 14
35 8
35 43
36 3
36 32
37 24
37 39
38 15
38 31
39 28
39 37
40 7
40 12
41 16
41 23
42 21
42 32
43 29
43 35

