# solution 1
# n=47 sym=dia4_odd status=verified source=mvr_cache/d4odd-47.out
# code=mvr_rle:d4odd-47.out
45 10
27 4
7 35
34 19
14 13
31 29
28 21
9 17
13 8
7 10
33 38
10 45
16 40
30 11
12 27
43 5
3 42
25 18
5 14
38 2
15 9
4 43
19 34
1 28
11 39
16 35
17 9
30 6
21 25
41 3
4 27
44 8
13 14
2 38
45 18
29 31
31 37
35 7
35 16
41 32
22 0
6 22
14 5
32 41
40 24
24 46
12 26
43 4
8 13
23 44
46 24
44 23
0 20
39 11
5 43
19 42
46 26
18 25
29 37
27 12
42 19
0 22
25 21
20 0
8 44
22 6
38 33
34 20
42 3
18 45
10 7
3 41
36 1
6 30
21 28
39 36
17 15
2 23
15 17
32 33
40 16
33 32
1 36
20 34
37 29
36 39
23 2
24 40
28 1
26 46
9 15
37 31
11 30
26 12

