# solution 1
# n=47 sym=rct4 status=verified source=flammenkamp_cache/n47_rct4.mvr
# code=mvr:0 10 0 20 1 7 1 13 2 27 2 42 3 35 3 38 4
0 10
0 20
1 7
1 13
2 27
2 42
3 35
3 38
4 2
4 8
5 14
5 20
6 12
6 24
7 30
7 45
8 3
8 42
9 19
9 23
10 31
10 46
11 3
11 28
12 31
12 40
13 21
13 45
14 25
14 41
15 10
15 12
16 7
16 17
17 28
17 30
18 11
18 17
19 2
19 37
20 41
20 46
21 14
21 33
22 6
22 22
23 9
23 37
24 24
24 40
25 13
25 32
26 0
26 5
27 9
27 44
28 29
28 35
29 16
29 18
30 29
30 39
31 34
31 36
32 5
32 21
33 1
33 25
34 6
34 15
35 18
35 43
36 0
36 15
37 23
37 27
38 4
38 43
39 1
39 16
40 22
40 34
41 26
41 32
42 38
42 44
43 8
43 11
44 4
44 19
45 33
45 39
46 26
46 36

# solution 2
# n=47 sym=rct4 status=verified source=flammenkamp_cache/n47_rct4.mvr
# code=mvr:0 30 0 45 1 0 1 22 2 30 2 33 3 18 3 24 4
0 30
0 45
1 0
1 22
2 30
2 33
3 18
3 24
4 13
4 19
5 27
5 38
6 14
6 28
7 9
7 15
8 5
8 20
9 35
9 39
10 20
10 35
11 9
11 10
12 29
12 31
13 2
13 42
14 21
14 40
15 12
15 39
16 0
16 2
17 12
17 23
18 6
18 43
19 5
19 42
20 36
20 38
21 21
21 32
22 3
22 45
23 17
23 29
24 1
24 43
25 14
25 25
26 8
26 10
27 4
27 41
28 3
28 40
29 23
29 34
30 44
30 46
31 7
31 34
32 6
32 25
33 4
33 44
34 15
34 17
35 36
35 37
36 11
36 26
37 7
37 11
38 26
38 41
39 31
39 37
40 18
40 32
41 8
41 19
42 27
42 33
43 22
43 28
44 13
44 16
45 24
45 46
46 1
46 16

# solution 3
# n=47 sym=rct4 status=verified source=flammenkamp_cache/n47_rct4.mvr
# code=mvr:0 20 0 22 1 16 1 31 2 14 2 21 3 28 3 34 
0 20
0 22
1 16
1 31
2 14
2 21
3 28
3 34
4 24
4 29
5 9
5 27
6 33
6 39
7 6
7 10
8 15
8 25
9 9
9 41
10 20
10 39
11 14
11 19
12 3
12 33
13 6
13 12
14 35
14 44
15 1
15 38
16 18
16 45
17 4
17 23
18 3
18 30
19 5
19 35
20 36
20 46
21 8
21 44
22 4
22 46
23 17
23 29
24 0
24 42
25 2
25 38
26 0
26 10
27 11
27 41
28 16
28 43
29 23
29 42
30 1
30 28
31 8
31 45
32 2
32 11
33 34
33 40
34 13
34 43
35 27
35 32
36 7
36 26
37 5
37 37
38 21
38 31
39 36
39 40
40 7
40 13
41 19
41 37
42 17
42 22
43 12
43 18
44 25
44 32
45 15
45 30
46 24
46 26

# solution 4
# n=47 sym=rct4 status=verified source=flammenkamp_cache/n47_rct4.mvr
# code=mvr:0 7 0 14 1 31 1 35 2 22 2 36 3 28 3 30 4
0 7
0 14
1 31
1 35
2 22
2 36
3 28
3 30
4 15
4 19
5 9
5 24
6 14
6 34
7 10
7 46
8 19
8 29
9 9
9 41
10 2
10 39
11 1
11 23
12 6
12 28
13 17
13 20
14 40
14 46
15 1
15 42
16 3
16 21
17 8
17 33
18 3
18 12
19 38
19 42
20 25
20 33
21 20
21 30
22 5
22 44
23 11
23 35
24 2
24 41
25 16
25 26
26 13
26 21
27 4
27 8
28 34
28 43
29 13
29 38
30 25
30 43
31 4
31 45
32 0
32 6
33 26
33 29
34 18
34 40
35 23
35 45
36 7
36 44
37 5
37 37
38 17
38 27
39 0
39 36
40 12
40 32
41 22
41 37
42 27
42 31
43 16
43 18
44 10
44 24
45 11
45 15
46 32
46 39

# solution 5
# n=47 sym=rct4 status=verified source=flammenkamp_cache/n47_rct4.mvr
# code=mvr:0 7 0 14 1 15 1 35 2 22 2 36 3 28 3 30 4
0 7
0 14
1 15
1 35
2 22
2 36
3 28
3 30
4 15
4 19
5 9
5 24
6 14
6 34
7 10
7 46
8 19
8 29
9 9
9 41
10 2
10 39
11 1
11 23
12 6
12 28
13 17
13 20
14 40
14 46
15 42
15 45
16 3
16 21
17 8
17 33
18 3
18 12
19 38
19 42
20 25
20 33
21 20
21 30
22 5
22 44
23 11
23 35
24 2
24 41
25 16
25 26
26 13
26 21
27 4
27 8
28 34
28 43
29 13
29 38
30 25
30 43
31 1
31 4
32 0
32 6
33 26
33 29
34 18
34 40
35 23
35 45
36 7
36 44
37 5
37 37
38 17
38 27
39 0
39 36
40 12
40 32
41 22
41 37
42 27
42 31
43 16
43 18
44 10
44 24
45 11
45 31
46 32
46 39

# solution 6
# n=47 sym=rct4 status=verified source=flammenkamp_cache/n47_rct4.mvr
# code=mvr:0 25 0 29 1 7 1 31 2 22 2 29 3 16 3 32 4
0 25
0 29
1 7
1 31
2 22
2 29
3 16
3 32
4 6
4 24
5 13
5 36
6 9
6 42
7 18
7 45
8 8
8 32
9 25
9 40
10 5
10 20
11 12
11 13
12 26
12 35
13 35
13 41
14 3
14 8
15 1
15 19
16 23
16 43
17 0
17 2
18 19
18 39
19 28
19 31
20 12
20 36
21 0
21 9
22 4
22 44
23 16
23 30
24 2
24 42
25 37
25 46
26 10
26 34
27 15
27 18
28 7
28 27
29 44
29 46
30 3
30 23
31 27
31 45
32 38
32 43
33 5
33 11
34 11
34 20
35 33
35 34
36 26
36 41
37 6
37 21
38 14
38 38
39 1
39 28
40 4
40 37
41 10
41 33
42 22
42 40
43 14
43 30
44 17
44 24
45 15
45 39
46 17
46 21

# solution 7
# n=47 sym=rct4 status=verified source=flammenkamp_cache/n47_rct4.mvr
# code=mvr:0 15 0 18 1 30 1 33 2 21 2 27 3 3 3 11 4
0 15
0 18
1 30
1 33
2 21
2 27
3 3
3 11
4 11
4 26
5 24
5 34
6 24
6 34
7 9
7 18
8 13
8 32
9 10
9 39
10 31
10 37
11 42
11 43
12 5
12 6
13 1
13 38
14 8
14 23
15 10
15 46
16 1
16 26
17 21
17 27
18 39
18 46
19 2
19 17
20 4
20 16
21 29
21 44
22 5
22 6
23 14
23 32
24 40
24 41
25 2
25 17
26 30
26 42
27 29
27 44
28 0
28 7
29 19
29 25
30 20
30 45
31 0
31 36
32 23
32 38
33 8
33 45
34 40
34 41
35 3
35 4
36 9
36 15
37 7
37 36
38 14
38 33
39 28
39 37
40 12
40 22
41 12
41 22
42 20
42 35
43 35
43 43
44 19
44 25
45 13
45 16
46 28
46 31

# solution 8
# n=47 sym=rct4 status=verified source=flammenkamp_cache/n47_rct4.mvr
# code=mvr:0 21 0 24 1 18 1 33 2 21 2 39 3 29 3 31 
0 21
0 24
1 18
1 33
2 21
2 39
3 29
3 31
4 13
4 32
5 5
5 16
6 10
6 30
7 2
7 18
8 9
8 23
9 10
9 38
10 37
10 40
11 17
11 19
12 26
12 31
13 1
13 42
14 4
14 19
15 3
15 12
16 6
16 41
17 3
17 35
18 39
18 45
19 32
19 35
20 12
20 24
21 44
21 46
22 0
22 20
23 8
23 38
24 26
24 46
25 0
25 2
26 22
26 34
27 11
27 14
28 1
28 7
29 11
29 43
30 5
30 40
31 34
31 43
32 27
32 42
33 4
33 45
34 15
34 20
35 27
35 29
36 6
36 9
37 8
37 36
38 23
38 37
39 28
39 44
40 16
40 36
41 30
41 41
42 14
42 33
43 15
43 17
44 7
44 25
45 13
45 28
46 22
46 25

# solution 9
# n=47 sym=rct4 status=verified source=flammenkamp_cache/n47_rct4.mvr
# code=mvr:0 21 0 41 1 17 1 37 2 18 2 24 3 14 3 36 
0 21
0 41
1 17
1 37
2 18
2 24
3 14
3 36
4 24
4 30
5 0
5 40
6 5
6 15
7 21
7 26
8 32
8 35
9 1
9 36
10 3
10 9
11 8
11 11
12 29
12 31
13 19
13 26
14 8
14 43
15 12
15 40
16 4
16 28
17 12
17 45
18 16
18 44
19 23
19 33
20 7
20 13
21 39
21 46
22 2
22 4
23 19
23 27
24 42
24 44
25 0
25 7
26 33
26 39
27 13
27 23
28 2
28 30
29 1
29 34
30 18
30 42
31 6
31 34
32 3
32 38
33 20
33 27
34 15
34 17
35 35
35 38
36 37
36 43
37 10
37 45
38 11
38 14
39 20
39 25
40 31
40 41
41 6
41 46
42 16
42 22
43 10
43 32
44 22
44 28
45 9
45 29
46 5
46 25

# solution 10
# n=47 sym=rct4 status=verified source=flammenkamp_cache/n47_rct4.mvr
# code=mvr:0 12 0 27 1 21 1 22 2 13 2 37 3 13 3 31 
0 12
0 27
1 21
1 22
2 13
2 37
3 13
3 31
4 4
4 31
5 21
5 24
6 10
6 19
7 8
7 30
8 30
8 39
9 2
9 12
10 32
10 40
11 18
11 26
12 37
12 46
13 43
13 44
14 10
14 17
15 3
15 4
16 7
16 8
17 23
17 32
18 26
18 35
19 0
19 40
20 11
20 18
21 41
21 45
22 5
22 45
23 17
23 29
24 1
24 41
25 1
25 5
26 28
26 35
27 6
27 46
28 11
28 20
29 14
29 23
30 38
30 39
31 42
31 43
32 29
32 36
33 2
33 3
34 0
34 9
35 20
35 28
36 6
36 14
37 34
37 44
38 7
38 16
39 16
39 38
40 27
40 36
41 22
41 25
42 15
42 42
43 15
43 33
44 9
44 33
45 24
45 25
46 19
46 34

# solution 11
# n=47 sym=rct4 status=verified source=flammenkamp_cache/n47_rct4.mvr
# code=mvr:0 17 0 32 1 23 1 35 2 21 2 27 3 16 3 18 
0 17
0 32
1 23
1 35
2 21
2 27
3 16
3 18
4 30
4 31
5 34
5 40
6 5
6 8
7 9
7 15
8 34
8 40
9 19
9 39
10 13
10 18
11 1
11 11
12 5
12 8
13 22
13 36
14 0
14 26
15 4
15 39
16 4
16 43
17 24
17 46
18 36
18 43
19 2
19 37
20 14
20 25
21 20
21 44
22 17
22 33
23 1
23 45
24 13
24 29
25 2
25 26
26 21
26 32
27 9
27 44
28 3
28 10
29 0
29 22
30 3
30 42
31 7
31 42
32 20
32 46
33 10
33 24
34 38
34 41
35 35
35 45
36 28
36 33
37 7
37 27
38 6
38 12
39 31
39 37
40 38
40 41
41 6
41 12
42 15
42 16
43 28
43 30
44 19
44 25
45 11
45 23
46 14
46 29

# solution 12
# n=47 sym=rct4 status=verified source=flammenkamp_cache/n47_rct4.mvr
# code=mvr:0 18 0 24 1 25 1 33 2 2 2 29 3 24 3 36 4
0 18
0 24
1 25
1 33
2 2
2 29
3 24
3 36
4 10
4 16
5 11
5 19
6 26
6 29
7 35
7 38
8 7
8 12
9 14
9 20
10 3
10 42
11 7
11 41
12 31
12 38
13 1
13 23
14 27
14 37
15 12
15 30
16 15
16 42
17 2
17 6
18 25
18 46
19 14
19 41
20 6
20 37
21 1
21 18
22 0
22 3
23 13
23 33
24 43
24 46
25 28
25 45
26 9
26 40
27 5
27 32
28 0
28 21
29 40
29 44
30 4
30 31
31 16
31 34
32 9
32 19
33 23
33 45
34 8
34 15
35 5
35 39
36 4
36 43
37 26
37 32
38 34
38 39
39 8
39 11
40 17
40 20
41 27
41 35
42 30
42 36
43 10
43 22
44 17
44 44
45 13
45 21
46 22
46 28

# solution 13
# n=47 sym=rct4 status=verified source=flammenkamp_cache/n47_rct4.mvr
# code=mvr:0 15 0 19 1 5 1 33 2 17 2 21 3 12 3 27 4
0 15
0 19
1 5
1 33
2 17
2 21
3 12
3 27
4 22
4 29
5 5
5 45
6 20
6 32
7 16
7 28
8 9
8 16
9 35
9 38
10 24
10 31
11 9
11 33
12 18
12 43
13 1
13 11
14 6
14 25
15 10
15 46
16 38
16 39
17 4
17 44
18 7
18 34
19 3
19 46
20 23
20 40
21 14
21 44
22 10
22 42
23 20
23 26
24 4
24 36
25 2
25 32
26 6
26 23
27 0
27 43
28 12
28 39
29 2
29 42
30 7
30 8
31 0
31 36
32 21
32 40
33 35
33 45
34 3
34 28
35 13
35 37
36 15
36 22
37 8
37 11
38 30
38 37
39 18
39 30
40 14
40 26
41 1
41 41
42 17
42 24
43 19
43 34
44 25
44 29
45 13
45 41
46 27
46 31

# solution 14
# n=47 sym=rct4 status=verified source=flammenkamp_cache/n47_rct4.mvr
# code=mvr:0 21 0 34 1 29 1 39 2 15 2 19 3 25 3 34 
0 21
0 34
1 29
1 39
2 15
2 19
3 25
3 34
4 6
4 8
5 10
5 20
6 18
6 42
7 1
7 22
8 31
8 42
9 23
9 28
10 33
10 41
11 11
11 17
12 0
12 3
13 10
13 14
14 30
14 33
15 8
15 44
16 14
16 20
17 1
17 35
18 9
18 40
19 24
19 44
20 30
20 41
21 3
21 46
22 19
22 39
23 9
23 37
24 7
24 27
25 0
25 43
26 5
26 16
27 2
27 22
28 6
28 37
29 11
29 45
30 26
30 32
31 2
31 38
32 13
32 16
33 32
33 36
34 43
34 46
35 29
35 35
36 5
36 13
37 18
37 23
38 4
38 15
39 24
39 45
40 4
40 28
41 26
41 36
42 38
42 40
43 12
43 21
44 27
44 31
45 7
45 17
46 12
46 25

# solution 15
# n=47 sym=rct4 status=verified source=flammenkamp_cache/n47_rct4.mvr
# code=mvr:0 17 0 21 1 13 1 29 2 30 2 38 3 20 3 42 
0 17
0 21
1 13
1 29
2 30
2 38
3 20
3 42
4 3
4 28
5 28
5 32
6 10
6 25
7 9
7 33
8 2
8 16
9 36
9 39
10 9
10 40
11 15
11 19
12 12
12 22
13 7
13 45
14 5
14 19
15 24
15 35
16 2
16 38
17 1
17 46
18 4
18 5
19 32
19 35
20 23
20 43
21 6
21 46
22 15
22 34
23 20
23 26
24 12
24 31
25 0
25 40
26 3
26 23
27 11
27 14
28 41
28 42
29 0
29 45
30 8
30 44
31 11
31 22
32 27
32 41
33 1
33 39
34 24
34 34
35 27
35 31
36 6
36 37
37 7
37 10
38 30
38 44
39 13
39 37
40 21
40 36
41 14
41 18
42 18
42 43
43 4
43 26
44 8
44 16
45 17
45 33
46 25
46 29

# solution 16
# n=47 sym=rct4 status=verified source=flammenkamp_cache/n47_rct4.mvr
# code=mvr:0 19 0 21 1 9 1 15 2 15 2 33 3 23 3 27 4
0 19
0 21
1 9
1 15
2 15
2 33
3 23
3 27
4 16
4 35
5 20
5 35
6 14
6 38
7 26
7 32
8 6
8 36
9 9
9 45
10 8
10 22
11 4
11 5
12 17
12 28
13 2
13 16
14 7
14 40
15 44
15 45
16 33
16 42
17 28
17 34
18 12
18 17
19 3
19 46
20 7
20 41
21 24
21 46
22 21
22 36
23 3
23 43
24 10
24 25
25 0
25 22
26 5
26 39
27 0
27 43
28 29
28 34
29 12
29 18
30 4
30 13
31 1
31 2
32 6
32 39
33 30
33 44
34 18
34 29
35 41
35 42
36 24
36 38
37 1
37 37
38 10
38 40
39 14
39 20
40 8
40 32
41 11
41 26
42 11
42 30
43 19
43 23
44 13
44 31
45 31
45 37
46 25
46 27

# solution 17
# n=47 sym=rct4 status=verified source=flammenkamp_cache/n47_rct4.mvr
# code=mvr:0 25 0 29 1 20 1 34 2 10 2 13 3 11 3 38 
0 25
0 29
1 20
1 34
2 10
2 13
3 11
3 38
4 7
4 27
5 25
5 37
6 18
6 24
7 30
7 42
8 3
8 8
9 5
9 15
10 34
10 44
11 31
11 43
12 1
12 10
13 20
13 44
14 17
14 27
15 11
15 37
16 7
16 28
17 0
17 32
18 16
18 40
19 4
19 14
20 33
20 45
21 0
21 5
22 6
22 23
23 22
23 24
24 23
24 40
25 41
25 46
26 1
26 13
27 32
27 42
28 6
28 30
29 14
29 46
30 18
30 39
31 9
31 35
32 19
32 29
33 2
33 26
34 36
34 45
35 3
35 15
36 2
36 12
37 31
37 41
38 38
38 43
39 4
39 16
40 22
40 28
41 9
41 21
42 19
42 39
43 8
43 35
44 33
44 36
45 12
45 26
46 17
46 21

# solution 18
# n=47 sym=rct4 status=verified source=flammenkamp_cache/n47_rct4.mvr
# code=mvr:0 20 0 21 1 9 1 40 2 25 2 28 3 14 3 35 4
0 20
0 21
1 9
1 40
2 25
2 28
3 14
3 35
4 20
4 24
5 8
5 11
6 1
6 28
7 10
7 16
8 8
8 41
9 27
9 45
10 19
10 39
11 3
11 41
12 13
12 24
13 32
13 34
14 13
14 43
15 17
15 29
16 23
16 39
17 15
17 31
18 2
18 6
19 9
19 36
20 42
20 46
21 2
21 46
22 4
22 12
23 16
23 30
24 34
24 42
25 0
25 44
26 0
26 4
27 10
27 37
28 40
28 44
29 15
29 31
30 7
30 23
31 17
31 29
32 3
32 33
33 12
33 14
34 22
34 33
35 5
35 43
36 7
36 27
37 1
37 19
38 5
38 38
39 30
39 36
40 18
40 45
41 35
41 38
42 22
42 26
43 11
43 32
44 18
44 21
45 6
45 37
46 25
46 26

# solution 19
# n=47 sym=rct4 status=verified source=flammenkamp_cache/n47_rct4.mvr
# code=mvr:0 26 0 34 1 1 1 37 2 16 2 24 3 21 3 27 4
0 26
0 34
1 1
1 37
2 16
2 24
3 21
3 27
4 17
4 35
5 6
5 34
6 31
6 41
7 11
7 13
8 14
8 24
9 1
9 10
10 27
10 37
11 4
11 39
12 0
12 5
13 18
13 39
14 29
14 38
15 6
15 28
16 20
16 44
17 14
17 42
18 15
18 33
19 3
19 10
20 0
20 30
21 23
21 43
22 2
22 8
23 21
23 25
24 38
24 44
25 3
25 23
26 16
26 46
27 36
27 43
28 13
28 31
29 4
29 32
30 2
30 26
31 18
31 40
32 8
32 17
33 7
33 28
34 41
34 46
35 7
35 42
36 9
36 19
37 36
37 45
38 22
38 32
39 33
39 35
40 5
40 15
41 12
41 40
42 11
42 29
43 19
43 25
44 22
44 30
45 9
45 45
46 12
46 20

# solution 20
# n=47 sym=rct4 status=verified source=flammenkamp_cache/n47_rct4.mvr
# code=mvr:0 24 0 37 1 24 1 25 2 34 2 40 3 30 3 41 
0 24
0 37
1 24
1 25
2 34
2 40
3 30
3 41
4 14
4 16
5 3
5 19
6 2
6 6
7 13
7 28
8 23
8 26
9 0
9 10
10 17
10 37
11 18
11 31
12 2
12 29
13 14
13 39
14 33
14 42
15 11
15 20
16 3
16 42
17 12
17 36
18 7
18 35
19 25
19 41
20 8
20 31
21 1
21 19
22 0
22 1
23 8
23 38
24 45
24 46
25 27
25 45
26 15
26 38
27 5
27 21
28 11
28 39
29 10
29 34
30 4
30 43
31 26
31 35
32 4
32 13
33 7
33 32
34 17
34 44
35 15
35 28
36 9
36 29
37 36
37 46
38 20
38 23
39 18
39 33
40 40
40 44
41 27
41 43
42 30
42 32
43 5
43 16
44 6
44 12
45 21
45 22
46 9
46 22

# solution 21
# n=47 sym=rct4 status=verified source=flammenkamp_cache/n47_rct4.mvr
# code=mvr:0 19 0 26 1 16 1 31 2 2 2 22 3 25 3 30 4
0 19
0 26
1 16
1 31
2 2
2 22
3 25
3 30
4 14
4 33
5 7
5 8
6 9
6 29
7 14
7 41
8 29
8 41
9 26
9 40
10 12
10 35
11 10
11 12
12 35
12 36
13 4
13 21
14 39
14 42
15 1
15 19
16 3
16 45
17 6
17 8
18 23
18 24
19 31
19 46
20 0
20 9
21 3
21 33
22 18
22 44
23 18
23 28
24 2
24 28
25 13
25 43
26 37
26 46
27 0
27 15
28 22
28 23
29 38
29 40
30 1
30 43
31 27
31 45
32 4
32 7
33 25
33 42
34 10
34 11
35 34
35 36
36 11
36 34
37 6
37 20
38 5
38 17
39 5
39 32
40 17
40 37
41 38
41 39
42 13
42 32
43 16
43 21
44 24
44 44
45 15
45 30
46 20
46 27

# solution 22
# n=47 sym=rct4 status=verified source=flammenkamp_cache/n47_rct4.mvr
# code=mvr:0 17 0 24 1 6 1 21 2 11 2 14 3 10 3 28 4
0 17
0 24
1 6
1 21
2 11
2 14
3 10
3 28
4 34
4 35
5 5
5 28
6 15
6 45
7 13
7 19
8 9
8 30
9 24
9 38
10 20
10 43
11 4
11 44
12 4
12 23
13 19
13 39
14 16
14 44
15 17
15 40
16 8
16 32
17 31
17 46
18 3
18 5
19 33
19 39
20 21
20 36
21 26
21 45
22 0
22 9
23 12
23 34
24 37
24 46
25 1
25 20
26 10
26 25
27 7
27 13
28 41
28 43
29 0
29 15
30 14
30 38
31 6
31 29
32 2
32 30
33 7
33 27
34 23
34 42
35 2
35 42
36 3
36 26
37 8
37 22
38 16
38 37
39 27
39 33
40 1
40 31
41 18
41 41
42 11
42 12
43 18
43 36
44 32
44 35
45 25
45 40
46 22
46 29

# solution 23
# n=47 sym=rct4 status=verified source=flammenkamp_cache/n47_rct4.mvr
# code=mvr:0 27 0 30 1 6 1 41 2 2 2 8 3 23 3 35 4 1
0 27
0 30
1 6
1 41
2 2
2 8
3 23
3 35
4 17
4 21
5 1
5 38
6 28
6 45
7 17
7 30
8 5
8 44
9 12
9 26
10 15
10 22
11 3
11 12
12 35
12 37
13 26
13 31
14 18
14 24
15 13
15 36
16 0
16 7
17 39
17 42
18 6
18 32
19 0
19 21
20 9
20 13
21 27
21 42
22 14
22 36
23 3
23 43
24 10
24 32
25 4
25 19
26 33
26 37
27 25
27 46
28 14
28 40
29 4
29 7
30 39
30 46
31 10
31 33
32 22
32 28
33 15
33 20
34 9
34 11
35 34
35 43
36 24
36 31
37 20
37 34
38 2
38 41
39 16
39 29
40 1
40 18
41 8
41 45
42 25
42 29
43 11
43 23
44 38
44 44
45 5
45 40
46 16
46 19

# solution 24
# n=47 sym=rct4 status=verified source=flammenkamp_cache/n47_rct4.mvr
# code=mvr:0 14 0 41 1 19 1 35 2 19 2 21 3 22 3 42 
0 14
0 41
1 19
1 35
2 19
2 21
3 22
3 42
4 3
4 32
5 0
5 16
6 24
6 36
7 36
7 37
8 29
8 31
9 7
9 9
10 6
10 7
11 1
11 23
12 18
12 20
13 26
13 28
14 4
14 46
15 8
15 16
16 31
16 41
17 8
17 25
18 13
18 34
19 44
19 45
20 13
20 34
21 17
21 44
22 6
22 43
23 11
23 35
24 3
24 40
25 2
25 29
26 12
26 33
27 1
27 2
28 12
28 33
29 21
29 38
30 5
30 15
31 30
31 38
32 0
32 42
33 18
33 20
34 26
34 28
35 23
35 45
36 39
36 40
37 37
37 39
38 15
38 17
39 9
39 10
40 10
40 22
41 30
41 46
42 14
42 43
43 4
43 24
44 25
44 27
45 11
45 27
46 5
46 32

# solution 25
# n=47 sym=rct4 status=verified source=flammenkamp_cache/n47_rct4.mvr
# code=mvr:0 10 0 19 1 17 1 31 2 25 2 30 3 10 3 34 
0 10
0 19
1 17
1 31
2 25
2 30
3 10
3 34
4 12
4 24
5 8
5 20
6 14
6 35
7 28
7 33
8 37
8 41
9 8
9 24
10 43
10 46
11 6
11 29
12 3
12 42
13 7
13 13
14 16
14 40
15 1
15 18
16 2
16 32
17 11
17 45
18 7
18 31
19 23
19 46
20 25
20 41
21 2
21 20
22 4
22 9
23 19
23 27
24 37
24 42
25 26
25 44
26 5
26 21
27 0
27 23
28 15
28 39
29 1
29 35
30 14
30 44
31 28
31 45
32 6
32 30
33 33
33 39
34 4
34 43
35 17
35 40
36 0
36 3
37 22
37 38
38 5
38 9
39 13
39 18
40 11
40 32
41 26
41 38
42 22
42 34
43 12
43 36
44 16
44 21
45 15
45 29
46 27
46 36

# solution 26
# n=47 sym=rct4 status=verified source=flammenkamp_cache/n47_rct4.mvr
# code=mvr:0 10 0 19 1 29 1 31 2 25 2 30 3 10 3 34 
0 10
0 19
1 29
1 31
2 25
2 30
3 10
3 34
4 12
4 24
5 8
5 20
6 14
6 35
7 28
7 33
8 37
8 41
9 8
9 24
10 43
10 46
11 6
11 29
12 3
12 42
13 7
13 13
14 16
14 40
15 1
15 18
16 2
16 32
17 1
17 11
18 7
18 31
19 23
19 46
20 25
20 41
21 2
21 20
22 4
22 9
23 19
23 27
24 37
24 42
25 26
25 44
26 5
26 21
27 0
27 23
28 15
28 39
29 35
29 45
30 14
30 44
31 28
31 45
32 6
32 30
33 33
33 39
34 4
34 43
35 17
35 40
36 0
36 3
37 22
37 38
38 5
38 9
39 13
39 18
40 11
40 32
41 26
41 38
42 22
42 34
43 12
43 36
44 16
44 21
45 15
45 17
46 27
46 36

# solution 27
# n=47 sym=rct4 status=verified source=flammenkamp_cache/n47_rct4.mvr
# code=mvr:0 7 0 19 1 22 1 25 2 13 2 36 3 14 3 19 4
0 7
0 19
1 22
1 25
2 13
2 36
3 14
3 19
4 20
4 30
5 7
5 28
6 12
6 15
7 41
7 46
8 25
8 37
9 8
9 29
10 2
10 24
11 20
11 28
12 15
12 40
13 23
13 44
14 29
14 43
15 34
15 40
16 4
16 16
17 9
17 14
18 5
18 11
19 43
19 46
20 35
20 42
21 1
21 8
22 10
22 45
23 13
23 33
24 1
24 36
25 38
25 45
26 4
26 11
27 0
27 3
28 35
28 41
29 32
29 37
30 30
30 42
31 6
31 12
32 3
32 17
33 2
33 23
34 6
34 31
35 18
35 26
36 22
36 44
37 17
37 38
38 9
38 21
39 0
39 5
40 31
40 34
41 18
41 39
42 16
42 26
43 27
43 32
44 10
44 33
45 21
45 24
46 27
46 39

# solution 28
# n=47 sym=rct4 status=verified source=flammenkamp_cache/n47_rct4.mvr
# code=mvr:0 15 0 33 1 17 1 33 2 17 2 22 3 24 3 30 
0 15
0 33
1 17
1 33
2 17
2 22
3 24
3 30
4 34
4 40
5 12
5 23
6 4
6 9
7 10
7 28
8 8
8 30
9 14
9 40
10 19
10 39
11 21
11 31
12 4
12 41
13 0
13 1
14 28
14 37
15 11
15 46
16 3
16 8
17 44
17 45
18 7
18 14
19 20
19 36
20 21
20 27
21 26
21 35
22 3
22 44
23 5
23 41
24 2
24 43
25 11
25 20
26 19
26 25
27 10
27 26
28 32
28 39
29 1
29 2
30 38
30 43
31 0
31 35
32 9
32 18
33 45
33 46
34 5
34 42
35 15
35 25
36 7
36 27
37 6
37 32
38 16
38 38
39 18
39 36
40 37
40 42
41 23
41 34
42 6
42 12
43 16
43 22
44 24
44 29
45 13
45 29
46 13
46 31

# solution 29
# n=47 sym=rct4 status=verified source=flammenkamp_cache/n47_rct4.mvr
# code=mvr:0 21 0 22 1 15 1 33 2 20 2 25 3 31 3 36 
0 21
0 22
1 15
1 33
2 20
2 25
3 31
3 36
4 8
4 13
5 27
5 40
6 5
6 11
7 16
7 20
8 12
8 42
9 16
9 24
10 3
10 18
11 19
11 40
12 32
12 38
13 1
13 42
14 12
14 29
15 3
15 45
16 37
16 39
17 14
17 23
18 18
18 36
19 5
19 35
20 39
20 44
21 2
21 46
22 9
22 46
23 17
23 29
24 0
24 37
25 0
25 44
26 2
26 7
27 11
27 41
28 10
28 28
29 23
29 32
30 7
30 9
31 1
31 43
32 17
32 34
33 4
33 45
34 8
34 14
35 6
35 27
36 28
36 43
37 22
37 30
38 4
38 34
39 26
39 30
40 35
40 41
41 6
41 19
42 33
42 38
43 10
43 15
44 21
44 26
45 13
45 31
46 24
46 25

# solution 30
# n=47 sym=rct4 status=verified source=flammenkamp_cache/n47_rct4.mvr
# code=mvr:0 16 0 31 1 14 1 20 2 11 2 19 3 25 3 33 
0 16
0 31
1 14
1 20
2 11
2 19
3 25
3 33
4 27
4 38
5 7
5 28
6 14
6 22
7 36
7 41
8 4
8 12
9 16
9 20
10 7
10 15
11 33
11 44
12 24
12 38
13 3
13 11
14 40
14 45
15 0
15 36
16 37
16 46
17 17
17 23
18 5
18 25
19 4
19 44
20 37
20 45
21 3
21 18
22 12
22 40
23 17
23 29
24 6
24 34
25 28
25 43
26 1
26 9
27 2
27 42
28 21
28 41
29 23
29 29
30 0
30 9
31 10
31 46
32 1
32 6
33 35
33 43
34 8
34 22
35 2
35 13
36 31
36 39
37 26
37 30
38 34
38 42
39 5
39 10
40 24
40 32
41 18
41 39
42 8
42 19
43 13
43 21
44 27
44 35
45 26
45 32
46 15
46 30

# solution 31
# n=47 sym=rct4 status=verified source=flammenkamp_cache/n47_rct4.mvr
# code=mvr:0 14 0 34 1 10 1 20 2 27 2 31 3 16 3 27 
0 14
0 34
1 10
1 20
2 27
2 31
3 16
3 27
4 21
4 22
5 39
5 40
6 5
6 35
7 5
7 29
8 15
8 16
9 28
9 33
10 24
10 45
11 6
11 29
12 0
12 28
13 9
13 13
14 21
14 46
15 2
15 38
16 38
16 43
17 7
17 11
18 9
18 12
19 2
19 3
20 23
20 45
21 32
21 42
22 10
22 42
23 20
23 26
24 4
24 36
25 4
25 14
26 1
26 23
27 43
27 44
28 34
28 37
29 35
29 39
30 3
30 8
31 8
31 44
32 0
32 25
33 33
33 37
34 18
34 46
35 17
35 40
36 1
36 22
37 13
37 18
38 30
38 31
39 17
39 41
40 11
40 41
41 6
41 7
42 24
42 25
43 19
43 30
44 15
44 19
45 26
45 36
46 12
46 32

# solution 32
# n=47 sym=rct4 status=verified source=flammenkamp_cache/n47_rct4.mvr
# code=mvr:0 17 0 31 1 19 1 24 2 5 2 8 3 25 3 30 4 
0 17
0 31
1 19
1 24
2 5
2 8
3 25
3 30
4 30
4 35
5 8
5 44
6 10
6 12
7 18
7 26
8 41
8 44
9 23
9 32
10 26
10 40
11 4
11 15
12 19
12 40
13 21
13 32
14 9
14 13
15 0
15 35
16 3
16 4
17 28
17 46
18 17
18 39
19 34
19 45
20 7
20 10
21 3
21 33
22 1
22 22
23 9
23 37
24 24
24 45
25 13
25 43
26 36
26 39
27 1
27 12
28 7
28 29
29 0
29 18
30 42
30 43
31 11
31 46
32 33
32 37
33 14
33 25
34 6
34 27
35 31
35 42
36 6
36 20
37 14
37 23
38 2
38 5
39 20
39 28
40 34
40 36
41 2
41 38
42 11
42 16
43 16
43 21
44 38
44 41
45 22
45 27
46 15
46 29

# solution 33
# n=47 sym=rct4 status=verified source=flammenkamp_cache/n47_rct4.mvr
# code=mvr:0 23 0 28 1 17 1 25 2 15 2 35 3 27 3 33 
0 23
0 28
1 17
1 25
2 15
2 35
3 27
3 33
4 9
4 10
5 7
5 16
6 6
6 21
7 20
7 41
8 12
8 29
9 12
9 42
10 24
10 42
11 2
11 14
12 37
12 38
13 3
13 19
14 24
14 35
15 16
15 44
16 31
16 41
17 8
17 45
18 0
18 20
19 3
19 33
20 28
20 39
21 1
21 40
22 10
22 14
23 0
23 46
24 32
24 36
25 6
25 45
26 7
26 18
27 13
27 43
28 26
28 46
29 1
29 38
30 5
30 15
31 2
31 30
32 11
32 22
33 27
33 43
34 8
34 9
35 32
35 44
36 4
36 22
37 4
37 34
38 17
38 34
39 5
39 26
40 25
40 40
41 30
41 39
42 36
42 37
43 13
43 19
44 11
44 31
45 21
45 29
46 18
46 23

# solution 34
# n=47 sym=rct4 status=verified source=flammenkamp_cache/n47_rct4.mvr
# code=mvr:0 6 0 19 1 24 1 32 2 17 2 20 3 32 3 39 4
0 6
0 19
1 24
1 32
2 17
2 20
3 32
3 39
4 11
4 25
5 17
5 31
6 21
6 46
7 3
7 9
8 30
8 34
9 9
9 39
10 30
10 33
11 33
11 42
12 8
12 24
13 10
13 11
14 1
14 3
15 5
15 18
16 8
16 10
17 41
17 44
18 23
18 31
19 20
19 46
20 27
20 44
21 4
21 40
22 1
22 12
23 18
23 28
24 34
24 45
25 6
25 42
26 2
26 19
27 0
27 26
28 15
28 23
29 2
29 5
30 36
30 38
31 28
31 41
32 43
32 45
33 35
33 36
34 22
34 38
35 4
35 13
36 13
36 16
37 7
37 37
38 12
38 16
39 37
39 43
40 0
40 25
41 15
41 29
42 21
42 35
43 7
43 14
44 26
44 29
45 14
45 22
46 27
46 40

# solution 35
# n=47 sym=rct4 status=verified source=flammenkamp_cache/n47_rct4.mvr
# code=mvr:0 17 0 22 1 3 1 12 2 23 2 25 3 30 3 45 4
0 17
0 22
1 3
1 12
2 23
2 25
3 30
3 45
4 12
4 26
5 11
5 30
6 14
6 39
7 6
7 36
8 31
8 36
9 21
9 24
10 7
10 8
11 31
11 41
12 42
12 45
13 13
13 19
14 28
14 40
15 8
15 11
16 3
16 5
17 26
17 46
18 14
18 19
19 28
19 33
20 4
20 17
21 2
21 37
22 9
22 46
23 2
23 44
24 0
24 37
25 9
25 44
26 29
26 42
27 13
27 18
28 27
28 32
29 0
29 20
30 41
30 43
31 35
31 38
32 6
32 18
33 27
33 33
34 1
34 4
35 5
35 15
36 38
36 39
37 22
37 25
38 10
38 15
39 10
39 40
40 7
40 32
41 16
41 35
42 20
42 34
43 1
43 16
44 21
44 23
45 34
45 43
46 24
46 29

# solution 36
# n=47 sym=rct4 status=verified source=flammenkamp_cache/n47_rct4.mvr
# code=mvr:0 12 0 32 1 27 1 28 2 18 2 25 3 13 3 37 
0 12
0 32
1 27
1 28
2 18
2 25
3 13
3 37
4 17
4 40
5 5
5 30
6 4
6 10
7 20
7 24
8 29
8 37
9 3
9 8
10 25
10 40
11 14
11 34
12 11
12 46
13 31
13 43
14 0
14 35
15 13
15 23
16 5
16 20
17 8
17 42
18 1
18 44
19 1
19 24
20 30
20 39
21 2
21 10
22 7
22 19
23 15
23 31
24 27
24 39
25 36
25 44
26 7
26 16
27 22
27 45
28 2
28 45
29 4
29 38
30 26
30 41
31 23
31 33
32 11
32 46
33 3
33 15
34 0
34 35
35 12
35 32
36 6
36 21
37 38
37 43
38 9
38 17
39 22
39 26
40 36
40 42
41 16
41 41
42 6
42 29
43 9
43 33
44 21
44 28
45 18
45 19
46 14
46 34

# solution 37
# n=47 sym=rct4 status=verified source=flammenkamp_cache/n47_rct4.mvr
# code=mvr:0 28 0 33 1 13 1 25 2 15 2 21 3 24 3 34 
0 28
0 33
1 13
1 25
2 15
2 21
3 24
3 34
4 10
4 40
5 6
5 27
6 4
6 41
7 24
7 27
8 14
8 34
9 11
9 30
10 35
10 42
11 10
11 37
12 3
12 8
13 0
13 45
14 17
14 38
15 23
15 44
16 9
16 20
17 20
17 32
18 0
18 18
19 5
19 7
20 29
20 30
21 1
21 44
22 3
22 7
23 15
23 31
24 39
24 43
25 2
25 45
26 16
26 17
27 39
27 41
28 28
28 46
29 14
29 26
30 26
30 37
31 2
31 23
32 8
32 29
33 1
33 46
34 38
34 43
35 9
35 36
36 4
36 11
37 16
37 35
38 12
38 32
39 19
39 22
40 5
40 42
41 19
41 40
42 6
42 36
43 12
43 22
44 25
44 31
45 21
45 33
46 13
46 18

# solution 38
# n=47 sym=rct4 status=verified source=flammenkamp_cache/n47_rct4.mvr
# code=mvr:0 9 0 21 1 19 1 43 2 13 2 15 3 1 3 10 4 
0 9
0 21
1 19
1 43
2 13
2 15
3 1
3 10
4 26
4 30
5 5
5 8
6 24
6 35
7 16
7 20
8 14
8 41
9 29
9 46
10 21
10 43
11 6
11 18
12 29
12 32
13 23
13 44
14 12
14 38
15 19
15 44
16 4
16 39
17 9
17 12
18 24
18 35
19 31
19 45
20 4
20 39
21 36
21 46
22 6
22 18
23 13
23 33
24 28
24 40
25 0
25 10
26 7
26 42
27 1
27 15
28 11
28 22
29 34
29 37
30 7
30 42
31 2
31 27
32 8
32 34
33 2
33 23
34 14
34 17
35 28
35 40
36 3
36 25
37 0
37 17
38 5
38 32
39 26
39 30
40 11
40 22
41 38
41 41
42 16
42 20
43 36
43 45
44 31
44 33
45 3
45 27
46 25
46 37

# solution 39
# n=47 sym=rct4 status=verified source=flammenkamp_cache/n47_rct4.mvr
# code=mvr:0 9 0 21 1 3 1 19 2 13 2 15 3 10 3 45 4 
0 9
0 21
1 3
1 19
2 13
2 15
3 10
3 45
4 26
4 30
5 5
5 8
6 24
6 35
7 16
7 20
8 14
8 41
9 29
9 46
10 21
10 43
11 6
11 18
12 29
12 32
13 23
13 44
14 12
14 38
15 19
15 44
16 4
16 39
17 9
17 12
18 24
18 35
19 31
19 45
20 4
20 39
21 36
21 46
22 6
22 18
23 13
23 33
24 28
24 40
25 0
25 10
26 7
26 42
27 1
27 15
28 11
28 22
29 34
29 37
30 7
30 42
31 2
31 27
32 8
32 34
33 2
33 23
34 14
34 17
35 28
35 40
36 3
36 25
37 0
37 17
38 5
38 32
39 26
39 30
40 11
40 22
41 38
41 41
42 16
42 20
43 1
43 36
44 31
44 33
45 27
45 43
46 25
46 37

# solution 40
# n=47 sym=rct4 status=verified source=flammenkamp_cache/n47_rct4.mvr
# code=mvr:0 12 0 24 1 19 1 24 2 13 2 27 3 18 3 21 
0 12
0 24
1 19
1 24
2 13
2 27
3 18
3 21
4 5
4 34
5 38
5 42
6 6
6 10
7 20
7 30
8 5
8 10
9 23
9 29
10 38
10 40
11 15
11 18
12 4
12 46
13 32
13 44
14 13
14 29
15 20
15 35
16 7
16 21
17 9
17 14
18 35
18 43
19 2
19 45
20 31
20 39
21 30
21 43
22 0
22 1
23 9
23 37
24 45
24 46
25 3
25 16
26 7
26 15
27 1
27 44
28 3
28 11
29 32
29 37
30 25
30 39
31 11
31 26
32 17
32 33
33 2
33 14
34 0
34 42
35 28
35 31
36 6
36 8
37 17
37 23
38 36
38 41
39 16
39 26
40 36
40 40
41 4
41 8
42 12
42 41
43 25
43 28
44 19
44 33
45 22
45 27
46 22
46 34

# solution 41
# n=47 sym=rct4 status=verified source=flammenkamp_cache/n47_rct4.mvr
# code=mvr:0 5 0 30 1 21 1 35 2 25 2 30 3 13 3 14 4
0 5
0 30
1 21
1 35
2 25
2 30
3 13
3 14
4 27
4 29
5 22
5 46
6 13
6 37
7 27
7 36
8 12
8 26
9 6
9 20
10 7
10 10
11 1
11 29
12 28
12 38
13 40
13 43
14 18
14 43
15 23
15 24
16 0
16 2
17 4
17 11
18 12
18 32
19 4
19 7
20 8
20 37
21 2
21 45
22 15
22 41
23 15
23 31
24 5
24 31
25 1
25 44
26 9
26 38
27 39
27 42
28 14
28 34
29 35
29 42
30 44
30 46
31 22
31 23
32 3
32 28
33 3
33 6
34 8
34 18
35 17
35 45
36 36
36 39
37 26
37 40
38 20
38 34
39 10
39 19
40 9
40 33
41 0
41 24
42 17
42 19
43 32
43 33
44 16
44 21
45 11
45 25
46 16
46 41

# solution 42
# n=47 sym=rct4 status=verified source=flammenkamp_cache/n47_rct4.mvr
# code=mvr:0 7 0 27 1 17 1 24 2 11 2 25 3 17 3 23 4
0 7
0 27
1 17
1 24
2 11
2 25
3 17
3 23
4 13
4 18
5 5
5 11
6 13
6 30
7 37
7 46
8 30
8 34
9 7
9 34
10 14
10 25
11 41
11 44
12 8
12 9
13 40
13 42
14 31
14 36
15 14
15 26
16 6
16 8
17 43
17 45
18 26
18 42
19 0
19 24
20 15
20 18
21 2
21 10
22 1
22 19
23 3
23 43
24 27
24 45
25 36
25 44
26 28
26 31
27 22
27 46
28 4
28 20
29 1
29 3
30 38
30 40
31 20
31 32
32 10
32 15
33 4
33 6
34 37
34 38
35 2
35 5
36 21
36 32
37 12
37 39
38 12
38 16
39 0
39 9
40 16
40 33
41 35
41 41
42 28
42 33
43 23
43 29
44 21
44 35
45 22
45 29
46 19
46 39

# solution 43
# n=47 sym=rct4 status=verified source=flammenkamp_cache/n47_rct4.mvr
# code=mvr:0 18 0 21 1 23 1 41 2 10 2 35 3 34 3 35 
0 18
0 21
1 23
1 41
2 10
2 35
3 34
3 35
4 19
4 28
5 1
5 8
6 10
6 24
7 8
7 32
8 39
8 41
9 20
9 24
10 40
10 44
11 2
11 3
12 3
12 17
13 13
13 20
14 7
14 16
15 21
15 29
16 19
16 32
17 15
17 34
18 4
18 46
19 30
19 42
20 33
20 37
21 31
21 46
22 6
22 9
23 1
23 45
24 37
24 40
25 0
25 15
26 9
26 13
27 4
27 16
28 0
28 42
29 12
29 31
30 14
30 27
31 17
31 25
32 30
32 39
33 26
33 33
34 29
34 43
35 43
35 44
36 2
36 6
37 22
37 26
38 5
38 7
39 14
39 38
40 22
40 36
41 38
41 45
42 18
42 27
43 11
43 12
44 11
44 36
45 5
45 23
46 25
46 28

# solution 44
# n=47 sym=rct4 status=verified source=flammenkamp_cache/n47_rct4.mvr
# code=mvr:0 12 0 30 1 24 1 26 2 14 2 24 3 11 3 36 
0 12
0 30
1 24
1 26
2 14
2 24
3 11
3 36
4 31
4 32
5 6
5 27
6 11
6 41
7 15
7 25
8 17
8 27
9 33
9 36
10 3
10 9
11 40
11 43
12 18
12 46
13 9
13 30
14 4
14 44
15 4
15 39
16 0
16 13
17 26
17 38
18 18
18 34
19 5
19 8
20 1
20 17
21 7
21 23
22 1
22 2
23 21
23 25
24 44
24 45
25 23
25 39
26 29
26 45
27 38
27 41
28 12
28 28
29 8
29 20
30 33
30 46
31 7
31 42
32 2
32 42
33 16
33 37
34 0
34 28
35 3
35 6
36 37
36 43
37 10
37 13
38 19
38 29
39 21
39 31
40 5
40 35
41 19
41 40
42 14
42 15
43 10
43 35
44 22
44 32
45 20
45 22
46 16
46 34

# solution 45
# n=47 sym=rct4 status=verified source=flammenkamp_cache/n47_rct4.mvr
# code=mvr:0 21 0 33 1 19 1 28 2 15 2 41 3 21 3 23 
0 21
0 33
1 19
1 28
2 15
2 41
3 21
3 23
4 4
4 14
5 2
5 22
6 11
6 32
7 34
7 37
8 10
8 16
9 7
9 12
10 29
10 38
11 20
11 40
12 7
12 37
13 0
13 29
14 6
14 42
15 16
15 44
16 31
16 38
17 10
17 13
18 1
18 24
19 26
19 45
20 19
20 35
21 43
21 46
22 18
22 41
23 3
23 43
24 5
24 28
25 0
25 3
26 11
26 27
27 1
27 20
28 22
28 45
29 33
29 36
30 8
30 15
31 2
31 30
32 4
32 40
33 17
33 46
34 9
34 39
35 6
35 26
36 8
36 17
37 34
37 39
38 30
38 36
39 9
39 12
40 14
40 35
41 24
41 44
42 32
42 42
43 23
43 25
44 5
44 31
45 18
45 27
46 13
46 25

# solution 46
# n=47 sym=rct4 status=verified source=flammenkamp_cache/n47_rct4.mvr
# code=mvr:0 25 0 29 1 10 1 21 2 12 2 32 3 6 3 28 4
0 25
0 29
1 10
1 21
2 12
2 32
3 6
3 28
4 19
4 28
5 19
5 39
6 13
6 43
7 5
7 23
8 10
8 11
9 31
9 32
10 38
10 45
11 22
11 38
12 16
12 44
13 20
13 40
14 2
14 9
15 9
15 26
16 24
16 34
17 0
17 17
18 3
18 4
19 41
19 42
20 15
20 33
21 0
21 45
22 16
22 35
23 7
23 39
24 11
24 30
25 1
25 46
26 13
26 31
27 4
27 5
28 42
28 43
29 29
29 46
30 12
30 22
31 20
31 37
32 37
32 44
33 6
33 26
34 2
34 30
35 8
35 24
36 1
36 8
37 14
37 15
38 35
38 36
39 23
39 41
40 3
40 33
41 7
41 27
42 18
42 27
43 18
43 40
44 14
44 34
45 25
45 36
46 17
46 21

# solution 47
# n=47 sym=rct4 status=verified source=flammenkamp_cache/n47_rct4.mvr
# code=mvr:0 22 0 31 1 34 1 38 2 14 2 23 3 9 3 21 4
0 22
0 31
1 34
1 38
2 14
2 23
3 9
3 21
4 18
4 30
5 14
5 30
6 6
6 35
7 11
7 25
8 1
8 36
9 29
9 43
10 8
10 19
11 6
11 39
12 1
12 31
13 17
13 20
14 41
14 44
15 0
15 12
16 4
16 5
17 9
17 33
18 26
18 42
19 24
19 36
20 18
20 33
21 7
21 43
22 19
22 46
23 2
23 44
24 0
24 27
25 3
25 39
26 13
26 28
27 10
27 22
28 4
28 20
29 13
29 37
30 41
30 42
31 34
31 46
32 2
32 5
33 26
33 29
34 15
34 45
35 7
35 40
36 27
36 38
37 3
37 17
38 10
38 45
39 21
39 35
40 11
40 40
41 16
41 32
42 16
42 28
43 25
43 37
44 23
44 32
45 8
45 12
46 15
46 24

# solution 48
# n=47 sym=rct4 status=verified source=flammenkamp_cache/n47_rct4.mvr
# code=mvr:0 25 0 27 1 19 1 30 2 14 2 32 3 12 3 38 
0 25
0 27
1 19
1 30
2 14
2 32
3 12
3 38
4 13
4 28
5 22
5 39
6 30
6 37
7 5
7 11
8 3
8 15
9 6
9 9
10 20
10 25
11 29
11 39
12 13
12 43
13 34
13 42
14 2
14 44
15 23
15 38
16 1
16 6
17 11
17 18
18 4
18 29
19 0
19 45
20 24
20 36
21 0
21 10
22 20
22 41
23 15
23 31
24 5
24 26
25 36
25 46
26 10
26 22
27 1
27 46
28 17
28 42
29 28
29 35
30 40
30 45
31 8
31 23
32 2
32 44
33 4
33 12
34 3
34 33
35 7
35 17
36 21
36 26
37 37
37 40
38 31
38 43
39 35
39 41
40 9
40 16
41 7
41 24
42 18
42 33
43 8
43 34
44 14
44 32
45 16
45 27
46 19
46 21

# solution 49
# n=47 sym=rct4 status=verified source=flammenkamp_cache/n47_rct4.mvr
# code=mvr:0 9 0 21 1 14 1 21 2 2 2 28 3 27 3 33 4 
0 9
0 21
1 14
1 21
2 2
2 28
3 27
3 33
4 27
4 34
5 8
5 36
6 20
6 23
7 20
7 34
8 9
8 41
9 38
9 46
10 5
10 17
11 14
11 17
12 4
12 7
13 3
13 15
14 35
14 45
15 24
15 33
16 24
16 28
17 35
17 36
18 2
18 16
19 3
19 4
20 39
20 40
21 45
21 46
22 15
22 16
23 6
23 40
24 30
24 31
25 0
25 1
26 6
26 7
27 42
27 43
28 30
28 44
29 10
29 11
30 18
30 22
31 13
31 22
32 1
32 11
33 31
33 43
34 39
34 42
35 29
35 32
36 29
36 41
37 0
37 8
38 5
38 37
39 12
39 26
40 23
40 26
41 10
41 38
42 12
42 19
43 13
43 19
44 18
44 44
45 25
45 32
46 25
46 37

# solution 50
# n=47 sym=rct4 status=verified source=flammenkamp_cache/n47_rct4.mvr
# code=mvr:0 24 0 32 1 17 1 19 2 8 2 21 3 24 3 30 4
0 24
0 32
1 17
1 19
2 8
2 21
3 24
3 30
4 11
4 37
5 20
5 21
6 12
6 20
7 7
7 37
8 11
8 44
9 4
9 7
10 28
10 34
11 38
11 42
12 10
12 40
13 16
13 23
14 0
14 15
15 27
15 32
16 3
16 33
17 18
17 45
18 10
18 29
19 15
19 45
20 40
20 41
21 41
21 44
22 0
22 3
23 13
23 33
24 43
24 46
25 2
25 5
26 5
26 6
27 1
27 31
28 17
28 36
29 1
29 28
30 13
30 43
31 14
31 19
32 31
32 46
33 23
33 30
34 6
34 36
35 4
35 8
36 12
36 18
37 39
37 42
38 2
38 35
39 9
39 39
40 26
40 34
41 25
41 26
42 9
42 35
43 16
43 22
44 25
44 38
45 27
45 29
46 14
46 22

# solution 51
# n=47 sym=rct4 status=verified source=flammenkamp_cache/n47_rct4.mvr
# code=mvr:0 16 0 28 1 26 1 28 2 12 2 37 3 13 3 16 
0 16
0 28
1 26
1 28
2 12
2 37
3 13
3 16
4 37
4 38
5 25
5 29
6 6
6 32
7 19
7 24
8 4
8 34
9 2
9 4
10 15
10 35
11 10
11 24
12 8
12 44
13 27
13 43
14 6
14 25
15 17
15 36
16 43
16 46
17 5
17 31
18 0
18 1
19 13
19 39
20 1
20 23
21 5
21 14
22 7
22 11
23 20
23 26
24 35
24 39
25 32
25 41
26 23
26 45
27 7
27 33
28 45
28 46
29 15
29 41
30 0
30 3
31 10
31 29
32 21
32 40
33 3
33 19
34 2
34 38
35 22
35 36
36 11
36 31
37 42
37 44
38 12
38 42
39 22
39 27
40 14
40 40
41 17
41 21
42 8
42 9
43 30
43 33
44 9
44 34
45 18
45 20
46 18
46 30

# solution 52
# n=47 sym=rct4 status=verified source=flammenkamp_cache/n47_rct4.mvr
# code=mvr:0 7 0 24 1 14 1 18 2 5 2 25 3 26 3 27 4 
0 7
0 24
1 14
1 18
2 5
2 25
3 26
3 27
4 4
4 34
5 23
5 44
6 34
6 37
7 18
7 46
8 13
8 30
9 6
9 21
10 11
10 30
11 26
11 36
12 4
12 6
13 32
13 38
14 13
14 45
15 17
15 24
16 8
16 10
17 27
17 31
18 39
18 45
19 3
19 17
20 3
20 11
21 2
21 37
22 0
22 15
23 5
23 41
24 31
24 46
25 9
25 44
26 35
26 43
27 29
27 43
28 1
28 7
29 15
29 19
30 36
30 38
31 22
31 29
32 1
32 33
33 8
33 14
34 40
34 42
35 10
35 20
36 16
36 35
37 25
37 40
38 16
38 33
39 0
39 28
40 9
40 12
41 2
41 23
42 12
42 42
43 19
43 20
44 21
44 41
45 28
45 32
46 22
46 39

# solution 53
# n=47 sym=rct4 status=verified source=flammenkamp_cache/n47_rct4.mvr
# code=mvr:0 0 0 32 1 21 1 31 2 12 2 18 3 19 3 28 4
0 0
0 32
1 21
1 31
2 12
2 18
3 19
3 28
4 9
4 30
5 12
5 24
6 33
6 37
7 17
7 26
8 10
8 13
9 6
9 42
10 30
10 38
11 20
11 32
12 41
12 44
13 6
13 38
14 0
14 11
15 1
15 27
16 4
16 10
17 25
17 39
18 3
18 44
19 15
19 43
20 7
20 35
21 17
21 45
22 5
22 23
23 22
23 24
24 23
24 41
25 1
25 29
26 11
26 39
27 3
27 31
28 2
28 43
29 7
29 21
30 36
30 42
31 19
31 45
32 35
32 46
33 8
33 40
34 2
34 5
35 14
35 26
36 8
36 16
37 4
37 40
38 33
38 36
39 20
39 29
40 9
40 13
41 22
41 34
42 16
42 37
43 18
43 27
44 28
44 34
45 15
45 25
46 14
46 46

# solution 54
# n=47 sym=rct4 status=verified source=flammenkamp_cache/n47_rct4.mvr
# code=mvr:0 26 0 32 1 25 1 28 2 7 2 41 3 16 3 24 4
0 26
0 32
1 25
1 28
2 7
2 41
3 16
3 24
4 17
4 35
5 2
5 9
6 10
6 25
7 24
7 44
8 9
8 30
9 38
9 41
10 28
10 40
11 4
11 12
12 23
12 35
13 15
13 27
14 0
14 26
15 15
15 33
16 8
16 43
17 27
17 42
18 1
18 10
19 13
19 17
20 0
20 14
21 1
21 6
22 3
22 7
23 12
23 34
24 39
24 43
25 40
25 45
26 32
26 46
27 29
27 33
28 36
28 45
29 4
29 19
30 3
30 38
31 13
31 31
32 20
32 46
33 19
33 31
34 11
34 23
35 34
35 42
36 6
36 18
37 5
37 8
38 16
38 37
39 2
39 22
40 21
40 36
41 37
41 44
42 11
42 29
43 22
43 30
44 5
44 39
45 18
45 21
46 14
46 20

# solution 55
# n=47 sym=rct4 status=verified source=flammenkamp_cache/n47_rct4.mvr
# code=mvr:0 4 0 22 1 26 1 38 2 33 2 38 3 26 3 31 4
0 4
0 22
1 26
1 38
2 33
2 38
3 26
3 31
4 39
4 46
5 21
5 23
6 9
6 15
7 4
7 12
8 1
8 2
9 25
9 40
10 14
10 16
11 16
11 28
12 33
12 39
13 2
13 12
14 24
14 36
15 3
15 40
16 35
16 36
17 18
17 19
18 11
18 29
19 19
19 29
20 1
20 3
21 9
21 41
22 14
22 46
23 5
23 41
24 0
24 32
25 5
25 37
26 43
26 45
27 17
27 27
28 17
28 35
29 27
29 28
30 10
30 11
31 6
31 43
32 10
32 22
33 34
33 44
34 7
34 13
35 18
35 30
36 30
36 32
37 6
37 21
38 44
38 45
39 34
39 42
40 31
40 37
41 23
41 25
42 0
42 7
43 15
43 20
44 8
44 13
45 8
45 20
46 24
46 42

# solution 56
# n=47 sym=rct4 status=verified source=flammenkamp_cache/n47_rct4.mvr
# code=mvr:0 20 0 22 1 6 1 20 2 14 2 32 3 3 3 29 4 
0 20
0 22
1 6
1 20
2 14
2 32
3 3
3 29
4 13
4 36
5 9
5 39
6 25
6 45
7 5
7 18
8 25
8 31
9 36
9 41
10 4
10 9
11 28
11 29
12 16
12 33
13 12
13 42
14 2
14 44
15 8
15 23
16 27
16 34
17 3
17 11
18 11
18 39
19 16
19 24
20 45
20 46
21 6
21 8
22 19
22 46
23 15
23 31
24 0
24 27
25 38
25 40
26 0
26 1
27 22
27 30
28 7
28 35
29 35
29 43
30 12
30 19
31 23
31 38
32 2
32 44
33 4
33 34
34 13
34 30
35 17
35 18
36 37
36 42
37 5
37 10
38 15
38 21
39 28
39 41
40 1
40 21
41 7
41 37
42 10
42 33
43 17
43 43
44 14
44 32
45 26
45 40
46 24
46 26

# solution 57
# n=47 sym=rct4 status=verified source=flammenkamp_cache/n47_rct4.mvr
# code=mvr:0 19 0 30 1 14 1 17 2 20 2 24 3 3 3 18 4
0 19
0 30
1 14
1 17
2 20
2 24
3 3
3 18
4 25
4 30
5 13
5 34
6 8
6 15
7 34
7 37
8 25
8 40
9 7
9 23
10 13
10 18
11 14
11 26
12 5
12 7
13 36
13 41
14 35
14 45
15 19
15 40
16 0
16 4
17 24
17 45
18 36
18 43
19 31
19 46
20 11
20 44
21 4
21 8
22 2
22 17
23 9
23 37
24 29
24 44
25 38
25 42
26 2
26 35
27 0
27 15
28 3
28 10
29 1
29 22
30 42
30 46
31 6
31 27
32 1
32 11
33 5
33 10
34 39
34 41
35 20
35 32
36 28
36 33
37 23
37 39
38 6
38 21
39 9
39 12
40 31
40 38
41 12
41 33
42 16
42 21
43 28
43 43
44 22
44 26
45 29
45 32
46 16
46 27

# solution 58
# n=47 sym=rct4 status=verified source=flammenkamp_cache/n47_rct4.mvr
# code=mvr:0 22 0 26 1 19 1 37 2 25 2 29 3 7 3 10 4
0 22
0 26
1 19
1 37
2 25
2 29
3 7
3 10
4 8
4 25
5 18
5 24
6 15
6 16
7 32
7 43
8 35
8 42
9 1
9 9
10 15
10 43
11 8
11 23
12 14
12 26
13 18
13 19
14 7
14 34
15 36
15 40
16 29
16 40
17 2
17 16
18 33
18 41
19 33
19 45
20 0
20 12
21 2
21 4
22 5
22 46
23 11
23 35
24 0
24 41
25 42
25 44
26 34
26 46
27 1
27 13
28 5
28 13
29 30
29 44
30 6
30 17
31 6
31 10
32 12
32 39
33 27
33 28
34 20
34 32
35 23
35 38
36 3
36 31
37 37
37 45
38 4
38 11
39 3
39 14
40 30
40 31
41 22
41 28
42 21
42 38
43 36
43 39
44 17
44 21
45 9
45 27
46 20
46 24

# solution 59
# n=47 sym=rct4 status=verified source=flammenkamp_cache/n47_rct4.mvr
# code=mvr:0 16 0 31 1 32 1 39 2 10 2 17 3 16 3 41 
0 16
0 31
1 32
1 39
2 10
2 17
3 16
3 41
4 7
4 33
5 3
5 12
6 23
6 26
7 1
7 42
8 15
8 28
9 21
9 33
10 32
10 44
11 11
11 17
12 24
12 41
13 4
13 9
14 1
14 10
15 0
15 38
16 43
16 46
17 35
17 44
18 8
18 19
19 24
19 28
20 6
20 21
21 26
21 37
22 12
22 19
23 6
23 40
24 27
24 34
25 9
25 20
26 25
26 40
27 18
27 22
28 27
28 38
29 2
29 11
30 0
30 3
31 8
31 46
32 36
32 45
33 37
33 42
34 5
34 22
35 29
35 35
36 2
36 14
37 13
37 25
38 18
38 31
39 4
39 45
40 20
40 23
41 34
41 43
42 13
42 39
43 5
43 30
44 29
44 36
45 7
45 14
46 15
46 30

# solution 60
# n=47 sym=rct4 status=verified source=flammenkamp_cache/n47_rct4.mvr
# code=mvr:0 15 0 39 1 22 1 25 2 30 2 32 3 27 3 32 
0 15
0 39
1 22
1 25
2 30
2 32
3 27
3 32
4 4
4 10
5 7
5 13
6 17
6 20
7 0
7 41
8 9
8 29
9 34
9 38
10 23
10 42
11 28
11 33
12 9
12 18
13 11
13 41
14 2
14 3
15 19
15 46
16 2
16 20
17 8
17 40
18 11
18 34
19 3
19 31
20 30
20 40
21 1
21 24
22 21
22 45
23 10
23 36
24 1
24 25
25 22
25 45
26 6
26 16
27 15
27 43
28 12
28 35
29 6
29 38
30 26
30 44
31 0
31 27
32 43
32 44
33 5
33 35
34 28
34 37
35 13
35 18
36 4
36 23
37 8
37 12
38 17
38 37
39 5
39 46
40 26
40 29
41 33
41 39
42 36
42 42
43 14
43 19
44 14
44 16
45 21
45 24
46 7
46 31

# solution 61
# n=47 sym=rct4 status=verified source=flammenkamp_cache/n47_rct4.mvr
# code=mvr:0 22 0 31 1 13 1 27 2 19 2 35 3 7 3 21 4
0 22
0 31
1 13
1 27
2 19
2 35
3 7
3 21
4 6
4 8
5 31
5 36
6 26
6 42
7 28
7 43
8 8
8 42
9 14
9 16
10 5
10 25
11 2
11 18
12 24
12 26
13 32
13 45
14 13
14 37
15 0
15 5
16 29
16 37
17 16
17 23
18 7
18 35
19 1
19 44
20 6
20 12
21 10
21 43
22 12
22 46
23 17
23 29
24 0
24 34
25 3
25 36
26 34
26 40
27 2
27 45
28 11
28 39
29 23
29 30
30 9
30 17
31 41
31 46
32 9
32 33
33 1
33 14
34 20
34 22
35 28
35 44
36 21
36 41
37 30
37 32
38 4
38 38
39 3
39 18
40 4
40 20
41 10
41 15
42 38
42 40
43 25
43 39
44 11
44 27
45 19
45 33
46 15
46 24

# solution 62
# n=47 sym=rct4 status=verified source=flammenkamp_cache/n47_rct4.mvr
# code=mvr:0 29 0 40 1 19 1 29 2 10 2 34 3 23 3 35 
0 29
0 40
1 19
1 29
2 10
2 34
3 23
3 35
4 16
4 18
5 24
5 32
6 0
6 10
7 21
7 37
8 31
8 35
9 7
9 34
10 40
10 44
11 3
11 8
12 2
12 9
13 24
13 26
14 5
14 19
15 8
15 26
16 18
16 42
17 0
17 1
18 30
18 42
19 32
19 45
20 13
20 15
21 21
21 39
22 5
22 13
23 3
23 43
24 33
24 41
25 7
25 25
26 31
26 33
27 1
27 14
28 4
28 16
29 45
29 46
30 4
30 28
31 20
31 38
32 27
32 41
33 20
33 22
34 37
34 44
35 38
35 43
36 2
36 6
37 12
37 39
38 11
38 15
39 9
39 25
40 36
40 46
41 14
41 22
42 28
42 30
43 11
43 23
44 12
44 36
45 17
45 27
46 6
46 17

# solution 63
# n=47 sym=rct4 status=verified source=flammenkamp_cache/n47_rct4.mvr
# code=mvr:0 6 0 34 1 18 1 27 2 17 2 23 3 10 3 35 4
0 6
0 34
1 18
1 27
2 17
2 23
3 10
3 35
4 8
4 37
5 18
5 30
6 31
6 46
7 7
7 24
8 20
8 42
9 4
9 13
10 20
10 43
11 3
11 30
12 0
12 14
13 19
13 37
14 25
14 34
15 6
15 17
16 5
16 11
17 31
17 44
18 41
18 45
19 1
19 33
20 36
20 38
21 14
21 24
22 7
22 21
23 2
23 44
24 25
24 39
25 22
25 32
26 8
26 10
27 13
27 45
28 1
28 5
29 2
29 15
30 35
30 41
31 29
31 40
32 12
32 21
33 9
33 27
34 32
34 46
35 16
35 43
36 3
36 26
37 33
37 42
38 4
38 26
39 22
39 39
40 0
40 15
41 16
41 28
42 9
42 38
43 11
43 36
44 23
44 29
45 19
45 28
46 12
46 40

# solution 64
# n=47 sym=rct4 status=verified source=flammenkamp_cache/n47_rct4.mvr
# code=mvr:0 26 0 29 1 14 1 21 2 6 2 42 3 13 3 41 4
0 26
0 29
1 14
1 21
2 6
2 42
3 13
3 41
4 2
4 10
5 3
5 31
6 18
6 44
7 14
7 23
8 8
8 29
9 18
9 24
10 35
10 42
11 10
11 12
12 27
12 35
13 21
13 43
14 39
14 45
15 5
15 20
16 24
16 27
17 0
17 8
18 37
18 40
19 12
19 16
20 0
20 31
21 33
21 45
22 9
22 16
23 7
23 39
24 30
24 37
25 1
25 13
26 15
26 46
27 30
27 34
28 6
28 9
29 38
29 46
30 19
30 22
31 26
31 41
32 1
32 7
33 3
33 25
34 11
34 19
35 34
35 36
36 4
36 11
37 22
37 28
38 17
38 38
39 23
39 32
40 2
40 28
41 15
41 43
42 36
42 44
43 5
43 33
44 4
44 40
45 25
45 32
46 17
46 20

# solution 65
# n=47 sym=rct4 status=verified source=flammenkamp_cache/n47_rct4.mvr
# code=mvr:0 15 0 18 1 25 1 31 2 25 2 33 3 10 3 40 
0 15
0 18
1 25
1 31
2 25
2 33
3 10
3 40
4 10
4 22
5 17
5 26
6 3
6 7
7 35
7 40
8 24
8 34
9 30
9 35
10 42
10 43
11 7
11 9
12 8
12 17
13 2
13 23
14 16
14 19
15 1
15 46
16 9
16 32
17 34
17 41
18 19
18 46
19 28
19 32
20 5
20 20
21 1
21 2
22 8
22 42
23 13
23 33
24 4
24 38
25 44
25 45
26 26
26 41
27 14
27 18
28 0
28 27
29 5
29 12
30 14
30 37
31 0
31 45
32 27
32 30
33 23
33 44
34 29
34 38
35 37
35 39
36 3
36 4
37 11
37 16
38 12
38 22
39 6
39 11
40 39
40 43
41 20
41 29
42 24
42 36
43 6
43 36
44 13
44 21
45 15
45 21
46 28
46 31

# solution 66
# n=47 sym=rct4 status=verified source=flammenkamp_cache/n47_rct4.mvr
# code=mvr:0 13 0 31 1 19 1 25 2 5 2 21 3 22 3 30 4
0 13
0 31
1 19
1 25
2 5
2 21
3 22
3 30
4 15
4 36
5 37
5 44
6 14
6 34
7 8
7 14
8 26
8 39
9 5
9 16
10 4
10 24
11 26
11 27
12 6
12 12
13 17
13 46
14 39
14 40
15 0
15 42
16 3
16 37
17 28
17 33
18 17
18 23
19 11
19 45
20 8
20 11
21 1
21 44
22 10
22 43
23 18
23 28
24 3
24 36
25 2
25 45
26 35
26 38
27 1
27 35
28 23
28 29
29 13
29 18
30 9
30 43
31 4
31 46
32 6
32 7
33 0
33 29
34 34
34 40
35 19
35 20
36 22
36 42
37 30
37 41
38 7
38 20
39 32
39 38
40 12
40 32
41 2
41 9
42 10
42 31
43 16
43 24
44 25
44 41
45 21
45 27
46 15
46 33

# solution 67
# n=47 sym=rct4 status=verified source=flammenkamp_cache/n47_rct4.mvr
# code=mvr:0 19 0 26 1 31 1 34 2 4 2 11 3 29 3 39 4
0 19
0 26
1 31
1 34
2 4
2 11
3 29
3 39
4 14
4 44
5 23
5 37
6 33
6 37
7 3
7 15
8 8
8 21
9 5
9 6
10 26
10 30
11 24
11 44
12 1
12 17
13 6
13 14
14 33
14 42
15 1
15 39
16 10
16 24
17 3
17 34
18 19
18 25
19 28
19 46
20 0
20 10
21 18
21 38
22 11
22 16
23 5
23 41
24 30
24 35
25 8
25 28
26 36
26 46
27 0
27 18
28 21
28 27
29 12
29 43
30 22
30 36
31 7
31 45
32 4
32 13
33 32
33 40
34 29
34 45
35 2
35 22
36 16
36 20
37 40
37 41
38 25
38 38
39 31
39 43
40 9
40 13
41 9
41 23
42 2
42 32
43 7
43 17
44 35
44 42
45 12
45 15
46 20
46 27

# solution 68
# n=47 sym=rct4 status=verified source=flammenkamp_cache/n47_rct4.mvr
# code=mvr:0 24 0 33 1 9 1 28 2 36 2 39 3 14 3 15 4
0 24
0 33
1 9
1 28
2 36
2 39
3 14
3 15
4 33
4 41
5 4
5 24
6 9
6 12
7 2
7 28
8 23
8 29
9 40
9 45
10 2
10 17
11 25
11 31
12 14
12 40
13 0
13 4
14 34
14 43
15 11
15 43
16 16
16 20
17 8
17 36
18 1
18 7
19 20
19 21
20 27
20 30
21 11
21 27
22 0
22 5
23 8
23 38
24 41
24 46
25 19
25 35
26 16
26 19
27 25
27 26
28 39
28 45
29 10
29 38
30 26
30 30
31 3
31 35
32 3
32 12
33 42
33 46
34 6
34 32
35 15
35 21
36 29
36 44
37 1
37 6
38 17
38 23
39 18
39 44
40 34
40 37
41 22
41 42
42 5
42 13
43 31
43 32
44 7
44 10
45 18
45 37
46 13
46 22

# solution 69
# n=47 sym=rct4 status=verified source=flammenkamp_cache/n47_rct4.mvr
# code=mvr:0 14 0 42 1 10 1 28 2 2 2 38 3 23 3 29 4
0 14
0 42
1 10
1 28
2 2
2 38
3 23
3 29
4 0
4 12
5 8
5 26
6 24
6 33
7 16
7 20
8 2
8 41
9 13
9 21
10 31
10 45
11 18
11 34
12 11
12 42
13 6
13 37
14 24
14 46
15 10
15 30
16 15
16 39
17 3
17 27
18 1
18 35
19 17
19 25
20 5
20 39
21 19
21 37
22 6
22 14
23 3
23 43
24 32
24 40
25 9
25 27
26 7
26 41
27 21
27 29
28 11
28 45
29 19
29 43
30 7
30 31
31 16
31 36
32 0
32 22
33 9
33 40
34 4
34 35
35 12
35 28
36 1
36 15
37 25
37 33
38 5
38 44
39 26
39 30
40 13
40 22
41 20
41 38
42 34
42 46
43 17
43 23
44 8
44 44
45 18
45 36
46 4
46 32

# solution 70
# n=47 sym=rct4 status=verified source=flammenkamp_cache/n47_rct4.mvr
# code=mvr:0 8 0 22 1 16 1 24 2 17 2 21 3 30 3 34 4
0 8
0 22
1 16
1 24
2 17
2 21
3 30
3 34
4 32
4 36
5 5
5 33
6 18
6 20
7 19
7 21
8 9
8 46
9 35
9 38
10 4
10 27
11 9
11 17
12 3
12 15
13 5
13 20
14 4
14 31
15 14
15 34
16 3
16 45
17 35
17 44
18 23
18 40
19 10
19 39
20 33
20 40
21 39
21 44
22 1
22 46
23 18
23 28
24 0
24 45
25 2
25 7
26 6
26 13
27 7
27 36
28 6
28 23
29 2
29 11
30 1
30 43
31 12
31 32
32 15
32 42
33 26
33 41
34 31
34 43
35 29
35 37
36 19
36 42
37 8
37 11
38 0
38 37
39 25
39 27
40 26
40 28
41 13
41 41
42 10
42 14
43 12
43 16
44 25
44 29
45 22
45 30
46 24
46 38

# solution 71
# n=47 sym=rct4 status=verified source=flammenkamp_cache/n47_rct4.mvr
# code=mvr:0 31 0 34 1 11 1 19 2 28 2 29 3 7 3 24 4
0 31
0 34
1 11
1 19
2 28
2 29
3 7
3 24
4 15
4 18
5 5
5 24
6 11
6 36
7 10
7 43
8 13
8 16
9 19
9 34
10 6
10 39
11 40
11 45
12 0
12 9
13 26
13 38
14 25
14 26
15 0
15 42
16 17
16 38
17 2
17 30
18 2
18 42
19 37
19 45
20 13
20 14
21 14
21 23
22 3
22 5
23 21
23 25
24 41
24 43
25 23
25 32
26 32
26 33
27 1
27 9
28 4
28 44
29 16
29 44
30 8
30 29
31 4
31 46
32 20
32 21
33 8
33 20
34 37
34 46
35 1
35 6
36 7
36 40
37 12
37 27
38 30
38 33
39 3
39 36
40 10
40 35
41 22
41 41
42 28
42 31
43 22
43 39
44 17
44 18
45 27
45 35
46 12
46 15

# solution 72
# n=47 sym=rct4 status=verified source=flammenkamp_cache/n47_rct4.mvr
# code=mvr:0 8 0 20 1 17 1 35 2 31 2 34 3 6 3 20 4 
0 8
0 20
1 17
1 35
2 31
2 34
3 6
3 20
4 16
4 19
5 11
5 29
6 24
6 43
7 7
7 9
8 21
8 46
9 18
9 39
10 12
10 30
11 1
11 41
12 2
12 36
13 14
13 28
14 21
14 33
15 2
15 24
16 10
16 42
17 5
17 45
18 13
18 37
19 23
19 42
20 43
20 46
21 32
21 38
22 6
22 15
23 19
23 27
24 31
24 40
25 8
25 14
26 0
26 3
27 4
27 23
28 9
28 33
29 1
29 41
30 4
30 36
31 22
31 44
32 13
32 25
33 18
33 32
34 10
34 44
35 5
35 45
36 16
36 34
37 7
37 28
38 0
38 25
39 37
39 39
40 3
40 22
41 17
41 35
42 27
42 30
43 26
43 40
44 12
44 15
45 11
45 29
46 26
46 38

# solution 73
# n=47 sym=rct4 status=verified source=flammenkamp_cache/n47_rct4.mvr
# code=mvr:0 16 0 40 1 24 1 25 2 13 2 30 3 19 3 21 
0 16
0 40
1 24
1 25
2 13
2 30
3 19
3 21
4 17
4 24
5 9
5 34
6 0
6 8
7 32
7 35
8 35
8 40
9 18
9 41
10 27
10 31
11 7
11 8
12 5
12 20
13 23
13 44
14 7
14 15
15 10
15 32
16 2
16 46
17 18
17 42
18 29
18 37
19 10
19 43
20 20
20 34
21 1
21 43
22 1
22 4
23 13
23 33
24 42
24 45
25 3
25 45
26 12
26 26
27 3
27 36
28 9
28 17
29 4
29 28
30 0
30 44
31 14
31 36
32 31
32 39
33 2
33 23
34 26
34 41
35 38
35 39
36 15
36 19
37 5
37 28
38 6
38 11
39 11
39 14
40 38
40 46
41 12
41 37
42 22
42 29
43 25
43 27
44 16
44 33
45 21
45 22
46 6
46 30

# solution 74
# n=47 sym=rct4 status=verified source=flammenkamp_cache/n47_rct4.mvr
# code=mvr:0 20 0 24 1 30 1 34 2 17 2 23 3 7 3 20 4
0 20
0 24
1 30
1 34
2 17
2 23
3 7
3 20
4 32
4 38
5 5
5 21
6 13
6 15
7 10
7 43
8 4
8 10
9 11
9 31
10 38
10 39
11 21
11 37
12 1
12 28
13 30
13 40
14 4
14 19
15 9
15 40
16 1
16 13
17 24
17 44
18 12
18 27
19 18
19 32
20 43
20 46
21 35
21 41
22 0
22 17
23 2
23 44
24 29
24 46
25 5
25 11
26 0
26 3
27 14
27 28
28 19
28 34
29 2
29 22
30 33
30 45
31 6
31 37
32 27
32 42
33 6
33 16
34 18
34 45
35 9
35 25
36 7
36 8
37 15
37 35
38 36
38 42
39 3
39 36
40 31
40 33
41 25
41 41
42 8
42 14
43 26
43 39
44 23
44 29
45 12
45 16
46 22
46 26

# solution 75
# n=47 sym=rct4 status=verified source=flammenkamp_cache/n47_rct4.mvr
# code=mvr:0 20 0 22 1 30 1 31 2 18 2 25 3 34 3 36 
0 20
0 22
1 30
1 31
2 18
2 25
3 34
3 36
4 18
4 40
5 21
5 24
6 4
6 34
7 10
7 37
8 13
8 29
9 7
9 9
10 3
10 39
11 14
11 29
12 3
12 6
13 26
13 38
14 19
14 35
15 1
15 16
16 1
16 31
17 8
17 11
18 42
18 44
19 23
19 32
20 13
20 46
21 2
21 41
22 5
22 46
23 19
23 27
24 0
24 41
25 5
25 44
26 0
26 33
27 14
27 23
28 2
28 4
29 35
29 38
30 15
30 45
31 30
31 45
32 11
32 27
33 8
33 20
34 40
34 43
35 17
35 32
36 7
36 43
37 37
37 39
38 17
38 33
39 9
39 36
40 12
40 42
41 22
41 25
42 6
42 28
43 10
43 12
44 21
44 28
45 15
45 16
46 24
46 26

# solution 76
# n=47 sym=rct4 status=verified source=flammenkamp_cache/n47_rct4.mvr
# code=mvr:0 25 0 36 1 16 1 44 2 1 2 22 3 20 3 40 4
0 25
0 36
1 16
1 44
2 1
2 22
3 20
3 40
4 10
4 12
5 23
5 31
6 3
6 27
7 16
7 20
8 8
8 14
9 33
9 35
10 0
10 42
11 9
11 27
12 14
12 42
13 9
13 29
14 34
14 38
15 5
15 24
16 39
16 45
17 13
17 18
18 21
18 29
19 6
19 11
20 39
20 43
21 0
21 28
22 15
22 44
23 5
23 41
24 2
24 31
25 18
25 46
26 3
26 7
27 35
27 40
28 17
28 25
29 28
29 33
30 1
30 7
31 22
31 41
32 8
32 12
33 17
33 37
34 4
34 32
35 19
35 37
36 4
36 46
37 11
37 13
38 32
38 38
39 26
39 30
40 19
40 43
41 15
41 23
42 34
42 36
43 6
43 26
44 24
44 45
45 2
45 30
46 10
46 21

# solution 77
# n=47 sym=rct4 status=verified source=flammenkamp_cache/n47_rct4.mvr
# code=mvr:0 25 0 30 1 8 1 31 2 36 2 43 3 2 3 6 4 1
0 25
0 30
1 8
1 31
2 36
2 43
3 2
3 6
4 13
4 22
5 12
5 26
6 32
6 43
7 7
7 11
8 25
8 45
9 15
9 19
10 2
10 24
11 26
11 39
12 32
12 41
13 29
13 42
14 6
14 12
15 1
15 37
16 0
16 27
17 13
17 18
18 23
18 29
19 16
19 37
20 5
20 11
21 0
21 8
22 10
22 42
23 18
23 28
24 4
24 36
25 38
25 46
26 35
26 41
27 9
27 30
28 17
28 23
29 28
29 33
30 19
30 46
31 9
31 45
32 34
32 40
33 4
33 17
34 5
34 14
35 7
35 20
36 22
36 44
37 27
37 31
38 1
38 21
39 35
39 39
40 3
40 14
41 20
41 34
42 24
42 33
43 40
43 44
44 3
44 10
45 15
45 38
46 16
46 21

# solution 78
# n=47 sym=rct4 status=verified source=flammenkamp_cache/n47_rct4.mvr
# code=mvr:0 24 0 26 1 13 1 19 2 32 2 37 3 4 3 11 4
0 24
0 26
1 13
1 19
2 32
2 37
3 4
3 11
4 19
4 43
5 16
5 32
6 20
6 24
7 36
7 37
8 13
8 16
9 2
9 7
10 7
10 21
11 18
11 43
12 25
12 31
13 38
13 45
14 2
14 5
15 12
15 29
16 38
16 41
17 15
17 23
18 18
18 35
19 42
19 45
20 0
20 40
21 12
21 36
22 0
22 6
23 17
23 29
24 40
24 46
25 10
25 34
26 6
26 46
27 1
27 4
28 11
28 28
29 23
29 31
30 5
30 8
31 17
31 34
32 41
32 44
33 1
33 8
34 15
34 21
35 3
35 28
36 25
36 39
37 39
37 44
38 30
38 33
39 9
39 10
40 22
40 26
41 14
41 30
42 3
42 27
43 35
43 42
44 9
44 14
45 27
45 33
46 20
46 22

# solution 79
# n=47 sym=rct4 status=verified source=flammenkamp_cache/n47_rct4.mvr
# code=mvr:0 22 0 25 1 8 1 29 2 15 2 20 3 18 3 30 4
0 22
0 25
1 8
1 29
2 15
2 20
3 18
3 30
4 12
4 31
5 13
5 37
6 28
6 36
7 7
7 27
8 24
8 45
9 5
9 32
10 6
10 25
11 12
11 16
12 35
12 42
13 32
13 41
14 9
14 13
15 4
15 44
16 3
16 35
17 1
17 27
18 6
18 43
19 7
19 17
20 23
20 44
21 0
21 10
22 8
22 46
23 20
23 26
24 0
24 38
25 36
25 46
26 2
26 23
27 29
27 39
28 3
28 40
29 19
29 45
30 11
30 43
31 2
31 42
32 33
32 37
33 5
33 14
34 4
34 11
35 30
35 34
36 21
36 40
37 14
37 41
38 1
38 22
39 19
39 39
40 10
40 18
41 9
41 33
42 15
42 34
43 16
43 28
44 26
44 31
45 17
45 38
46 21
46 24

# solution 80
# n=47 sym=rct4 status=verified source=flammenkamp_cache/n47_rct4.mvr
# code=mvr:0 29 0 33 1 10 1 15 2 2 2 32 3 7 3 26 4 
0 29
0 33
1 10
1 15
2 2
2 32
3 7
3 26
4 22
4 28
5 13
5 16
6 35
6 37
7 23
7 43
8 16
8 18
9 6
9 10
10 37
10 45
11 6
11 29
12 24
12 31
13 0
13 41
14 2
14 21
15 12
15 45
16 38
16 41
17 0
17 11
18 4
18 38
19 20
19 21
20 3
20 27
21 27
21 32
22 12
22 42
23 7
23 39
24 4
24 34
25 14
25 19
26 19
26 43
27 25
27 26
28 8
28 42
29 35
29 46
30 5
30 8
31 1
31 34
32 25
32 44
33 5
33 46
34 15
34 22
35 17
35 40
36 1
36 9
37 36
37 40
38 28
38 30
39 3
39 23
40 9
40 11
41 30
41 33
42 18
42 24
43 20
43 39
44 14
44 44
45 31
45 36
46 13
46 17

# solution 81
# n=47 sym=rct4 status=verified source=flammenkamp_cache/n47_rct4.mvr
# code=mvr:0 15 0 29 1 12 1 13 2 22 2 23 3 19 3 26 
0 15
0 29
1 12
1 13
2 22
2 23
3 19
3 26
4 36
4 37
5 19
5 31
6 29
6 32
7 11
7 26
8 8
8 11
9 4
9 13
10 4
10 30
11 38
11 39
12 21
12 45
13 37
13 45
14 6
14 24
15 5
15 46
16 10
16 28
17 0
17 6
18 16
18 21
19 41
19 43
20 3
20 7
21 28
21 34
22 14
22 44
23 2
23 44
24 2
24 32
25 12
25 18
26 39
26 43
27 3
27 5
28 25
28 30
29 40
29 46
30 18
30 36
31 0
31 41
32 22
32 40
33 1
33 9
34 1
34 25
35 7
35 8
36 16
36 42
37 33
37 42
38 35
38 38
39 20
39 35
40 14
40 17
41 15
41 27
42 9
42 10
43 20
43 27
44 23
44 24
45 33
45 34
46 17
46 31

# solution 82
# n=47 sym=rct4 status=verified source=flammenkamp_cache/n47_rct4.mvr
# code=mvr:0 14 0 22 1 27 1 28 2 16 2 25 3 10 3 15 
0 14
0 22
1 27
1 28
2 16
2 25
3 10
3 15
4 26
4 38
5 38
5 40
6 5
6 35
7 12
7 14
8 4
8 5
9 18
9 33
10 11
10 43
11 6
11 36
12 23
12 39
13 9
13 25
14 39
14 46
15 15
15 43
16 24
16 44
17 26
17 27
18 1
18 37
19 1
19 17
20 4
20 17
21 2
21 13
22 16
22 46
23 12
23 34
24 0
24 30
25 33
25 44
26 29
26 42
27 29
27 45
28 9
28 45
29 19
29 20
30 2
30 22
31 3
31 31
32 0
32 7
33 21
33 37
34 7
34 23
35 10
35 40
36 3
36 35
37 13
37 28
38 41
38 42
39 32
39 34
40 11
40 41
41 6
41 8
42 8
42 20
43 31
43 36
44 21
44 30
45 18
45 19
46 24
46 32

# solution 83
# n=47 sym=rct4 status=verified source=flammenkamp_cache/n47_rct4.mvr
# code=mvr:0 15 0 22 1 18 1 31 2 11 2 43 3 2 3 33 4
0 15
0 22
1 18
1 31
2 11
2 43
3 2
3 33
4 26
4 38
5 14
5 37
6 27
6 37
7 7
7 19
8 4
8 14
9 5
9 6
10 17
10 20
11 16
11 44
12 17
12 33
13 3
13 12
14 38
14 41
15 1
15 46
16 24
16 35
17 34
17 36
18 25
18 45
19 6
19 39
20 4
20 36
21 18
21 23
22 16
22 46
23 21
23 25
24 0
24 30
25 23
25 28
26 10
26 42
27 7
27 40
28 1
28 21
29 10
29 12
30 11
30 22
31 0
31 45
32 5
32 8
33 34
33 43
34 13
34 29
35 2
35 30
36 26
36 29
37 40
37 41
38 32
38 42
39 27
39 39
40 9
40 19
41 9
41 32
42 8
42 20
43 13
43 44
44 3
44 35
45 15
45 28
46 24
46 31

# solution 84
# n=47 sym=rct4 status=verified source=flammenkamp_cache/n47_rct4.mvr
# code=mvr:0 25 0 31 1 1 1 27 2 10 2 16 3 10 3 23 4
0 25
0 31
1 1
1 27
2 10
2 16
3 10
3 23
4 17
4 37
5 27
5 31
6 22
6 34
7 12
7 20
8 11
8 32
9 4
9 33
10 43
10 44
11 26
11 38
12 6
12 39
13 9
13 24
14 8
14 30
15 0
15 5
16 14
16 44
17 18
17 42
18 21
18 29
19 1
19 5
20 11
20 39
21 0
21 28
22 13
22 40
23 3
23 43
24 6
24 33
25 18
25 46
26 7
26 35
27 41
27 45
28 17
28 25
29 4
29 28
30 2
30 32
31 41
31 46
32 16
32 38
33 22
33 37
34 7
34 40
35 8
35 20
36 2
36 3
37 13
37 42
38 14
38 35
39 26
39 34
40 12
40 24
41 15
41 19
42 9
42 29
43 23
43 36
44 30
44 36
45 19
45 45
46 15
46 21

# solution 85
# n=47 sym=rct4 status=verified source=flammenkamp_cache/n47_rct4.mvr
# code=mvr:0 11 0 13 1 24 1 25 2 18 2 30 3 37 3 42 
0 11
0 13
1 24
1 25
2 18
2 30
3 37
3 42
4 3
4 20
5 11
5 12
6 30
6 37
7 24
7 32
8 8
8 20
9 3
9 6
10 25
10 33
11 41
11 46
12 17
12 41
13 10
13 46
14 7
14 27
15 17
15 23
16 2
16 6
17 31
17 34
18 27
18 44
19 14
19 18
20 38
20 42
21 1
21 10
22 1
22 7
23 15
23 31
24 39
24 45
25 36
25 45
26 4
26 8
27 28
27 32
28 2
28 19
29 12
29 15
30 40
30 44
31 23
31 29
32 19
32 39
33 0
33 36
34 5
34 29
35 0
35 5
36 13
36 21
37 40
37 43
38 26
38 38
39 14
39 22
40 9
40 16
41 34
41 35
42 26
42 43
43 4
43 9
44 16
44 28
45 21
45 22
46 33
46 35

# solution 86
# n=47 sym=rct4 status=verified source=flammenkamp_cache/n47_rct4.mvr
# code=mvr:0 24 0 32 1 9 1 27 2 19 2 34 3 6 3 34 4 
0 24
0 32
1 9
1 27
2 19
2 34
3 6
3 34
4 4
4 18
5 33
5 35
6 35
6 43
7 10
7 23
8 25
8 29
9 30
9 45
10 32
10 39
11 5
11 6
12 2
12 3
13 5
13 20
14 0
14 10
15 21
15 30
16 9
16 15
17 8
17 28
18 17
18 42
19 1
19 44
20 24
20 33
21 8
21 31
22 0
22 20
23 7
23 39
24 26
24 46
25 15
25 38
26 13
26 22
27 2
27 45
28 4
28 29
29 18
29 38
30 31
30 37
31 16
31 25
32 36
32 46
33 26
33 41
34 43
34 44
35 40
35 41
36 7
36 14
37 1
37 16
38 17
38 21
39 23
39 36
40 3
40 11
41 11
41 13
42 28
42 42
43 12
43 40
44 12
44 27
45 19
45 37
46 14
46 22

# solution 87
# n=47 sym=rct4 status=verified source=flammenkamp_cache/n47_rct4.mvr
# code=mvr:0 30 0 31 1 6 1 22 2 11 2 34 3 10 3 26 4
0 30
0 31
1 6
1 22
2 11
2 34
3 10
3 26
4 16
4 17
5 5
5 33
6 15
6 45
7 19
7 21
8 18
8 37
9 8
9 11
10 32
10 43
11 37
11 44
12 2
12 17
13 5
13 14
14 10
14 33
15 0
15 40
16 0
16 42
17 34
17 42
18 24
18 38
19 21
19 39
20 3
20 23
21 27
21 39
22 18
22 45
23 20
23 26
24 1
24 28
25 7
25 19
26 23
26 43
27 7
27 25
28 8
28 22
29 4
29 12
30 4
30 46
31 6
31 46
32 13
32 36
33 32
33 41
34 29
34 44
35 2
35 9
36 3
36 14
37 35
37 38
38 9
38 28
39 25
39 27
40 1
40 31
41 13
41 41
42 29
42 30
43 20
43 36
44 12
44 35
45 24
45 40
46 15
46 16

# solution 88
# n=47 sym=rct4 status=verified source=flammenkamp_cache/n47_rct4.mvr
# code=mvr:0 13 0 19 1 28 1 42 2 2 2 33 3 26 3 34 4
0 13
0 19
1 28
1 42
2 2
2 33
3 26
3 34
4 1
4 16
5 8
5 17
6 24
6 38
7 14
7 17
8 6
8 41
9 31
9 35
10 25
10 35
11 9
11 10
12 3
12 30
13 2
13 46
14 19
14 39
15 9
15 23
16 12
16 42
17 39
17 41
18 1
18 24
19 32
19 46
20 3
20 25
21 10
21 20
22 6
22 18
23 15
23 31
24 28
24 40
25 26
25 36
26 21
26 43
27 0
27 14
28 22
28 45
29 5
29 7
30 4
30 34
31 23
31 37
32 7
32 27
33 0
33 44
34 16
34 43
35 36
35 37
36 11
36 21
37 11
37 15
38 5
38 40
39 29
39 32
40 8
40 22
41 29
41 38
42 30
42 45
43 12
43 20
44 13
44 44
45 4
45 18
46 27
46 33

# solution 89
# n=47 sym=rct4 status=verified source=flammenkamp_cache/n47_rct4.mvr
# code=mvr:0 10 0 26 1 14 1 34 2 5 2 33 3 25 3 31 4
0 10
0 26
1 14
1 34
2 5
2 33
3 25
3 31
4 18
4 19
5 24
5 44
6 11
6 16
7 21
7 35
8 8
8 34
9 15
9 29
10 19
10 46
11 7
11 40
12 1
12 8
13 2
13 26
14 29
14 45
15 3
15 37
16 28
16 40
17 9
17 14
18 16
18 42
19 36
19 42
20 0
20 13
21 3
21 39
22 5
22 23
23 22
23 24
24 23
24 41
25 7
25 43
26 33
26 46
27 4
27 10
28 4
28 30
29 32
29 37
30 6
30 18
31 9
31 43
32 1
32 17
33 20
33 44
34 38
34 45
35 6
35 39
36 0
36 27
37 17
37 31
38 12
38 38
39 11
39 25
40 30
40 35
41 2
41 22
42 27
42 28
43 15
43 21
44 13
44 41
45 12
45 32
46 20
46 36

# solution 90
# n=47 sym=rct4 status=verified source=flammenkamp_cache/n47_rct4.mvr
# code=mvr:0 21 0 35 1 20 1 28 2 13 2 32 3 10 3 26 
0 21
0 35
1 20
1 28
2 13
2 32
3 10
3 26
4 24
4 34
5 9
5 21
6 6
6 27
7 10
7 17
8 9
8 31
9 38
9 41
10 39
10 43
11 0
11 13
12 4
12 16
13 35
13 44
14 2
14 23
15 8
15 28
16 24
16 34
17 27
17 39
18 1
18 15
19 6
19 17
20 3
20 45
21 41
21 46
22 4
22 16
23 14
23 32
24 30
24 42
25 0
25 5
26 1
26 43
27 29
27 40
28 31
28 45
29 7
29 19
30 12
30 22
31 18
31 38
32 23
32 44
33 2
33 11
34 30
34 42
35 33
35 46
36 3
36 7
37 5
37 8
38 15
38 37
39 29
39 36
40 19
40 40
41 25
41 37
42 12
42 22
43 20
43 36
44 14
44 33
45 18
45 26
46 11
46 25

# solution 91
# n=47 sym=rct4 status=verified source=flammenkamp_cache/n47_rct4.mvr
# code=mvr:0 21 0 28 1 14 1 26 2 30 2 32 3 8 3 12 4
0 21
0 28
1 14
1 26
2 30
2 32
3 8
3 12
4 6
4 24
5 9
5 34
6 23
6 42
7 7
7 19
8 31
8 43
9 36
9 41
10 9
10 25
11 13
11 19
12 5
12 43
13 17
13 35
14 2
14 45
15 8
15 28
16 2
16 24
17 26
17 33
18 0
18 15
19 35
19 39
20 1
20 17
21 10
21 46
22 4
22 16
23 6
23 40
24 30
24 42
25 0
25 36
26 29
26 45
27 7
27 11
28 31
28 46
29 13
29 20
30 22
30 44
31 18
31 38
32 1
32 44
33 11
33 29
34 3
34 41
35 27
35 33
36 21
36 37
37 5
37 10
38 3
38 15
39 27
39 39
40 4
40 23
41 12
41 37
42 22
42 40
43 34
43 38
44 14
44 16
45 20
45 32
46 18
46 25

# solution 92
# n=47 sym=rct4 status=verified source=flammenkamp_cache/n47_rct4.mvr
# code=mvr:0 26 0 32 1 8 1 35 2 13 2 26 3 16 3 37 4
0 26
0 32
1 8
1 35
2 13
2 26
3 16
3 37
4 4
4 16
5 36
5 40
6 5
6 31
7 9
7 18
8 23
8 45
9 3
9 39
10 5
10 18
11 1
11 19
12 25
12 32
13 29
13 44
14 0
14 12
15 6
15 19
16 42
16 43
17 13
17 24
18 36
18 39
19 31
19 35
20 0
20 2
21 12
21 24
22 17
22 21
23 8
23 38
24 25
24 29
25 22
25 34
26 44
26 46
27 11
27 15
28 7
28 10
29 22
29 33
30 3
30 4
31 27
31 40
32 34
32 46
33 2
33 17
34 14
34 21
35 27
35 45
36 28
36 41
37 7
37 43
38 1
38 23
39 28
39 37
40 15
40 41
41 6
41 10
42 30
42 42
43 9
43 30
44 20
44 33
45 11
45 38
46 14
46 20

# solution 93
# n=47 sym=rct4 status=verified source=flammenkamp_cache/n47_rct4.mvr
# code=mvr:0 26 0 32 1 8 1 11 2 13 2 26 3 16 3 37 4
0 26
0 32
1 8
1 11
2 13
2 26
3 16
3 37
4 4
4 16
5 36
5 40
6 5
6 31
7 9
7 18
8 23
8 45
9 3
9 39
10 5
10 18
11 19
11 45
12 25
12 32
13 29
13 44
14 0
14 12
15 6
15 19
16 42
16 43
17 13
17 24
18 36
18 39
19 31
19 35
20 0
20 2
21 12
21 24
22 17
22 21
23 8
23 38
24 25
24 29
25 22
25 34
26 44
26 46
27 11
27 15
28 7
28 10
29 22
29 33
30 3
30 4
31 27
31 40
32 34
32 46
33 2
33 17
34 14
34 21
35 1
35 27
36 28
36 41
37 7
37 43
38 1
38 23
39 28
39 37
40 15
40 41
41 6
41 10
42 30
42 42
43 9
43 30
44 20
44 33
45 35
45 38
46 14
46 20

# solution 94
# n=47 sym=rct4 status=verified source=flammenkamp_cache/n47_rct4.mvr
# code=mvr:0 17 0 32 1 23 1 25 2 12 2 30 3 20 3 38 
0 17
0 32
1 23
1 25
2 12
2 30
3 20
3 38
4 13
4 29
5 26
5 28
6 9
6 10
7 8
7 11
8 3
8 39
9 19
9 40
10 28
10 40
11 11
11 39
12 15
12 44
13 14
13 42
14 0
14 33
15 22
15 34
16 2
16 24
17 4
17 46
18 5
18 10
19 21
19 37
20 5
20 43
21 1
21 27
22 16
22 31
23 1
23 45
24 15
24 30
25 19
25 45
26 3
26 41
27 9
27 25
28 36
28 41
29 0
29 42
30 22
30 44
31 12
31 24
32 13
32 46
33 4
33 32
34 2
34 31
35 7
35 35
36 6
36 18
37 6
37 27
38 7
38 43
39 35
39 38
40 36
40 37
41 18
41 20
42 17
42 33
43 8
43 26
44 16
44 34
45 21
45 23
46 14
46 29

# solution 95
# n=47 sym=rct4 status=verified source=flammenkamp_cache/n47_rct4.mvr
# code=mvr:0 14 0 29 1 16 1 34 2 12 2 37 3 24 3 42 
0 14
0 29
1 16
1 34
2 12
2 37
3 24
3 42
4 3
4 21
5 10
5 33
6 21
6 24
7 29
7 37
8 15
8 26
9 2
9 7
10 32
10 41
11 15
11 27
12 1
12 44
13 5
13 13
14 10
14 46
15 35
15 38
16 28
16 45
17 0
17 7
18 16
18 19
19 11
19 28
20 8
20 23
21 40
21 42
22 3
22 6
23 20
23 26
24 40
24 43
25 4
25 6
26 23
26 38
27 18
27 35
28 27
28 30
29 39
29 46
30 1
30 18
31 8
31 11
32 0
32 36
33 33
33 41
34 2
34 45
35 19
35 31
36 5
36 14
37 39
37 44
38 20
38 31
39 9
39 17
40 22
40 25
41 13
41 36
42 25
42 43
43 4
43 22
44 9
44 34
45 12
45 30
46 17
46 32

# solution 96
# n=47 sym=rct4 status=verified source=flammenkamp_cache/n47_rct4.mvr
# code=mvr:0 21 0 29 1 10 1 38 2 15 2 33 3 21 3 27 
0 21
0 29
1 10
1 38
2 15
2 33
3 21
3 27
4 5
4 20
5 7
5 42
6 15
6 26
7 27
7 41
8 1
8 34
9 33
9 36
10 9
10 45
11 18
11 32
12 8
12 22
13 2
13 9
14 11
14 29
15 40
15 44
16 16
16 24
17 0
17 14
18 23
18 35
19 3
19 7
20 6
20 42
21 43
21 46
22 16
22 34
23 18
23 28
24 12
24 30
25 0
25 3
26 4
26 40
27 39
27 43
28 11
28 23
29 32
29 46
30 22
30 30
31 2
31 6
32 17
32 35
33 37
33 44
34 24
34 38
35 14
35 28
36 1
36 37
37 10
37 13
38 12
38 45
39 5
39 19
40 20
40 31
41 4
41 39
42 26
42 41
43 19
43 25
44 13
44 31
45 8
45 36
46 17
46 25

# solution 97
# n=47 sym=rct4 status=verified source=flammenkamp_cache/n47_rct4.mvr
# code=mvr:0 26 0 32 1 1 1 29 2 21 2 37 3 12 3 21 4
0 26
0 32
1 1
1 29
2 21
2 37
3 12
3 21
4 12
4 30
5 6
5 18
6 19
6 41
7 8
7 9
8 23
8 39
9 2
9 39
10 18
10 30
11 13
11 32
12 42
12 43
13 29
13 35
14 0
14 11
15 20
15 22
16 4
16 10
17 1
17 13
18 36
18 41
19 24
19 40
20 0
20 31
21 43
21 44
22 19
22 31
23 8
23 38
24 15
24 27
25 2
25 3
26 15
26 46
27 6
27 22
28 5
28 10
29 33
29 45
30 36
30 42
31 24
31 26
32 35
32 46
33 11
33 17
34 3
34 4
35 14
35 33
36 16
36 28
37 7
37 44
38 7
38 23
39 37
39 38
40 5
40 27
41 28
41 40
42 16
42 34
43 25
43 34
44 9
44 25
45 17
45 45
46 14
46 20

# solution 98
# n=47 sym=rct4 status=verified source=flammenkamp_cache/n47_rct4.mvr
# code=mvr:0 17 0 35 1 13 1 34 2 27 2 43 3 2 3 21 4
0 17
0 35
1 13
1 34
2 27
2 43
3 2
3 21
4 20
4 34
5 10
5 21
6 26
6 31
7 8
7 13
8 8
8 39
9 24
9 28
10 15
10 41
11 0
11 32
12 1
12 4
13 39
13 45
14 11
14 17
15 6
15 36
16 24
16 28
17 32
17 46
18 9
18 16
19 2
19 23
20 6
20 42
21 41
21 43
22 9
22 16
23 19
23 27
24 30
24 37
25 3
25 5
26 4
26 40
27 23
27 44
28 30
28 37
29 0
29 14
30 18
30 22
31 10
31 40
32 29
32 35
33 1
33 7
34 42
34 45
35 14
35 46
36 5
36 31
37 18
37 22
38 7
38 38
39 33
39 38
40 15
40 20
41 25
41 36
42 12
42 26
43 25
43 44
44 3
44 19
45 12
45 33
46 11
46 29

# solution 99
# n=47 sym=rct4 status=verified source=flammenkamp_cache/n47_rct4.mvr
# code=mvr:0 24 0 42 1 14 1 33 2 20 2 30 3 20 3 21 
0 24
0 42
1 14
1 33
2 20
2 30
3 20
3 21
4 0
4 4
5 16
5 36
6 8
6 11
7 19
7 23
8 31
8 40
9 17
9 28
10 5
10 11
11 36
11 40
12 13
12 31
13 1
13 34
14 17
14 45
15 8
15 12
16 2
16 41
17 32
17 37
18 9
18 24
19 25
19 39
20 43
20 44
21 19
21 43
22 0
22 18
23 7
23 39
24 28
24 46
25 3
25 27
26 2
26 3
27 7
27 21
28 22
28 37
29 9
29 14
30 5
30 44
31 34
31 38
32 1
32 29
33 12
33 45
34 15
34 33
35 6
35 10
36 35
36 41
37 18
37 29
38 6
38 15
39 23
39 27
40 35
40 38
41 10
41 30
42 42
42 46
43 25
43 26
44 16
44 26
45 13
45 32
46 4
46 22

# solution 100
# n=47 sym=rct4 status=verified source=flammenkamp_cache/n47_rct4.mvr
# code=mvr:0 4 0 24 1 14 1 33 2 20 2 30 3 20 3 21 4
0 4
0 24
1 14
1 33
2 20
2 30
3 20
3 21
4 4
4 46
5 16
5 36
6 8
6 11
7 19
7 23
8 31
8 40
9 17
9 28
10 5
10 11
11 36
11 40
12 13
12 31
13 1
13 34
14 17
14 45
15 8
15 12
16 2
16 41
17 32
17 37
18 9
18 24
19 25
19 39
20 43
20 44
21 19
21 43
22 0
22 18
23 7
23 39
24 28
24 46
25 3
25 27
26 2
26 3
27 7
27 21
28 22
28 37
29 9
29 14
30 5
30 44
31 34
31 38
32 1
32 29
33 12
33 45
34 15
34 33
35 6
35 10
36 35
36 41
37 18
37 29
38 6
38 15
39 23
39 27
40 35
40 38
41 10
41 30
42 0
42 42
43 25
43 26
44 16
44 26
45 13
45 32
46 22
46 42

# solution 101
# n=47 sym=rct4 status=verified source=flammenkamp_cache/n47_rct4.mvr
# code=mvr:0 27 0 29 1 14 1 29 2 14 2 35 3 24 3 34 
0 27
0 29
1 14
1 29
2 14
2 35
3 24
3 34
4 5
4 21
5 5
5 42
6 10
6 20
7 11
7 34
8 24
8 37
9 8
9 19
10 16
10 40
11 2
11 39
12 3
12 7
13 15
13 28
14 44
14 45
15 21
15 33
16 23
16 36
17 0
17 1
18 13
18 20
19 0
19 37
20 28
20 40
21 31
21 42
22 3
22 8
23 16
23 30
24 38
24 43
25 4
25 15
26 6
26 18
27 9
27 46
28 26
28 33
29 45
29 46
30 10
30 23
31 13
31 25
32 1
32 2
33 18
33 31
34 39
34 43
35 7
35 44
36 6
36 30
37 27
37 38
38 9
38 22
39 12
39 35
40 26
40 36
41 4
41 41
42 25
42 41
43 12
43 22
44 11
44 32
45 17
45 32
46 17
46 19

# solution 102
# n=47 sym=rct4 status=verified source=flammenkamp_cache/n47_rct4.mvr
# code=mvr:0 18 0 22 1 1 1 31 2 23 2 29 3 16 3 19 4
0 18
0 22
1 1
1 31
2 23
2 29
3 16
3 19
4 34
4 38
5 24
5 25
6 34
6 37
7 27
7 30
8 4
8 13
9 6
9 14
10 11
10 17
11 21
11 36
12 4
12 6
13 31
13 38
14 26
14 37
15 1
15 13
16 7
16 43
17 2
17 36
18 26
18 46
19 7
19 43
20 14
20 18
21 5
21 35
22 5
22 46
23 2
23 44
24 0
24 41
25 11
25 41
26 28
26 32
27 3
27 39
28 0
28 20
29 10
29 44
30 3
30 39
31 33
31 45
32 9
32 20
33 8
33 15
34 40
34 42
35 10
35 25
36 29
36 35
37 32
37 40
38 33
38 42
39 16
39 19
40 9
40 12
41 21
41 22
42 8
42 12
43 27
43 30
44 17
44 23
45 15
45 45
46 24
46 28

# solution 103
# n=47 sym=rct4 status=verified source=flammenkamp_cache/n47_rct4.mvr
# code=mvr:0 10 0 37 1 18 1 23 2 19 2 28 3 12 3 13 
0 10
0 37
1 18
1 23
2 19
2 28
3 12
3 13
4 24
4 36
5 25
5 29
6 32
6 39
7 6
7 11
8 15
8 26
9 0
9 12
10 4
10 46
11 30
11 39
12 37
12 43
13 19
13 43
14 6
14 21
15 26
15 38
16 11
16 17
17 5
17 30
18 2
18 45
19 33
19 44
20 8
20 15
21 5
21 32
22 4
22 22
23 1
23 45
24 24
24 42
25 14
25 41
26 31
26 38
27 2
27 13
28 1
28 44
29 16
29 41
30 29
30 35
31 8
31 20
32 25
32 40
33 3
33 27
34 3
34 9
35 7
35 16
36 0
36 42
37 34
37 46
38 20
38 31
39 35
39 40
40 7
40 14
41 17
41 21
42 10
42 22
43 33
43 34
44 18
44 27
45 23
45 28
46 9
46 36

# solution 104
# n=47 sym=rct4 status=verified source=flammenkamp_cache/n47_rct4.mvr
# code=mvr:0 12 0 27 1 17 1 22 2 25 2 36 3 3 3 25 4
0 12
0 27
1 17
1 22
2 25
2 36
3 3
3 25
4 5
4 11
5 12
5 42
6 31
6 36
7 24
7 29
8 11
8 32
9 13
9 27
10 2
10 6
11 38
11 42
12 41
12 46
13 16
13 37
14 8
14 26
15 6
15 30
16 15
16 33
17 7
17 45
18 20
18 23
19 0
19 9
20 14
20 28
21 2
21 3
22 7
22 45
23 18
23 28
24 1
24 39
25 43
25 44
26 18
26 32
27 37
27 46
28 23
28 26
29 1
29 39
30 13
30 31
31 16
31 40
32 20
32 38
33 9
33 30
34 0
34 5
35 4
35 8
36 40
36 44
37 19
37 33
38 14
38 35
39 17
39 22
40 10
40 15
41 4
41 34
42 35
42 41
43 21
43 43
44 10
44 21
45 24
45 29
46 19
46 34

# solution 105
# n=47 sym=rct4 status=verified source=flammenkamp_cache/n47_rct4.mvr
# code=mvr:0 15 0 32 1 16 1 24 2 20 2 28 3 9 3 21 4
0 15
0 32
1 16
1 24
2 20
2 28
3 9
3 21
4 11
4 33
5 9
5 38
6 6
6 16
7 27
7 33
8 5
8 27
9 41
9 43
10 31
10 32
11 18
11 42
12 24
12 29
13 4
13 7
14 0
14 10
15 10
15 46
16 40
16 45
17 12
17 20
18 2
18 35
19 7
19 8
20 29
20 44
21 23
21 43
22 1
22 12
23 21
23 25
24 34
24 45
25 3
25 23
26 2
26 17
27 38
27 39
28 11
28 44
29 26
29 34
30 1
30 6
31 0
31 36
32 36
32 46
33 39
33 42
34 17
34 22
35 4
35 28
36 14
36 15
37 3
37 5
38 19
38 41
39 13
39 19
40 30
40 40
41 8
41 37
42 13
42 35
43 25
43 37
44 18
44 26
45 22
45 30
46 14
46 31

