# solution 1
# n=58 sym=rot4 status=verified source=flammenkamp_cache/n58_rot4.few
# code=oLRchHcUV8B6gKqAdHrPSPoDrSgdk1Z5CMant7D12XpGvEfNYKQlm3X3vjm9C0sOs9AVbNYGh0f6Otuio28LZjqMuBIFT4i7WTW4eIl5bFpknQRJeEJUa
0 21
0 27
1 38
1 43
2 17
2 38
3 30
3 31
4 8
4 11
5 6
5 42
6 20
6 52
7 10
7 39
8 17
8 53
9 25
9 28
10 25
10 50
11 13
11 53
12 28
12 42
13 39
13 46
14 1
14 35
15 5
15 12
16 22
16 36
17 49
17 55
18 7
18 13
19 1
19 2
20 33
20 51
21 16
21 57
22 14
22 41
23 23
23 34
24 20
24 26
25 47
25 48
26 3
26 33
27 3
27 57
28 45
28 48
29 9
29 12
30 0
30 54
31 24
31 54
32 9
32 10
33 31
33 37
34 23
34 34
35 16
35 43
36 0
36 41
37 6
37 24
38 55
38 56
39 44
39 50
40 2
40 8
41 21
41 35
42 45
42 52
43 22
43 56
44 11
44 18
45 15
45 29
46 4
46 44
47 7
47 32
48 29
48 32
49 4
49 40
50 18
50 47
51 5
51 37
52 15
52 51
53 46
53 49
54 26
54 27
55 19
55 40
56 14
56 19
57 30
57 36

# solution 2
# n=58 sym=rot4 status=verified source=flammenkamp_cache/n58_rot4.few
# code=oTbHfGRXZBq4hOi9KTiYoIkArMY685PJP1tauUlLg0oHc3j9C3pghQVIt08nv2dQVEF6sjmCsJe7vFaAR1L2uWcWqnpNZ4lBd7NDSbmDXEr5kMOUfGeKS
0 29
0 37
1 17
1 41
2 16
2 27
3 33
3 35
4 11
4 52
5 4
5 43
6 24
6 44
7 9
7 20
8 29
8 44
9 34
9 50
10 18
10 46
11 10
11 53
12 22
12 34
13 6
13 8
14 5
14 25
15 19
15 25
16 1
16 55
17 36
17 56
18 30
18 47
19 21
19 42
20 0
20 50
21 17
21 38
22 3
22 45
23 9
23 12
24 3
24 51
25 42
25 43
26 26
26 31
27 18
27 55
28 0
28 8
29 49
29 57
30 2
30 39
31 26
31 31
32 14
32 15
33 6
33 54
34 45
34 48
35 12
35 54
36 19
36 40
37 7
37 57
38 15
38 36
39 10
39 27
40 1
40 21
41 2
41 56
42 32
42 38
43 32
43 52
44 49
44 51
45 23
45 35
46 4
46 47
47 11
47 39
48 7
48 23
49 13
49 28
50 37
50 48
51 13
51 33
52 14
52 53
53 5
53 46
54 22
54 24
55 30
55 41
56 16
56 40
57 20
57 28

# solution 3
# n=58 sym=rot4 status=verified source=flammenkamp_cache/n58_rot4.few
# code=o4NbeKMUXSvFHJi8mao7GXhCRdk6MAPaqJm1qCTfp1t8FitPv3AYhQV3kIr4dBsQVENls0W2Dgn2u6GSj5u9c5LWlZpBIUjEOfo7L9nDceg0TORZbHKYr
0 4
0 23
1 37
1 40
2 20
2 22
3 30
3 33
4 28
4 57
5 15
5 17
6 19
6 44
7 8
7 48
8 36
8 50
9 7
9 16
10 33
10 43
11 12
11 27
12 39
12 46
13 6
13 22
14 10
14 25
15 36
15 52
16 19
16 48
17 1
17 52
18 12
18 29
19 41
19 51
20 1
20 55
21 8
21 15
22 44
22 55
23 25
23 57
24 3
24 10
25 34
25 43
26 26
26 31
27 3
27 46
28 18
28 53
29 4
29 39
30 11
30 54
31 26
31 31
32 14
32 23
33 47
33 54
34 0
34 32
35 2
35 13
36 42
36 49
37 2
37 56
38 6
38 16
39 28
39 45
40 5
40 56
41 9
41 38
42 5
42 21
43 32
43 47
44 35
44 51
45 11
45 18
46 30
46 45
47 14
47 24
48 41
48 50
49 7
49 21
50 9
50 49
51 13
51 38
52 40
52 42
53 0
53 29
54 24
54 27
55 35
55 37
56 17
56 20
57 34
57 53

# solution 4
# n=58 sym=rot4 status=verified source=flammenkamp_cache/n58_rot4.few
# code=o0vCLSYQUDGcp5CGeciQRTgdgpu8rLOABor7PBZ58NZhuIK2bPhXems3mAt2l9s39HOEWKtbd1EMYnqMkWo47klXa4n16FIFSUVDJHfjq6JfiRVNTaj0v
0 0
0 57
1 12
1 21
2 28
2 34
3 26
3 30
4 13
4 16
5 38
5 51
6 5
6 12
7 16
7 40
8 38
8 44
9 26
9 27
10 29
10 42
11 39
11 42
12 51
12 56
13 8
13 53
14 21
14 24
15 10
15 11
16 50
16 53
17 7
17 25
18 11
18 35
19 5
19 8
20 23
20 35
21 43
21 56
22 18
22 20
23 2
23 37
24 25
24 43
25 33
25 40
26 48
26 54
27 3
27 48
28 10
28 55
29 2
29 47
30 9
30 54
31 3
31 9
32 17
32 24
33 14
33 32
34 20
34 55
35 37
35 39
36 1
36 14
37 22
37 34
38 49
38 52
39 22
39 46
40 32
40 50
41 4
41 7
42 46
42 47
43 33
43 36
44 4
44 49
45 1
45 6
46 15
46 18
47 15
47 28
48 30
48 31
49 13
49 19
50 17
50 41
51 45
51 52
52 6
52 19
53 41
53 44
54 27
54 31
55 23
55 29
56 36
56 45
57 0
57 57

# solution 5
# n=58 sym=rot4 status=verified source=flammenkamp_cache/n58_rot4.few
# code=o0vFGJnLTVY9JOSfj2ebqLQIU7DKjZdWu7u8WEkqt9ilsEY4MRpFH4lBX3p6sOkAreg6UZrNh3ADm25BhPn1o1PIMCbioRdVa5KHtCGTXcmNQSa8cfg0v
0 0
0 57
1 15
1 16
2 19
2 49
3 21
3 29
4 31
4 34
5 9
5 19
6 24
6 28
7 41
7 45
8 2
8 40
9 37
9 52
10 21
10 26
11 18
11 30
12 7
12 13
13 20
13 45
14 35
14 39
15 32
15 56
16 7
16 56
17 8
17 32
18 14
18 46
19 52
19 55
20 9
20 44
21 47
21 54
22 14
22 34
23 4
23 22
24 27
24 51
25 15
25 17
26 4
26 47
27 11
27 33
28 3
28 51
29 6
29 54
30 24
30 46
31 10
31 53
32 40
32 42
33 6
33 30
34 35
34 53
35 23
35 43
36 3
36 10
37 13
37 48
38 2
38 5
39 11
39 43
40 25
40 49
41 1
41 50
42 1
42 25
43 18
43 22
44 12
44 37
45 44
45 50
46 27
46 39
47 31
47 36
48 5
48 20
49 17
49 55
50 12
50 16
51 29
51 33
52 38
52 48
53 23
53 26
54 28
54 36
55 8
55 38
56 41
56 42
57 0
57 57

# solution 6
# n=58 sym=rot4 status=verified source=flammenkamp_cache/n58_rot4.few
# code=o0vGHTbWbNTIaOQFjACcl9nFI7nUZHNkoZuhukq9Q235XDGhrLp3RcpDW24rtPi6JUs6a4EfiOqstVm5B1E1M7BYeMR8odg8mAJjlCgVXLdSYKPKSef0v
0 0
0 57
1 16
1 17
2 29
2 37
3 32
3 37
4 23
4 29
5 18
5 36
6 24
6 26
7 15
7 45
8 10
8 12
9 38
9 47
10 9
10 49
11 15
11 18
12 7
12 49
13 30
13 35
14 17
14 23
15 46
15 50
16 35
16 56
17 43
17 56
18 46
18 52
19 9
19 26
20 2
20 3
21 5
21 33
22 13
22 16
23 43
23 53
24 21
24 51
25 3
25 27
26 38
26 51
27 13
27 32
28 2
28 4
29 53
29 55
30 25
30 44
31 6
31 19
32 30
32 54
33 6
33 36
34 4
34 14
35 41
35 44
36 24
36 52
37 54
37 55
38 31
38 48
39 5
39 11
40 1
40 14
41 1
41 22
42 7
42 11
43 34
43 40
44 22
44 27
45 8
45 50
46 39
46 42
47 8
47 48
48 10
48 19
49 45
49 47
50 12
50 42
51 31
51 33
52 21
52 39
53 28
53 34
54 20
54 25
55 20
55 28
56 40
56 41
57 0
57 57

# solution 7
# n=58 sym=rot4 status=verified source=flammenkamp_cache/n58_rot4.few
# code=o0vXeCRFUCiJhZmJlTY6b7dQTrt4Q5KGsZg1LAWoq9hWe6G8O1YILik3t8Bkn2sBDadNuXnfpHPEm57PlauFM3fbqVr24SVIoKpNSAc9MEcDjRgUjHO0v
0 0
0 57
1 33
1 40
2 12
2 27
3 15
3 30
4 12
4 44
5 19
5 43
6 35
6 48
7 19
7 47
8 29
8 34
9 6
9 37
10 7
10 39
11 26
11 29
12 53
12 55
13 4
13 26
14 5
14 20
15 16
15 54
16 35
16 42
17 1
17 21
18 10
18 32
19 50
19 52
20 9
20 43
21 32
21 40
22 6
22 16
23 8
23 24
24 1
24 34
25 18
25 21
26 44
26 46
27 3
27 55
28 8
28 11
29 46
29 49
30 2
30 54
31 11
31 13
32 36
32 39
33 23
33 56
34 33
34 49
35 41
35 51
36 17
36 25
37 14
37 48
38 5
38 7
39 25
39 47
40 36
40 56
41 15
41 22
42 3
42 41
43 37
43 52
44 31
44 53
45 2
45 4
46 28
46 31
47 18
47 50
48 20
48 51
49 23
49 28
50 10
50 38
51 9
51 22
52 14
52 38
53 13
53 45
54 27
54 42
55 30
55 45
56 17
56 24
57 0
57 57

# solution 8
# n=58 sym=rot4 status=verified source=flammenkamp_cache/n58_rot4.few
# code=o0vHXTkVaOkEJ7fbpANAUmn24NbHWdqIQ6SiuEgaq7C3JPRjn1rDZ3g9Z2fGtMmFsMi4u8CUWcsjo5LFh1DTpVd5IPeKYrt89RlYl6KGochBXLQBSOe0v
0 0
0 57
1 17
1 33
2 29
2 46
3 31
3 36
4 24
4 46
5 14
5 19
6 7
6 41
7 37
7 51
8 10
8 23
9 10
9 30
10 48
10 49
11 2
11 4
12 23
12 37
13 17
13 32
14 39
14 52
15 18
15 26
16 6
16 28
17 44
17 56
18 14
18 42
19 36
19 52
20 7
20 12
21 3
21 19
22 25
22 27
23 45
23 49
24 1
24 53
25 13
25 35
26 3
26 42
27 9
27 35
28 2
28 41
29 16
29 55
30 22
30 48
31 15
31 54
32 22
32 44
33 4
33 56
34 8
34 12
35 30
35 32
36 38
36 54
37 45
37 50
38 5
38 21
39 15
39 43
40 1
40 13
41 29
41 51
42 31
42 39
43 5
43 18
44 25
44 40
45 20
45 34
46 53
46 55
47 8
47 9
48 27
48 47
49 34
49 47
50 6
50 20
51 16
51 50
52 38
52 43
53 11
53 33
54 21
54 26
55 11
55 28
56 24
56 40
57 0
57 57

# solution 9
# n=58 sym=rot4 status=verified source=flammenkamp_cache/n58_rot4.few
# code=o0vRdUWJgJOCGWXEKdkaeNT8hNqTZBo3HKq9g18rsfo9VDQjl6r26LZ2uADil1tMapt4pACViQm7G34nuFm5bes7kMS5YEnSYHLBIbhOPfjXcFcPRIU0v
0 0
0 57
1 27
1 39
2 30
2 32
3 19
3 42
4 19
4 24
5 12
5 16
6 32
6 33
7 14
7 20
8 39
8 46
9 36
9 40
10 23
10 29
11 8
11 43
12 23
12 52
13 29
13 35
14 11
14 50
15 3
15 17
16 20
16 52
17 9
17 42
18 1
18 8
19 53
19 54
20 41
20 50
21 9
21 31
22 13
22 26
23 45
23 47
24 6
24 53
25 2
25 6
26 21
26 35
27 2
27 56
28 10
28 13
29 44
29 47
30 1
30 55
31 22
31 36
32 51
32 55
33 4
33 51
34 10
34 12
35 31
35 44
36 26
36 48
37 7
37 16
38 3
38 4
39 49
39 56
40 15
40 48
41 5
41 37
42 40
42 54
43 7
43 46
44 22
44 28
45 5
45 34
46 14
46 49
47 28
47 34
48 17
48 21
49 11
49 18
50 37
50 43
51 24
51 25
52 41
52 45
53 33
53 38
54 15
54 38
55 25
55 27
56 18
56 30
57 0
57 57

# solution 10
# n=58 sym=rot4 status=verified source=flammenkamp_cache/n58_rot4.few
# code=o0vRdUWJgJOCGWXEKBdaeNThnNqTZBo3HKq9g18rsfo9VDQjl6r26LZ2uADil1tMapt4pACViQm7G34nuFm5bes7kMS5Y8ESYHLIkbhOPfjXcFcPRIU0v
0 0
0 57
1 27
1 39
2 30
2 32
3 19
3 42
4 19
4 24
5 12
5 16
6 32
6 33
7 14
7 20
8 11
8 39
9 36
9 40
10 23
10 29
11 43
11 49
12 23
12 52
13 29
13 35
14 11
14 50
15 3
15 17
16 20
16 52
17 9
17 42
18 1
18 8
19 53
19 54
20 41
20 50
21 9
21 31
22 13
22 26
23 45
23 47
24 6
24 53
25 2
25 6
26 21
26 35
27 2
27 56
28 10
28 13
29 44
29 47
30 1
30 55
31 22
31 36
32 51
32 55
33 4
33 51
34 10
34 12
35 31
35 44
36 26
36 48
37 7
37 16
38 3
38 4
39 49
39 56
40 15
40 48
41 5
41 37
42 40
42 54
43 7
43 46
44 22
44 28
45 5
45 34
46 8
46 14
47 28
47 34
48 17
48 21
49 18
49 46
50 37
50 43
51 24
51 25
52 41
52 45
53 33
53 38
54 15
54 38
55 25
55 27
56 18
56 30
57 0
57 57

# solution 11
# n=58 sym=rot4 status=verified source=flammenkamp_cache/n58_rot4.few
# code=o0vIW9eShRbKMBVciGUjtBVlp9G7g3aDNjn2MTu7W4qEOeqOgYa1J6A8rIs3d4nlpcuLNFX5HXh5rPo1SZt8CYiLsFofm6AQk2CRfDJQkZbKUETHmPd0v
0 0
0 57
1 18
1 32
2 9
2 40
3 28
3 43
4 27
4 37
5 20
5 22
6 11
6 31
7 38
7 44
8 16
8 30
9 45
9 55
10 11
10 31
11 47
11 51
12 9
12 16
13 7
13 42
14 3
14 36
15 13
15 23
16 45
16 49
17 2
17 22
18 29
18 56
19 7
19 32
20 4
20 52
21 14
21 24
22 40
22 52
23 24
23 42
24 34
24 36
25 1
25 19
26 6
26 10
27 8
27 53
28 18
28 54
29 3
29 39
30 4
30 49
31 47
31 51
32 38
32 56
33 21
33 23
34 15
34 33
35 5
35 17
36 33
36 43
37 5
37 53
38 25
38 50
39 1
39 28
40 35
40 55
41 8
41 12
42 34
42 44
43 21
43 54
44 15
44 50
45 41
45 48
46 6
46 10
47 26
47 46
48 2
48 12
49 27
49 41
50 13
50 19
51 26
51 46
52 35
52 37
53 20
53 30
54 14
54 29
55 17
55 48
56 25
56 39
57 0
57 57

# solution 12
# n=58 sym=rot4 status=verified source=flammenkamp_cache/n58_rot4.few
# code=o0vIW9eShRbKMBVciUfjtBVlp9G7g3aDN8j2MTu7W4qEOeqOgYa1J6A8rIs3d4nlpcuLNFX5HXh5rPo1SZtCnYiLsFofm6AQk2CGRDJQkZbKUETHmPd0v
0 0
0 57
1 18
1 32
2 9
2 40
3 28
3 43
4 27
4 37
5 20
5 22
6 11
6 31
7 38
7 44
8 30
8 41
9 45
9 55
10 11
10 31
11 47
11 51
12 9
12 16
13 7
13 42
14 3
14 36
15 13
15 23
16 8
16 45
17 2
17 22
18 29
18 56
19 7
19 32
20 4
20 52
21 14
21 24
22 40
22 52
23 24
23 42
24 34
24 36
25 1
25 19
26 6
26 10
27 8
27 53
28 18
28 54
29 3
29 39
30 4
30 49
31 47
31 51
32 38
32 56
33 21
33 23
34 15
34 33
35 5
35 17
36 33
36 43
37 5
37 53
38 25
38 50
39 1
39 28
40 35
40 55
41 12
41 49
42 34
42 44
43 21
43 54
44 15
44 50
45 41
45 48
46 6
46 10
47 26
47 46
48 2
48 12
49 16
49 27
50 13
50 19
51 26
51 46
52 35
52 37
53 20
53 30
54 14
54 29
55 17
55 48
56 25
56 39
57 0
57 57

# solution 13
# n=58 sym=rot4 status=verified source=flammenkamp_cache/n58_rot4.few
# code=o0vIaGYKVTiUkJRbiNZkl9P59Mg47XfCVEtXacuIp7s1H8j2nEHSl3F5p4WPr6qgsATeh8tCneu3o6d1JLO2hQjGOorFZmqWmABMYDKUcBRDSQbNfLd0v
0 0
0 57
1 18
1 36
2 16
2 34
3 20
3 31
4 29
4 44
5 30
5 46
6 19
6 27
7 37
7 44
8 23
8 35
9 46
9 47
10 9
10 25
11 5
11 9
12 22
12 42
13 4
13 7
14 33
14 41
15 12
15 31
16 14
16 55
17 33
17 36
18 38
18 56
19 18
19 51
20 7
20 54
21 1
21 17
22 8
22 45
23 2
23 49
24 14
24 17
25 28
25 47
26 3
26 15
27 5
27 51
28 4
28 32
29 25
29 53
30 6
30 52
31 42
31 54
32 10
32 29
33 40
33 43
34 8
34 55
35 12
35 49
36 40
36 56
37 3
37 50
38 6
38 39
39 1
39 19
40 21
40 24
41 2
41 43
42 26
42 45
43 16
43 24
44 50
44 53
45 15
45 35
46 48
46 52
47 32
47 48
48 10
48 11
49 22
49 34
50 13
50 20
51 30
51 38
52 11
52 27
53 13
53 28
54 26
54 37
55 23
55 41
56 21
56 39
57 0
57 57

# solution 14
# n=58 sym=rot4 status=verified source=flammenkamp_cache/n58_rot4.few
# code=o0vIbFSHXWhSbHk8jFoNOZj6E7AWf4kntDNpsQuUa15JUAQfm3m4DZdJLqt25acIMir9s9GVlRcquLR1V36Yi28BrGPlohpCMXY7gCnBeKTEPOeTgKd0v
0 0
0 57
1 18
1 37
2 15
2 28
3 17
3 33
4 32
4 43
5 28
5 37
6 17
6 46
7 8
7 45
8 15
8 50
9 23
9 24
10 35
10 45
11 6
11 14
12 7
12 10
13 32
13 41
14 4
14 46
15 49
15 55
16 13
16 23
17 51
17 54
18 26
18 56
19 30
19 36
20 1
20 5
21 19
21 30
22 10
22 26
23 41
23 48
24 3
24 48
25 4
25 13
26 35
26 39
27 19
27 21
28 52
28 55
29 2
29 5
30 36
30 38
31 18
31 22
32 44
32 53
33 9
33 54
34 9
34 16
35 31
35 47
36 27
36 38
37 52
37 56
38 21
38 27
39 1
39 31
40 3
40 6
41 34
41 44
42 2
42 8
43 11
43 53
44 16
44 25
45 47
45 50
46 43
46 51
47 12
47 22
48 33
48 34
49 7
49 42
50 12
50 49
51 11
51 40
52 20
52 29
53 14
53 25
54 24
54 40
55 29
55 42
56 20
56 39
57 0
57 57

# solution 15
# n=58 sym=rot4 status=verified source=flammenkamp_cache/n58_rot4.few
# code=o0vQbSWLZefLNRSACYbekEo9XioCJflPQ4E49XcIi18qs3R8qBI2gguZppt266M1FFtdk5nUs35nuDdJOmrhrVWAGcj7DOm7hBHKNjlTUYaGHMaPTKV0v
0 0
0 57
1 26
1 37
2 28
2 32
3 21
3 35
4 40
4 41
5 21
5 23
6 27
6 28
7 10
7 12
8 34
8 37
9 40
9 46
10 14
10 50
11 9
11 33
12 44
12 50
13 12
13 19
14 41
14 47
15 25
15 26
16 4
16 14
17 4
17 9
18 33
18 38
19 18
19 44
20 1
20 8
21 52
21 54
22 3
22 27
23 8
23 52
24 11
24 18
25 2
25 42
26 42
26 56
27 35
27 51
28 51
28 55
29 2
29 6
30 6
30 22
31 1
31 15
32 15
32 55
33 39
33 46
34 5
34 49
35 30
35 54
36 3
36 5
37 49
37 56
38 13
38 39
39 19
39 24
40 48
40 53
41 43
41 53
42 31
42 32
43 10
43 16
44 38
44 45
45 7
45 13
46 24
46 48
47 7
47 43
48 11
48 17
49 20
49 23
50 45
50 47
51 29
51 30
52 34
52 36
53 16
53 17
54 22
54 36
55 25
55 29
56 20
56 31
57 0
57 57

# solution 16
# n=58 sym=rot4 status=verified source=flammenkamp_cache/n58_rot4.few
# code=o0vMUMUDf7PBhTgYrWjTXdjJq8AIs5L6e3QFLAiXkQYehtu7K9J8rbf1269mptuGK4ncmbo12EHNVBODlagVsHpaq3dln5cCIOSCP4NFSEkWoGiRZRZ0v
0 0
0 57
1 22
1 30
2 22
2 30
3 13
3 41
4 7
4 25
5 11
5 43
6 29
6 42
7 34
7 53
8 32
8 45
9 29
9 33
10 39
10 45
11 19
11 52
12 8
12 10
13 18
13 54
14 5
14 21
15 6
15 40
16 3
16 26
17 15
17 21
18 10
18 44
19 33
19 46
20 26
20 34
21 40
21 43
22 55
22 56
23 7
23 20
24 9
24 19
25 8
25 53
26 37
26 41
27 1
27 2
28 6
28 9
29 48
29 51
30 55
30 56
31 16
31 20
32 4
32 49
33 38
33 48
34 37
34 50
35 1
35 2
36 14
36 17
37 23
37 31
38 11
38 24
39 13
39 47
40 36
40 42
41 31
41 54
42 17
42 51
43 36
43 52
44 3
44 39
45 47
45 49
46 5
46 38
47 12
47 18
48 24
48 28
49 12
49 25
50 4
50 23
51 15
51 28
52 14
52 46
53 32
53 50
54 16
54 44
55 27
55 35
56 27
56 35
57 0
57 57

# solution 17
# n=58 sym=rot4 status=verified source=flammenkamp_cache/n58_rot4.few
# code=o0vPZOeFIRfClYkaiGkNc5C68lq7OKRQs4n2Ies9aSh7J1Q6mitSuZghrWbKP4EFM1T2D9pVucoETLm3Hdt8r3VUbXo5AnpjqJYBfDLBNAjGUdgHXMW0v
0 0
0 57
1 25
1 35
2 24
2 40
3 15
3 18
4 27
4 41
5 12
5 47
6 34
6 46
7 36
7 44
8 16
8 46
9 23
9 38
10 5
10 12
11 6
11 8
12 47
12 52
13 7
13 24
14 20
14 27
15 26
15 54
16 4
16 49
17 2
17 18
18 40
18 54
19 9
19 36
20 28
20 43
21 7
21 19
22 1
22 26
23 6
23 48
24 44
24 55
25 28
25 56
26 35
26 42
27 43
27 53
28 32
28 37
29 20
29 25
30 4
30 14
31 15
31 22
32 1
32 29
33 2
33 13
34 9
34 51
35 31
35 56
36 38
36 50
37 14
37 29
38 21
38 48
39 3
39 17
40 39
40 55
41 8
41 53
42 3
42 31
43 30
43 37
44 33
44 50
45 5
45 10
46 49
46 51
47 45
47 52
48 19
48 34
49 11
49 41
50 13
50 21
51 11
51 23
52 10
52 45
53 16
53 30
54 39
54 42
55 17
55 33
56 22
56 32
57 0
57 57

# solution 18
# n=58 sym=rot4 status=verified source=flammenkamp_cache/n58_rot4.few
# code=o0vWXZaDgKMDlBTIaYjOS5Hbp8IqsGU3HUhgljoPVBr272r8Q1m1cJYEG6m9pfhNcJu9uVn4tot4kQW7CAFEResRf35dn6KeqTXCNLdSkAiZbFiLMOP0v
0 0
0 57
1 32
1 33
2 35
2 36
3 13
3 42
4 20
4 22
5 13
5 47
6 11
6 29
7 18
7 36
8 34
8 45
9 24
9 28
10 5
10 17
11 37
11 51
12 8
12 18
13 52
13 54
14 16
14 30
15 3
15 17
16 30
16 43
17 42
17 47
18 45
18 50
19 25
19 31
20 11
20 53
21 2
21 7
22 2
22 53
23 8
23 26
24 1
24 48
25 1
25 38
26 19
26 34
27 14
27 16
28 6
28 48
29 9
29 51
30 41
30 43
31 23
31 38
32 19
32 56
33 9
33 56
34 31
34 49
35 4
35 55
36 50
36 55
37 4
37 46
38 26
38 32
39 7
39 12
40 10
40 15
41 14
41 27
42 40
42 54
43 27
43 41
44 3
44 5
45 39
45 49
46 6
46 20
47 40
47 52
48 29
48 33
49 12
49 23
50 21
50 39
51 28
51 46
52 10
52 44
53 35
53 37
54 15
54 44
55 21
55 22
56 24
56 25
57 0
57 57

# solution 19
# n=58 sym=rot4 status=verified source=flammenkamp_cache/n58_rot4.few
# code=o0vQTFjKZGWIcAhOYDQceLpFH2UTn6Yktdr9kGq59WsRl3O7EZo4KnuCa1DiuLj18br7MhoXsAU3Pmq5fBm4I2BNp8SRteg6aHJViNXElJdPfMbCgSV0v
0 0
0 57
1 26
1 29
2 15
2 45
3 20
3 35
4 16
4 32
5 18
5 38
6 10
6 43
7 24
7 34
8 13
8 26
9 38
9 40
10 21
10 51
11 15
11 17
12 2
12 30
13 29
13 49
14 6
14 34
15 46
15 55
16 39
16 53
17 9
17 46
18 16
18 52
19 5
19 9
20 32
20 54
21 27
21 47
22 3
22 24
23 7
23 14
24 35
24 50
25 4
25 20
26 49
26 56
27 12
27 36
28 1
28 13
29 44
29 56
30 21
30 45
31 1
31 8
32 37
32 53
33 7
33 22
34 43
34 50
35 33
35 54
36 10
36 30
37 3
37 25
38 48
38 52
39 5
39 41
40 11
40 48
41 4
41 18
42 2
42 11
43 23
43 51
44 8
44 28
45 27
45 55
46 40
46 42
47 6
47 36
48 17
48 19
49 31
49 44
50 23
50 33
51 14
51 47
52 19
52 39
53 25
53 41
54 22
54 37
55 12
55 42
56 28
56 31
57 0
57 57

