# solution 1
# n=60 sym=rot4 status=verified source=flammenkamp_cache/n60_rot4.few
# code=oKkZdVgFJQf9n8NTkIrbs5VLgCl07UeRuNP2B4pEu1xOm9Xhr1cRhMtYi2AEq7jnvFP4bGWLw6GQoBZ0w3j8tmvYa3WJTqxClHcSs5M6fDUapAoIXeiHSKODd
0 20
0 46
1 35
1 39
2 31
2 42
3 15
3 19
4 26
4 41
5 9
5 49
6 8
6 23
7 29
7 46
8 18
8 53
9 37
9 54
10 5
10 31
11 21
11 42
12 12
12 47
13 0
13 7
14 30
14 40
15 27
15 56
16 23
16 25
17 2
17 11
18 4
18 51
19 14
19 56
20 1
20 59
21 24
21 48
22 9
22 33
23 43
23 53
24 1
24 38
25 27
25 43
26 22
26 55
27 34
27 44
28 2
28 10
29 14
29 52
30 7
30 45
31 49
31 57
32 15
32 25
33 4
33 37
34 16
34 32
35 21
35 58
36 6
36 16
37 26
37 50
38 11
38 35
39 0
39 58
40 3
40 45
41 8
41 55
42 48
42 57
43 34
43 36
44 3
44 32
45 19
45 29
46 52
46 59
47 12
47 47
48 17
48 38
49 28
49 54
50 5
50 22
51 6
51 41
52 13
52 30
53 36
53 51
54 10
54 50
55 18
55 33
56 40
56 44
57 17
57 28
58 20
58 24
59 13
59 39

# solution 2
# n=60 sym=rot4 status=verified source=flammenkamp_cache/n60_rot4.few
# code=oJN7cFV6gSbJUbumwUcKZCg7XDnflOQGvKi3ADYsxho1846Px9jIaBjRW2t58ps4vRWEmNfEo0Yrtpw9G05PknuFd2hXZCIAkQqHlOdLT1B3MTeMVHrSiLqae
0 19
0 23
1 7
1 38
2 15
2 31
3 6
3 42
4 28
4 37
5 19
5 30
6 37
6 56
7 48
7 58
8 30
8 38
9 20
9 35
10 12
10 42
11 7
11 33
12 13
12 49
13 41
13 47
14 24
14 26
15 16
15 57
16 20
16 44
17 3
17 10
18 13
18 34
19 54
19 59
20 43
20 50
21 1
21 8
22 4
22 6
23 25
23 59
24 9
24 45
25 18
25 36
26 11
26 45
27 27
27 32
28 2
28 55
29 5
29 8
30 51
30 54
31 4
31 57
32 27
32 32
33 14
33 48
34 23
34 41
35 14
35 50
36 0
36 34
37 53
37 55
38 51
38 58
39 9
39 16
40 0
40 5
41 25
41 46
42 49
42 56
43 15
43 39
44 2
44 43
45 33
45 35
46 12
46 18
47 10
47 46
48 26
48 52
49 17
49 47
50 24
50 39
51 21
51 29
52 1
52 11
53 3
53 22
54 29
54 40
55 22
55 31
56 17
56 53
57 28
57 44
58 21
58 52
59 36
59 40

# solution 3
# n=60 sym=rot4 status=verified source=flammenkamp_cache/n60_rot4.few
# code=oVWMcIOciBiDjZaKhMWNdCIktVnBs5H347QUjnvPY9q13pw6o6vJeTh080CHXQglxpxGUJe2r9r18uw7oPY2AETXqtugs5mAS4DflKaRbGdNOEkFmFLZfLbRS
0 31
0 32
1 22
1 38
2 18
2 24
3 38
3 44
4 11
4 44
5 13
5 45
6 35
6 36
7 20
7 43
8 22
8 32
9 23
9 39
10 12
10 18
11 46
11 55
12 31
12 49
13 11
13 54
14 5
14 17
15 3
15 4
16 7
16 26
17 30
17 45
18 49
18 57
19 25
19 34
20 9
20 52
21 1
21 3
22 51
22 58
23 6
23 50
24 6
24 57
25 19
25 40
26 29
26 43
27 0
27 8
28 0
28 12
29 17
29 33
30 26
30 42
31 47
31 59
32 51
32 59
33 16
33 30
34 19
34 40
35 2
35 53
36 9
36 53
37 1
37 8
38 56
38 58
39 7
39 50
40 25
40 34
41 2
41 10
42 14
42 29
43 33
43 52
44 55
44 56
45 42
45 54
46 5
46 48
47 10
47 28
48 4
48 13
49 41
49 47
50 20
50 36
51 27
51 37
52 16
52 39
53 23
53 24
54 14
54 46
55 15
55 48
56 15
56 21
57 35
57 41
58 21
58 37
59 27
59 28

# solution 4
# n=60 sym=rot4 status=verified source=flammenkamp_cache/n60_rot4.few
# code=oYi8VMOTX8e5sglOWtwgn9VYk6IBWLa0hFJ69bl4hNTQjIvEdqv0B3c7D1Adu3KnwkqLumx27Kj2fEXUaGtCMoreiGxNcRmfrDPSoAH14RZCH5sJpQUZbSpFP
0 34
0 44
1 8
1 31
2 22
2 24
3 29
3 33
4 8
4 40
5 5
5 54
6 42
6 47
7 24
7 32
8 55
8 58
9 42
9 49
10 9
10 31
11 34
11 46
12 6
12 18
13 11
13 32
14 21
14 36
15 0
15 43
16 15
16 19
17 6
17 9
18 37
18 47
19 4
19 43
20 23
20 29
21 26
21 45
22 18
22 57
23 14
23 39
24 52
24 57
25 0
25 11
26 3
26 38
27 7
27 13
28 1
28 10
29 39
29 56
30 3
30 20
31 49
31 58
32 46
32 52
33 21
33 56
34 48
34 59
35 2
35 7
36 20
36 45
37 2
37 41
38 14
38 33
39 30
39 36
40 16
40 55
41 12
41 22
42 50
42 53
43 40
43 44
44 16
44 59
45 23
45 38
46 27
46 48
47 41
47 53
48 13
48 25
49 28
49 50
50 10
50 17
51 1
51 4
52 27
52 35
53 12
53 17
54 5
54 54
55 19
55 51
56 26
56 30
57 35
57 37
58 28
58 51
59 15
59 25

# solution 5
# n=60 sym=rot4 status=verified source=flammenkamp_cache/n60_rot4.few
# code=oQbTY9fVXYnIdFbBSHimv4K9qZhEcek8rCZNp2sEU5nDN06cgCG143xRW3qJw1e7uRW0utwhlHLrxakAsTj5v8aOl6pDJLjGO7odt2BFgVmMiKfAPQSIoPUMX
0 26
0 37
1 29
1 34
2 9
2 41
3 31
3 33
4 34
4 49
5 18
5 39
6 15
6 37
7 11
7 28
8 17
8 44
9 48
9 57
10 4
10 20
11 9
11 52
12 35
12 43
13 14
13 38
14 40
14 46
15 8
15 53
16 12
16 35
17 23
17 51
18 2
18 54
19 14
19 30
20 5
20 49
21 13
21 23
22 0
22 6
23 38
23 42
24 12
24 16
25 1
25 4
26 3
26 59
27 27
27 32
28 3
28 52
29 19
29 58
30 1
30 40
31 7
31 56
32 27
32 32
33 0
33 56
34 55
34 58
35 43
35 47
36 17
36 21
37 53
37 59
38 36
38 46
39 10
39 54
40 29
40 45
41 5
41 57
42 8
42 36
43 24
43 47
44 6
44 51
45 13
45 19
46 21
46 45
47 16
47 24
48 7
48 50
49 39
49 55
50 2
50 11
51 15
51 42
52 31
52 48
53 22
53 44
54 20
54 41
55 10
55 25
56 26
56 28
57 18
57 50
58 25
58 30
59 22
59 33

# solution 6
# n=60 sym=rot4 status=verified source=flammenkamp_cache/n60_rot4.few
# code=oOsLWaqCdAV0SNY2KfhfhbtFJYuHROgXm89Ek89Xm3qMwAc2rjx6CFJ1k4sTUTU5tDweilr0E6vLn1b7uBQopDjopBQHZWg3Pei4MGIGIdvPaVxSnKl7NRc5Z
0 24
0 54
1 21
1 32
2 36
2 52
3 12
3 39
4 10
4 31
5 0
5 28
6 23
6 34
7 2
7 20
8 41
8 43
9 41
9 43
10 37
10 55
11 15
11 19
12 34
12 56
13 17
13 27
14 24
14 42
15 33
15 48
16 8
16 9
17 14
17 46
18 8
18 9
19 33
19 48
20 3
20 52
21 22
21 58
22 10
22 38
23 2
23 53
24 45
24 59
25 6
25 12
26 15
26 19
27 1
27 46
28 4
28 54
29 29
29 30
30 29
30 30
31 5
31 55
32 13
32 58
33 40
33 44
34 47
34 53
35 0
35 14
36 6
36 57
37 21
37 49
38 1
38 37
39 7
39 56
40 11
40 26
41 50
41 51
42 13
42 45
43 50
43 51
44 11
44 26
45 17
45 35
46 32
46 42
47 3
47 25
48 40
48 44
49 4
49 22
50 16
50 18
51 16
51 18
52 39
52 57
53 25
53 36
54 31
54 59
55 28
55 49
56 20
56 47
57 7
57 23
58 27
58 38
59 5
59 35

# solution 7
# n=60 sym=rot4 status=verified source=flammenkamp_cache/n60_rot4.few
# code=oIMUcVYQnGMFJ7SmrJZAZ3o7gEaYcHlKsUtBjKxpsfi1DtxCQ892DauRW2r1Ghw6vRW3NkvopXl04kwFI580dEm4T5dCgLPNjHq9uOnOe6BVqeibhAXPSLTbf
0 18
0 22
1 30
1 38
2 31
2 34
3 26
3 49
4 16
4 22
5 15
5 19
6 7
6 28
7 48
7 53
8 19
8 35
9 10
9 35
10 3
10 50
11 7
11 42
12 14
12 36
13 34
13 38
14 17
14 47
15 20
15 54
16 30
16 55
17 11
17 45
18 20
18 59
19 51
19 54
20 41
20 44
21 1
21 13
22 55
22 59
23 12
23 26
24 8
24 9
25 2
25 13
26 36
26 56
27 27
27 32
28 2
28 53
29 1
29 16
30 43
30 58
31 6
31 57
32 27
32 32
33 3
33 23
34 46
34 57
35 50
35 51
36 33
36 47
37 0
37 4
38 46
38 58
39 15
39 18
40 5
40 8
41 0
41 39
42 14
42 48
43 4
43 29
44 5
44 39
45 12
45 42
46 21
46 25
47 23
47 45
48 17
48 52
49 9
49 56
50 24
50 49
51 24
51 40
52 6
52 11
53 31
53 52
54 40
54 44
55 37
55 43
56 10
56 33
57 25
57 28
58 21
58 29
59 37
59 41

# solution 8
# n=60 sym=rot4 status=verified source=flammenkamp_cache/n60_rot4.few
# code=o5YYchjIOCKVxNaJTAODefpTlBtMo2HMX2HhjAu9qXt1Sik6rpu01FKRW5cmq7BLsRWdiwx386rDFVw4Q7o3nEGgvQbgv9b4mCU8IJkZnUeNa0SdlZfEGLPPs
0 5
0 34
1 34
1 38
2 43
2 45
3 18
3 24
4 12
4 20
5 31
5 59
6 23
6 36
7 19
7 29
8 10
8 24
9 13
9 40
10 41
10 51
11 29
11 47
12 11
12 55
13 22
13 50
14 2
14 17
15 22
15 33
16 2
16 17
17 43
17 45
18 10
18 56
19 9
19 52
20 33
20 55
21 1
21 28
22 44
22 46
23 6
23 53
24 51
24 56
25 0
25 1
26 15
26 20
27 27
27 32
28 5
28 38
29 48
29 52
30 7
30 11
31 21
31 54
32 27
32 32
33 39
33 44
34 58
34 59
35 3
35 8
36 6
36 53
37 13
37 15
38 31
38 58
39 4
39 26
40 7
40 50
41 3
41 49
42 14
42 16
43 42
43 57
44 26
44 37
45 42
45 57
46 9
46 37
47 4
47 48
48 12
48 30
49 8
49 18
50 19
50 46
51 35
51 49
52 30
52 40
53 23
53 36
54 0
54 28
55 39
55 47
56 35
56 41
57 14
57 16
58 21
58 25
59 25
59 54

# solution 9
# n=60 sym=rot4 status=verified source=flammenkamp_cache/n60_rot4.few
# code=oSZ7i5PInTdGvZhJwBaQS3alpBkCJMP1M6sXcdukq4IHTij8A06jvHoRWoxct4L09RW9g2ErxnpEFUgft7D3KLQ5rbwYbelDm8CNuVXNm1eGO2hKUAfYsFqOV
0 28
0 35
1 7
1 44
2 5
2 25
3 18
3 49
4 29
4 39
5 16
5 57
6 35
6 43
7 19
7 58
8 11
8 36
9 26
9 28
10 3
10 36
11 47
11 51
12 11
12 46
13 12
13 19
14 22
14 25
15 1
15 22
16 6
16 54
17 33
17 38
18 39
18 56
19 46
19 52
20 4
20 18
21 17
21 29
22 44
22 45
23 8
23 10
24 0
24 6
25 45
25 57
26 17
26 50
27 27
27 32
28 50
28 59
29 38
29 55
30 4
30 21
31 0
31 9
32 27
32 32
33 9
33 42
34 2
34 14
35 53
35 59
36 49
36 51
37 14
37 15
38 30
38 42
39 41
39 55
40 7
40 13
41 3
41 20
42 21
42 26
43 5
43 53
44 37
44 58
45 34
45 37
46 40
46 47
47 13
47 48
48 8
48 12
49 23
49 56
50 31
50 33
51 23
51 48
52 1
52 40
53 16
53 24
54 2
54 43
55 20
55 30
56 10
56 41
57 34
57 54
58 15
58 52
59 24
59 31

# solution 10
# n=60 sym=rot4 status=verified source=flammenkamp_cache/n60_rot4.few
# code=oWXScIdGP6RJiqt6p7XdfDGHNZeTnOS5anuMm9vCs291YTgFmCjLu080tjwbkDM1E4xpx3cElBiHUPwov5l2oBb3ANsVZAUJOaghkIKQq8r47FeWrYhKfLVQR
0 32
0 33
1 28
1 38
2 18
2 39
3 16
3 25
4 6
4 27
5 19
5 44
6 52
6 55
7 6
7 51
8 7
8 33
9 39
9 41
10 13
10 16
11 17
11 23
12 35
12 40
13 29
13 49
14 24
14 28
15 5
15 36
16 49
16 56
17 22
17 48
18 9
18 57
19 12
19 54
20 2
20 9
21 1
21 34
22 29
22 42
23 15
23 48
24 12
24 45
25 21
25 56
26 0
26 8
27 0
27 55
28 45
28 58
29 37
29 46
30 13
30 22
31 1
31 14
32 4
32 59
33 51
33 59
34 3
34 38
35 14
35 47
36 11
36 44
37 17
37 30
38 25
38 58
39 50
39 57
40 5
40 47
41 2
41 50
42 11
42 37
43 3
43 10
44 23
44 54
45 31
45 35
46 10
46 30
47 19
47 24
48 36
48 42
49 43
49 46
50 18
50 20
51 26
51 52
52 8
52 53
53 4
53 7
54 15
54 40
55 32
55 53
56 34
56 43
57 20
57 41
58 21
58 31
59 26
59 27

# solution 11
# n=60 sym=rot4 status=verified source=flammenkamp_cache/n60_rot4.few
# code=oLSZiNQGdMnEHPpUm6o8V4e7fFaHQhs1lEuksBZAU3LdxPtCv1IbrkvRW9x7Jeq0oRW2D6Mfw2l4Y0KcuTnOm5D3jCw5GXgNiIqJtSp9rBT8YgjAbKhXaFOVc
0 21
0 28
1 35
1 44
2 23
2 26
3 16
3 39
4 22
4 49
5 14
5 17
6 25
6 51
7 30
7 48
8 6
8 50
9 8
9 31
10 4
10 40
11 7
11 41
12 15
12 36
13 17
13 26
14 43
14 54
15 1
15 47
16 14
16 56
17 46
17 54
18 11
18 35
19 10
19 30
20 3
20 21
21 39
21 59
22 25
22 55
23 12
23 57
24 1
24 18
25 37
25 53
26 46
26 57
27 27
27 32
28 9
28 59
29 7
29 19
30 40
30 52
31 0
31 50
32 27
32 32
33 2
33 13
34 6
34 22
35 41
35 58
36 2
36 47
37 4
37 34
38 0
38 20
39 38
39 56
40 29
40 49
41 24
41 48
42 5
42 13
43 3
43 45
44 12
44 58
45 5
45 16
46 33
46 42
47 23
47 44
48 18
48 52
49 19
49 55
50 28
50 51
51 9
51 53
52 11
52 29
53 8
53 34
54 42
54 45
55 10
55 37
56 20
56 43
57 33
57 36
58 15
58 24
59 31
59 38

# solution 12
# n=60 sym=rot4 status=verified source=flammenkamp_cache/n60_rot4.few
# code=oLVOaFdOSJrfh47lrCMHYUYEg7pMUfmLv5XBo5Edt2Jixkp1Quw9AGaRW0uADkn3xRWNhno13Xw8D0Fev4Kjs9mQs2cBITb8qHjPTPgbl6CqtGI6eVZKiNZSc
0 21
0 31
1 24
1 36
2 15
2 39
3 24
3 28
4 19
4 53
5 41
5 43
6 4
6 7
7 47
7 53
8 12
8 22
9 17
9 34
10 30
10 34
11 14
11 42
12 7
12 51
13 22
13 30
14 41
14 48
15 21
15 57
16 5
16 33
17 11
17 50
18 5
18 14
19 39
19 55
20 2
20 19
21 44
21 59
22 46
22 51
23 1
23 26
24 56
24 58
25 9
25 10
26 16
26 36
27 27
27 32
28 0
28 56
29 10
29 13
30 46
30 49
31 3
31 59
32 27
32 32
33 23
33 43
34 49
34 50
35 1
35 3
36 33
36 58
37 8
37 13
38 0
38 15
39 40
39 57
40 4
40 20
41 45
41 54
42 9
42 48
43 26
43 54
44 2
44 38
45 11
45 18
46 29
46 37
47 8
47 52
48 17
48 45
49 25
49 29
50 25
50 42
51 37
51 47
52 6
52 12
53 52
53 55
54 16
54 18
55 6
55 40
56 31
56 35
57 20
57 44
58 23
58 35
59 28
59 38

# solution 13
# n=60 sym=rot4 status=verified source=flammenkamp_cache/n60_rot4.few
# code=oUYimJLfpAdMQIU8J3qVkPt1jch9EBk1QCNSZ3rqv4aCvOsKhHb0nisRW9g06rxHoRW5FAxMgGd5Z2lNt276uOValXwDmjoGLEw4YDS7uepTfXbKn8IceBFPT
0 30
0 34
1 44
1 48
2 19
2 21
3 41
3 51
4 10
4 39
5 22
5 26
6 18
6 30
7 8
7 19
8 3
8 52
9 31
9 46
10 25
10 55
11 1
11 45
12 38
12 43
13 9
13 14
14 11
14 46
15 1
15 26
16 12
16 23
17 28
17 35
18 3
18 53
19 52
19 57
20 4
20 36
21 12
21 57
22 24
22 54
23 20
23 43
24 17
24 37
25 0
25 49
26 44
26 54
27 27
27 32
28 9
28 42
29 0
29 6
30 53
30 59
31 17
31 50
32 27
32 32
33 5
33 15
34 10
34 59
35 22
35 42
36 16
36 39
37 5
37 35
38 2
38 47
39 23
39 55
40 2
40 7
41 6
41 56
42 24
42 31
43 36
43 47
44 33
44 58
45 13
45 48
46 45
46 50
47 16
47 21
48 14
48 58
49 4
49 34
50 13
50 28
51 7
51 56
52 40
52 51
53 29
53 41
54 33
54 37
55 20
55 49
56 8
56 18
57 38
57 40
58 11
58 15
59 25
59 29

# solution 14
# n=60 sym=rot4 status=verified source=flammenkamp_cache/n60_rot4.few
# code=oLoSZarSdGNYe2gAjQo08MqDFPfTm7JMmZt6fCH5j3QTxin2t1G5ldpRWuwckDL13RW8KCshw4vAF0UXuEsglIr4OBbeqBUIYik7bpx9XEnHvJPahKV6NOV9c
0 21
0 50
1 28
1 35
2 36
2 53
3 28
3 39
4 16
4 23
5 34
5 40
6 2
6 42
7 10
7 45
8 26
8 50
9 0
9 8
10 22
10 52
11 13
11 15
12 25
12 41
13 29
13 48
14 7
14 19
15 22
15 48
16 35
16 55
17 6
17 41
18 12
18 17
19 5
19 45
20 3
20 26
21 29
21 59
22 44
22 49
23 2
23 55
24 1
24 16
25 5
25 47
26 39
26 51
27 27
27 32
28 56
28 58
29 38
29 46
30 13
30 21
31 1
31 3
32 27
32 32
33 8
33 20
34 12
34 54
35 43
35 58
36 4
36 57
37 10
37 15
38 0
38 30
39 33
39 56
40 14
40 54
41 42
41 47
42 18
42 53
43 4
43 24
44 11
44 37
45 40
45 52
46 11
46 30
47 18
47 34
48 44
48 46
49 7
49 37
50 51
50 59
51 9
51 33
52 14
52 49
53 17
53 57
54 19
54 25
55 36
55 43
56 20
56 31
57 6
57 23
58 24
58 31
59 9
59 38

# solution 15
# n=60 sym=rot4 status=verified source=flammenkamp_cache/n60_rot4.few
# code=oVYDZFfegPe7ZFQLs9BlpKMUp9UcwNhrvEd3I2g34GnDqXnSj150tMrRW0aBClmNxRW6b4xswEVAQ7kAhtuHvfuKj26Ga1LTo8Tbd8Cmo5cXiOqJYHJIiOkPS
0 31
0 34
1 13
1 35
2 15
2 41
3 40
3 42
4 25
4 40
5 7
5 35
6 15
6 26
7 21
7 54
8 9
8 11
9 47
9 51
10 20
10 22
11 30
11 51
12 9
12 30
13 38
13 58
14 23
14 43
15 53
15 57
16 14
16 39
17 3
17 18
18 2
18 42
19 3
19 4
20 16
20 49
21 13
21 52
22 33
22 49
23 28
23 45
24 1
24 5
25 0
25 55
26 22
26 53
27 27
27 32
28 0
28 36
29 11
29 12
30 47
30 48
31 23
31 59
32 27
32 32
33 6
33 37
34 4
34 59
35 54
35 58
36 14
36 31
37 10
37 26
38 7
38 46
39 10
39 43
40 55
40 56
41 17
41 57
42 41
42 56
43 20
43 45
44 2
44 6
45 16
45 36
46 1
46 21
47 29
47 50
48 8
48 29
49 37
49 39
50 8
50 12
51 48
51 50
52 5
52 38
53 33
53 44
54 24
54 52
55 19
55 34
56 17
56 19
57 18
57 44
58 24
58 46
59 25
59 28

# solution 16
# n=60 sym=rot4 status=verified source=flammenkamp_cache/n60_rot4.few
# code=oWXWaGgPsIM3FknMS8pjm6L9ZIK6T9iEsav2QltSdJlPnqt1GBTcu0g01eqZkDO7JwxHx3LUmhw47AYCeKV4CXv2N5jFoUrdfOocrBE8pVbADiubf5YHhNRQR
0 32
0 33
1 32
1 36
2 16
2 42
3 25
3 54
4 18
4 22
5 3
5 15
6 46
6 49
7 22
7 28
8 8
8 51
9 45
9 48
10 6
10 21
11 9
11 35
12 18
12 20
13 6
13 29
14 9
14 44
15 14
15 54
16 36
16 57
17 2
17 26
18 47
18 55
19 28
19 39
20 19
20 47
21 25
21 49
22 52
22 55
23 1
23 16
24 11
24 29
25 38
25 56
26 0
26 42
27 0
27 1
28 40
28 52
29 35
29 46
30 13
30 24
31 7
31 19
32 58
32 59
33 17
33 59
34 3
34 21
35 30
35 48
36 43
36 58
37 4
37 7
38 10
38 34
39 12
39 40
40 20
40 31
41 4
41 12
42 33
42 57
43 2
43 23
44 5
44 45
45 15
45 50
46 30
46 53
47 39
47 41
48 24
48 50
49 38
49 53
50 11
50 14
51 8
51 51
52 31
52 37
53 10
53 13
54 44
54 56
55 37
55 41
56 5
56 34
57 17
57 43
58 23
58 27
59 26
59 27

# solution 17
# n=60 sym=rot4 status=verified source=flammenkamp_cache/n60_rot4.few
# code=oHKQScgBSOYJn7horaf7D5QiuOYjoDLBI6U2x8iMsbx2jKe8Tlt4CnwRWuwGaNh13RW1Alt4CUpJdEv0M5bFp0vTrfmck9EPZ3FXskqIN69GqAePZVmHLVXdg
0 17
0 20
1 26
1 28
2 38
2 42
3 11
3 28
4 24
4 34
5 19
5 49
6 7
6 43
7 50
7 53
8 36
8 41
9 7
9 13
10 5
10 26
11 44
11 56
12 24
12 34
13 45
13 50
14 13
14 21
15 11
15 18
16 6
16 30
17 2
17 59
18 8
18 44
19 22
19 54
20 37
20 59
21 2
21 45
22 20
22 40
23 8
23 29
24 47
24 55
25 4
25 12
26 49
26 58
27 27
27 32
28 56
28 58
29 16
29 36
30 23
30 43
31 1
31 3
32 27
32 32
33 1
33 10
34 47
34 55
35 4
35 12
36 30
36 51
37 19
37 39
38 14
38 57
39 0
39 22
40 5
40 37
41 15
41 51
42 0
42 57
43 29
43 53
44 41
44 48
45 38
45 46
46 9
46 14
47 25
47 35
48 3
48 15
49 33
49 54
50 46
50 52
51 18
51 23
52 6
52 9
53 16
53 52
54 10
54 40
55 25
55 35
56 31
56 48
57 17
57 21
58 31
58 33
59 39
59 42

# solution 18
# n=60 sym=rot4 status=verified source=flammenkamp_cache/n60_rot4.few
# code=oOfWhBcPafg9R7JErinLs8XUvDbPldq8N1J4Q04hrEb2oCK3iTxkuAg1sSVBZOmSV5wHn3D0UFudl9vMj6GtxXtewap7KCYMk2TQp5cAF6jeqWoHINYLmGRIZ
0 24
0 41
1 32
1 43
2 11
2 38
3 25
3 36
4 41
4 42
5 9
5 27
6 7
6 19
7 14
7 53
8 44
8 49
9 21
9 54
10 8
10 33
11 30
11 57
12 13
12 37
13 25
13 47
14 39
14 52
15 8
15 23
16 1
16 19
17 4
17 26
18 0
18 4
19 43
19 53
20 14
20 37
21 2
21 50
22 12
22 20
23 3
23 44
24 29
24 59
25 46
25 56
26 10
26 42
27 1
27 54
28 28
28 31
29 11
29 35
30 24
30 48
31 28
31 31
32 5
32 58
33 17
33 49
34 3
34 13
35 0
35 30
36 15
36 56
37 39
37 47
38 9
38 57
39 22
39 45
40 6
40 16
41 55
41 59
42 33
42 55
43 40
43 58
44 36
44 51
45 7
45 20
46 12
46 34
47 22
47 46
48 2
48 29
49 26
49 51
50 5
50 38
51 10
51 15
52 6
52 45
53 40
53 52
54 32
54 50
55 17
55 18
56 23
56 34
57 21
57 48
58 16
58 27
59 18
59 35

# solution 19
# n=60 sym=rot4 status=verified source=flammenkamp_cache/n60_rot4.few
# code=oIpOXJX7ZCcSjKWcu0kBDJPNoIt8o5GYbSjNdlxnvHr47FRgm3wFn126bhsTUTU5GMrvwAi1uBHWiqt6g2A0CKaEVMPhs9p4f9aYekmDx3LRdEVLlOqQeQZ8f
0 18
0 51
1 24
1 33
2 19
2 33
3 7
3 35
4 12
4 38
5 28
5 45
6 20
6 32
7 38
7 56
8 0
8 46
9 11
9 13
10 19
10 25
11 23
11 50
12 18
12 55
13 8
13 50
14 5
14 16
15 34
15 37
16 28
16 45
17 23
17 39
18 47
18 59
19 49
19 57
20 17
20 53
21 4
21 7
22 15
22 27
23 42
23 48
24 3
24 58
25 15
25 49
26 1
26 2
27 6
27 37
28 43
28 54
29 29
29 30
30 29
30 30
31 5
31 16
32 22
32 53
33 57
33 58
34 10
34 44
35 1
35 56
36 11
36 17
37 32
37 44
38 52
38 55
39 6
39 42
40 2
40 10
41 0
41 12
42 20
42 36
43 14
43 31
44 22
44 25
45 43
45 54
46 9
46 51
47 4
47 41
48 9
48 36
49 34
49 40
50 46
50 48
51 13
51 59
52 3
52 21
53 27
53 39
54 14
54 31
55 21
55 47
56 24
56 52
57 26
57 40
58 26
58 35
59 8
59 41

# solution 20
# n=60 sym=rot4 status=verified source=flammenkamp_cache/n60_rot4.few
# code=oVbOl7ITVJXEqah5vKgXgTdNO1iehYsCc6D89MvDtApFP0f6mmwEc49RW03nu3AuxRWotLj1BBrIxYi8n4k2bopkrLl5PGJFwZaKUHQHd2sGN7jQeSUfqCZMS
0 31
0 37
1 24
1 47
2 7
2 18
3 29
3 31
4 19
4 33
5 14
5 52
6 36
6 43
7 5
7 57
8 20
8 42
9 33
9 42
10 29
10 39
11 23
11 24
12 1
12 44
13 40
13 43
14 34
14 54
15 12
15 38
16 6
16 13
17 8
17 9
18 22
18 57
19 13
19 55
20 10
20 51
21 15
21 25
22 0
22 41
23 6
23 48
24 48
24 58
25 14
25 38
26 4
26 9
27 27
27 32
28 0
28 3
29 49
29 56
30 3
30 10
31 56
31 59
32 27
32 32
33 50
33 55
34 21
34 45
35 1
35 11
36 11
36 53
37 18
37 59
38 34
38 44
39 8
39 49
40 4
40 46
41 2
41 37
42 50
42 51
43 46
43 53
44 21
44 47
45 5
45 25
46 16
46 19
47 15
47 58
48 35
48 36
49 20
49 30
50 17
50 26
51 17
51 39
52 2
52 54
53 16
53 23
54 7
54 45
55 26
55 40
56 28
56 30
57 41
57 52
58 12
58 35
59 22
59 28

# solution 21
# n=60 sym=rot4 status=verified source=flammenkamp_cache/n60_rot4.few
# code=oERRbKQ9belgjAKNV9kpuTrGe4U8G5xHOkm5iPZ4BrvPV13QqIicfavwx7LCnAlcq012NILFf7XuwSY26mtOYFsBDZg0shpTtJh6U38DoSadnEHCJMoXdMWWj
0 14
0 27
1 27
1 37
2 20
2 26
3 9
3 37
4 40
4 47
5 42
5 45
6 10
6 20
7 23
7 31
8 9
8 46
9 51
9 56
10 29
10 53
11 16
11 40
12 4
12 30
13 8
13 16
14 5
14 59
15 17
15 24
16 46
16 48
17 5
17 44
18 25
18 35
19 4
19 11
20 53
20 57
21 25
21 31
22 1
22 3
23 26
23 52
24 18
24 44
25 38
25 41
26 36
26 57
27 58
27 59
28 7
28 21
29 12
29 49
30 10
30 47
31 38
31 52
32 0
32 1
33 2
33 23
34 18
34 21
35 15
35 41
36 7
36 33
37 56
37 58
38 28
38 34
39 2
39 6
40 48
40 55
41 24
41 34
42 15
42 54
43 11
43 13
44 35
44 42
45 0
45 54
46 43
46 51
47 29
47 55
48 19
48 43
49 6
49 30
50 3
50 8
51 13
51 50
52 28
52 36
53 39
53 49
54 14
54 17
55 12
55 19
56 22
56 50
57 33
57 39
58 22
58 32
59 32
59 45

# solution 22
# n=60 sym=rot4 status=verified source=flammenkamp_cache/n60_rot4.few
# code=oViNi7SJdJMlo8hUvnr5P8bIO5TagXY016gDGcmtu3XIOAtDwcmEoEKRW0v7lCq2xRWdj9jBL1k4nZfQu34BLhkHrwxPQHNUsZfMpYs6A2TGp9CbeKeVqFaFS
0 31
0 44
1 23
1 44
2 7
2 28
3 19
3 39
4 19
4 22
5 47
5 50
6 8
6 43
7 30
7 57
8 49
8 53
9 5
9 25
10 8
10 37
11 18
11 24
12 5
12 29
13 36
13 42
14 33
14 34
15 0
15 1
16 6
16 42
17 13
17 16
18 38
18 48
19 55
19 56
20 3
20 33
21 18
21 24
22 10
22 55
23 13
23 58
24 38
24 48
25 14
25 50
26 14
26 20
27 27
27 32
28 0
28 57
29 7
29 47
30 12
30 52
31 2
31 59
32 27
32 32
33 39
33 45
34 9
34 45
35 11
35 21
36 1
36 46
37 4
37 49
38 35
38 41
39 26
39 56
40 3
40 4
41 11
41 21
42 43
42 46
43 17
43 53
44 58
44 59
45 25
45 26
46 17
46 23
47 30
47 54
48 35
48 41
49 22
49 51
50 34
50 54
51 6
51 10
52 2
52 29
53 16
53 51
54 9
54 12
55 37
55 40
56 20
56 40
57 31
57 52
58 15
58 36
59 15
59 28

# solution 23
# n=60 sym=rot4 status=verified source=flammenkamp_cache/n60_rot4.few
# code=obdHnHYOR9i7GYbJsNQkt1mAICl9GSd4WksvwJmfq0ETZ06UpLu26SpFuXjNcLaEQ3i8Vrv3c8TrxOUjx7IBe125DRtKVhoClfnBw4DXa5eMPhqFoWZPgAgKM
0 37
0 39
1 17
1 49
2 17
2 34
3 24
3 27
4 9
4 44
5 7
5 16
6 34
6 37
7 19
7 54
8 23
8 26
9 46
9 55
10 1
10 48
11 10
11 18
12 12
12 47
13 9
13 16
14 28
14 39
15 4
15 32
16 46
16 54
17 57
17 58
18 19
18 48
19 41
19 52
20 0
20 14
21 29
21 35
22 0
22 6
23 30
23 51
24 21
24 56
25 2
25 6
26 28
26 51
27 15
27 56
28 33
28 45
29 23
29 38
30 21
30 36
31 14
31 26
32 3
32 44
33 8
33 31
34 53
34 57
35 3
35 38
36 8
36 29
37 53
37 59
38 24
38 30
39 45
39 59
40 7
40 18
41 11
41 40
42 1
42 2
43 5
43 13
44 27
44 55
45 20
45 31
46 43
46 50
47 12
47 47
48 41
48 49
49 11
49 58
50 4
50 13
51 33
51 36
52 5
52 40
53 22
53 25
54 43
54 52
55 15
55 50
56 32
56 35
57 25
57 42
58 10
58 42
59 20
59 22

# solution 24
# n=60 sym=rot4 status=verified source=flammenkamp_cache/n60_rot4.few
# code=oNSBXSlIKAhHWbkloTY7bTtYw276LFWXj4OIsguJeauOk69Kxch8B1F5Evxnp8A02jsiwmpGL0dorDZ3NJe3H5fZtEQRicrqv1P4UMqPU9CDMRgGndfCVQmVa
0 23
0 28
1 11
1 33
2 28
2 47
3 18
3 20
4 10
4 43
5 17
5 32
6 37
6 46
7 47
7 50
8 29
8 34
9 7
9 37
10 29
10 55
11 34
11 58
12 2
12 7
13 6
13 21
14 15
14 32
15 33
15 45
16 4
16 24
17 18
17 54
18 42
18 56
19 19
19 40
20 36
20 56
21 24
21 46
22 6
22 9
23 20
23 59
24 38
24 43
25 8
25 11
26 1
26 15
27 5
27 14
28 57
28 59
29 49
29 51
30 8
30 10
31 0
31 2
32 45
32 54
33 44
33 58
34 48
34 51
35 16
35 21
36 0
36 39
37 50
37 53
38 13
38 35
39 3
39 23
40 19
40 40
41 3
41 17
42 5
42 41
43 35
43 55
44 14
44 26
45 27
45 44
46 38
46 53
47 52
47 57
48 1
48 25
49 4
49 30
50 22
50 52
51 25
51 30
52 9
52 12
53 13
53 22
54 27
54 42
55 16
55 49
56 39
56 41
57 12
57 31
58 26
58 48
59 31
59 36

# solution 25
# n=60 sym=rot4 status=verified source=flammenkamp_cache/n60_rot4.few
# code=oMZAQ9AKZSXJmDpaf6glvvw5U9jNrCePUHM8h7cEsVuIPhx7k03ci4wRWKtBFim4dRW1tFLuxDq0GYf3S5jLqGpbgTYJl6aEoTs122CHrIN8kBeQVOdnoXnOb
0 22
0 35
1 10
1 26
2 9
2 10
3 20
3 35
4 28
4 33
5 19
5 48
6 13
6 51
7 36
7 41
8 6
8 42
9 47
9 57
10 57
10 58
11 5
11 30
12 9
12 45
13 23
13 53
14 12
14 40
15 25
15 30
16 17
16 22
17 8
17 43
18 7
18 38
19 14
19 54
20 31
20 56
21 18
21 25
22 43
22 59
23 7
23 46
24 0
24 3
25 38
25 44
26 4
26 58
27 27
27 32
28 20
28 55
29 11
29 15
30 44
30 48
31 4
31 39
32 27
32 32
33 1
33 55
34 15
34 21
35 56
35 59
36 13
36 52
37 0
37 16
38 34
38 41
39 3
39 28
40 5
40 45
41 21
41 52
42 16
42 51
43 37
43 42
44 29
44 34
45 19
45 47
46 6
46 36
47 14
47 50
48 29
48 54
49 1
49 2
50 2
50 12
51 17
51 53
52 18
52 23
53 8
53 46
54 11
54 40
55 26
55 31
56 24
56 39
57 49
57 50
58 33
58 49
59 24
59 37

# solution 26
# n=60 sym=rot4 status=verified source=flammenkamp_cache/n60_rot4.few
# code=oEgSqdeFTBPYhCL1XIMkn9SitNr9jDxBu5a0dXp2Z2HTrOpGlJb5t7IRWnwcu3L1ARWfq4sMeCh8Z6UgvOv8QKxNs3m0kEo6a4FVoADbfQwclGPYmUiJK7VHj
0 14
0 42
1 28
1 52
2 39
2 40
3 15
3 29
4 11
4 25
5 34
5 43
6 12
6 21
7 1
7 33
8 18
8 22
9 46
9 49
10 9
10 28
11 44
11 55
12 23
12 53
13 9
13 45
14 13
14 59
15 11
15 56
16 5
16 36
17 0
17 39
18 33
18 51
19 2
19 35
20 2
20 17
21 29
21 53
22 24
22 51
23 16
23 47
24 19
24 37
25 5
25 55
26 7
26 18
27 27
27 32
28 49
28 58
29 38
29 56
30 3
30 21
31 1
31 10
32 27
32 32
33 41
33 52
34 4
34 54
35 22
35 40
36 12
36 43
37 8
37 35
38 6
38 30
39 42
39 57
40 24
40 57
41 8
41 26
42 20
42 59
43 23
43 54
44 3
44 48
45 0
45 46
46 14
46 50
47 6
47 36
48 4
48 15
49 31
49 50
50 10
50 13
51 37
51 41
52 26
52 58
53 38
53 47
54 16
54 25
55 34
55 48
56 30
56 44
57 19
57 20
58 7
58 31
59 17
59 45

# solution 27
# n=60 sym=rot4 status=verified source=flammenkamp_cache/n60_rot4.few
# code=oMhKZUiVcMNlr5HDJSmYefj8I5FgqAY2l0XDrAm9qQw3TtxOt1a9EGdRW3p2cLv8uRWKhjoNw4Z04Uu1X7oBn6kQxCvPn7HisfpEIJPBVekgs6CabLSFTOdGb
0 22
0 43
1 20
1 35
2 30
2 44
3 31
3 38
4 22
4 23
5 47
5 53
6 5
6 17
7 13
7 19
8 28
8 48
9 34
9 40
10 41
10 45
11 8
11 18
12 5
12 15
13 42
13 52
14 10
14 34
15 2
15 47
16 0
16 33
17 13
17 53
18 10
18 48
19 9
19 52
20 26
20 58
21 3
21 29
22 55
22 59
23 24
23 55
24 1
24 36
25 9
25 14
26 16
26 39
27 27
27 32
28 3
28 51
29 2
29 38
30 21
30 57
31 8
31 56
32 27
32 32
33 20
33 43
34 45
34 50
35 23
35 58
36 4
36 35
37 0
37 4
38 30
38 56
39 1
39 33
40 7
40 50
41 11
41 49
42 6
42 46
43 26
43 59
44 12
44 57
45 25
45 49
46 7
46 17
47 44
47 54
48 41
48 51
49 14
49 18
50 19
50 25
51 11
51 31
52 40
52 46
53 42
53 54
54 6
54 12
55 36
55 37
56 21
56 28
57 15
57 29
58 24
58 39
59 16
59 37

# solution 28
# n=60 sym=rot4 status=verified source=flammenkamp_cache/n60_rot4.few
# code=o8KWYCeMiVdHXklTnhxIR7LHX6v6jDS3f8amsFo2O4xNnOuGcbe1T5B1o4jYq7PEt9wmsUwJMLh3ZAa0tZv9i5BNpIuVkEr2rQgcqWf0GAUCDQgKSFbJlPRdp
0 8
0 20
1 32
1 34
2 12
2 40
3 22
3 44
4 31
4 39
5 17
5 33
6 46
6 47
7 29
7 49
8 43
8 59
9 18
9 27
10 7
10 21
11 17
11 33
12 6
12 57
13 6
13 45
14 13
14 28
15 3
15 41
16 8
16 36
17 48
17 54
18 15
18 50
19 2
19 24
20 4
20 59
21 23
21 49
22 24
22 56
23 16
23 38
24 37
24 40
25 1
25 29
26 5
26 11
27 1
27 50
28 4
28 45
29 34
29 52
30 7
30 25
31 14
31 55
32 9
32 58
33 48
33 54
34 30
34 58
35 19
35 22
36 21
36 43
37 3
37 35
38 10
38 36
39 0
39 55
40 35
40 57
41 9
41 44
42 5
42 11
43 23
43 51
44 18
44 56
45 31
45 46
46 14
46 53
47 2
47 53
48 26
48 42
49 38
49 52
50 32
50 41
51 0
51 16
52 10
52 30
53 12
53 13
54 26
54 42
55 20
55 28
56 15
56 37
57 19
57 47
58 25
58 27
59 39
59 51

# solution 29
# n=60 sym=rot4 status=verified source=flammenkamp_cache/n60_rot4.few
# code=oFeTjdmFJAOVYVaQoCg7mIt29QpIc1cuxMU8Zkn0u2NDEPh6dHt5blqRW56Gw1hrsRW7CMs4gKrGYjkav3xADOpTb03LwLf8Xov4fBqHl9XNSPSZneiBKEUJi
0 15
0 40
1 29
1 45
2 39
2 48
3 15
3 19
4 10
4 24
5 31
5 34
6 31
6 36
7 26
7 50
8 12
8 42
9 7
9 48
10 18
10 55
11 2
11 9
12 26
12 51
13 18
13 38
14 1
14 38
15 56
15 59
16 22
16 30
17 8
17 35
18 46
18 49
19 0
19 56
20 2
20 23
21 13
21 14
22 25
22 43
23 6
23 39
24 17
24 55
25 5
25 37
26 47
26 52
27 27
27 32
28 5
28 6
29 16
29 58
30 1
30 43
31 53
31 54
32 27
32 32
33 7
33 12
34 22
34 54
35 4
35 42
36 20
36 53
37 16
37 34
38 45
38 46
39 36
39 57
40 3
40 59
41 10
41 13
42 24
42 51
43 29
43 37
44 0
44 3
45 21
45 58
46 21
46 41
47 8
47 33
48 50
48 57
49 4
49 41
50 11
50 52
51 17
51 47
52 9
52 33
53 23
53 28
54 25
54 28
55 35
55 49
56 40
56 44
57 11
57 20
58 14
58 30
59 19
59 44

# solution 30
# n=60 sym=rot4 status=verified source=flammenkamp_cache/n60_rot4.few
# code=oCnLaZfQUSs4qHY5FYfLU0VKOGxhibdDqDlQr28NbEmowEJ1e2m68guRWAt39ou4nRW3HprBvJwej19BjMapv6XCk7kKMFG0hZdSxTcIPisPg7t5VTXIONcAl
0 12
0 49
1 21
1 36
2 35
2 41
3 26
3 30
4 28
4 54
5 4
5 52
6 17
6 34
7 5
7 15
8 34
8 41
9 21
9 30
10 0
10 31
11 20
11 24
12 16
12 59
13 43
13 44
14 37
14 39
15 13
15 52
16 13
16 47
17 26
17 53
18 2
18 8
19 23
19 37
20 14
20 48
21 50
21 58
22 14
22 19
23 1
23 40
24 2
24 48
25 6
25 8
26 42
26 56
27 27
27 32
28 10
28 55
29 3
29 9
30 50
30 56
31 4
31 49
32 27
32 32
33 3
33 17
34 51
34 53
35 11
35 57
36 19
36 58
37 40
37 45
38 1
38 9
39 11
39 45
40 22
40 36
41 51
41 57
42 6
42 33
43 12
43 46
44 7
44 46
45 20
45 22
46 15
46 16
47 0
47 43
48 35
48 39
49 28
49 59
50 29
50 38
51 18
51 25
52 44
52 54
53 25
53 42
54 7
54 55
55 5
55 31
56 29
56 33
57 18
57 24
58 23
58 38
59 10
59 47

# solution 31
# n=60 sym=rot4 status=verified source=flammenkamp_cache/n60_rot4.few
# code=oFQDNOXABghYjBZgoPe7ICuruTnJw5LTx4K47Vo8kShbjLNbw6v5p2xRWIdilCFKfRW0v8s2r1MacEMGVDp9Sqtdt0Ucs1eAU363lfqJY9HOmEPGHmnQZakXi
0 15
0 26
1 13
1 23
2 24
2 33
3 10
3 11
4 42
4 43
5 34
5 45
6 11
6 35
7 42
7 50
8 25
8 40
9 7
9 18
10 12
10 56
11 53
11 56
12 29
12 49
13 19
13 58
14 5
14 21
15 29
15 59
16 4
16 20
17 4
17 7
18 31
18 50
19 8
19 46
20 28
20 43
21 37
21 45
22 21
22 23
23 37
23 58
24 6
24 57
25 5
25 51
26 2
26 59
27 27
27 32
28 18
28 39
29 44
29 47
30 12
30 15
31 20
31 41
32 27
32 32
33 0
33 57
34 8
34 54
35 2
35 53
36 1
36 22
37 36
37 38
38 14
38 22
39 16
39 31
40 13
40 51
41 9
41 28
42 52
42 55
43 39
43 55
44 0
44 30
45 38
45 54
46 1
46 40
47 10
47 30
48 3
48 6
49 3
49 47
50 41
50 52
51 19
51 34
52 9
52 17
53 24
53 48
54 14
54 25
55 16
55 17
56 48
56 49
57 26
57 35
58 36
58 46
59 33
59 44

# solution 32
# n=60 sym=rot4 status=verified source=flammenkamp_cache/n60_rot4.few
# code=oRnBXWaLY8GCIObelMtAj0oDw7sKm9TGOitVaLs7YSkfu6p2Hir3J1T2xHdXjEQKg0vUweu6Fgv8r3IDVPq5cNS4FZhUoBd5q1k9xEn4bCJMZflhpPcNRQmAW
0 27
0 49
1 11
1 33
2 32
2 36
3 21
3 34
4 8
4 16
5 12
5 18
6 24
6 37
7 40
7 47
8 22
8 55
9 10
9 45
10 0
10 50
11 13
11 58
12 7
12 54
13 20
13 48
14 9
14 29
15 16
15 24
16 44
16 55
17 31
17 36
18 21
18 54
19 7
19 34
20 28
20 46
21 41
21 56
22 6
22 51
23 2
23 17
24 44
24 53
25 3
25 19
26 1
26 29
27 2
27 59
28 17
28 39
29 33
29 45
30 14
30 26
31 20
31 42
32 0
32 57
33 30
33 58
34 40
34 56
35 6
35 15
36 42
36 57
37 8
37 53
38 3
38 18
39 13
39 31
40 25
40 52
41 5
41 38
42 23
42 28
43 4
43 15
44 35
44 43
45 30
45 50
46 11
46 39
47 5
47 52
48 1
48 46
49 9
49 59
50 14
50 49
51 4
51 37
52 12
52 19
53 22
53 35
54 41
54 47
55 43
55 51
56 25
56 38
57 23
57 27
58 26
58 48
59 10
59 32

