# solution 1
# n=61 sym=sporadic status=verified source=flammenkamp_cache/n61_sporadic.mvr
# code=mvr:0 16 0 33 1 23 1 32 2 24 2 35 3 43 3 56 
0 16
0 33
1 23
1 32
2 24
2 35
3 43
3 56
4 3
4 17
5 35
5 40
6 44
6 46
7 12
7 18
8 13
8 49
9 21
9 30
10 22
10 27
11 8
11 45
12 40
12 53
13 38
13 52
14 6
14 31
15 11
15 26
16 6
16 60
17 3
17 56
18 42
18 53
19 37
19 39
20 5
20 12
21 19
21 51
22 13
22 50
23 19
23 59
24 26
24 58
25 2
25 5
26 36
26 45
27 0
27 50
28 1
28 31
29 14
29 28
30 9
30 51
31 32
31 46
32 29
32 59
33 10
33 60
34 15
34 24
35 55
35 58
36 2
36 34
37 1
37 41
38 10
38 47
39 9
39 41
40 48
40 55
41 21
41 23
42 7
42 18
43 4
43 57
44 0
44 54
45 34
45 49
46 29
46 54
47 8
47 22
48 7
48 20
49 15
49 52
50 33
50 38
51 30
51 39
52 11
52 47
53 42
53 48
54 14
54 16
55 20
55 25
56 43
56 57
57 4
57 17
58 25
58 36
59 28
59 37
60 27
60 44

