# solution 1
# n=62 sym=rot4 status=verified source=flammenkamp_cache/n62_rot4.few
# code=o8PChZuMbSt2n4kJNSzVcjoAK5yFHRb6mAdRm1VfsJoQTGw9s3ETz2eilrvae9IhqLP48EHLx0Wlw7q3jWZBg7KUyDYMpDtOYik1ufpBGNU0XcgFvCx6XOd5QInar
0 8
0 25
1 12
1 43
2 35
2 56
3 22
3 37
4 28
4 55
5 2
5 49
6 4
6 46
7 19
7 23
8 28
8 61
9 31
9 38
10 45
10 50
11 10
11 20
12 5
12 60
13 15
13 17
14 27
14 37
15 6
15 48
16 10
16 39
17 27
17 48
18 1
18 31
19 41
19 54
20 19
20 50
21 26
21 29
22 16
22 58
23 9
23 54
24 3
24 14
25 29
25 61
26 2
26 40
27 44
27 47
28 53
28 57
29 36
29 40
30 9
30 18
31 43
31 52
32 21
32 25
33 4
33 8
34 14
34 17
35 21
35 59
36 0
36 32
37 47
37 58
38 7
38 52
39 3
39 45
40 32
40 35
41 11
41 42
42 7
42 20
43 30
43 60
44 13
44 34
45 22
45 51
46 13
46 55
47 24
47 34
48 44
48 46
49 1
49 56
50 41
50 51
51 11
51 16
52 23
52 30
53 0
53 33
54 38
54 42
55 15
55 57
56 12
56 59
57 6
57 33
58 24
58 39
59 5
59 26
60 18
60 49
61 36
61 53

# solution 2
# n=62 sym=rot4 status=verified source=flammenkamp_cache/n62_rot4.few
# code=oQXPbYiIUNiFJlnYq8r7dDKPU6jdp6FluCe24ZwbuWpGc9DLv1JoyIz270TKXow3BSfWzsx0h1Bgy4emqNjAT5O3QvxLn5EktAMGtVafmMs8r9RCEgkHcVhHROaSZ
0 26
0 33
1 25
1 37
2 34
2 44
3 18
3 30
4 23
4 44
5 15
5 19
6 47
6 49
7 34
7 52
8 8
8 53
9 7
9 39
10 13
10 20
11 25
11 30
12 6
12 45
13 39
13 51
14 6
14 15
15 47
15 56
16 12
16 40
17 2
17 4
18 35
18 58
19 37
19 56
20 32
20 51
21 16
21 38
22 9
22 13
23 21
23 57
24 1
24 19
25 50
25 60
26 18
26 61
27 2
27 7
28 0
28 29
29 20
29 33
30 50
30 58
31 3
31 11
32 28
32 41
33 32
33 61
34 54
34 59
35 0
35 43
36 1
36 11
37 42
37 60
38 4
38 40
39 48
39 52
40 23
40 45
41 10
41 29
42 5
42 24
43 3
43 26
44 57
44 59
45 21
45 49
46 5
46 14
47 46
47 55
48 10
48 22
49 16
49 55
50 31
50 36
51 41
51 48
52 22
52 54
53 8
53 53
54 9
54 27
55 12
55 14
56 42
56 46
57 17
57 38
58 31
58 43
59 17
59 27
60 24
60 36
61 28
61 35

# solution 3
# n=62 sym=rot4 status=verified source=flammenkamp_cache/n62_rot4.few
# code=oUaVnMcAHDJ6RquBQKe6ZJwms1WBvKbRdLbIwWipvlr8jFx2PEG0c9skuSXCI1z0yhnSX5F7qNzjlax2kGr8E4AHT3hOeMYOf4oTy7D3gQtLfZo59YtgmipNdCUPV
0 30
0 36
1 31
1 49
2 22
2 38
3 10
3 17
4 13
4 19
5 6
5 27
6 52
6 56
7 11
7 26
8 20
8 40
9 6
9 35
10 19
10 58
11 48
11 54
12 1
12 32
13 11
13 57
14 20
14 37
15 27
15 39
16 21
16 37
17 18
17 58
18 32
18 44
19 51
19 57
20 47
20 53
21 8
21 45
22 15
22 59
23 2
23 25
24 14
24 16
25 0
25 38
26 9
26 54
27 46
27 56
28 28
28 33
29 12
29 18
30 1
30 61
31 0
31 60
32 43
32 49
33 28
33 33
34 5
34 15
35 7
35 52
36 23
36 61
37 45
37 47
38 36
38 59
39 2
39 46
40 16
40 53
41 8
41 14
42 4
42 10
43 17
43 29
44 3
44 43
45 24
45 40
46 22
46 34
47 24
47 41
48 4
48 50
49 29
49 60
50 7
50 13
51 3
51 42
52 26
52 55
53 21
53 41
54 35
54 50
55 5
55 9
56 34
56 55
57 42
57 48
58 44
58 51
59 23
59 39
60 12
60 30
61 25
61 31

# solution 4
# n=62 sym=rot4 status=verified source=flammenkamp_cache/n62_rot4.few
# code=oMOXYPXcf8HLlCUKMkvmp9kglWt9L5B8AQUcvIhBQ3smusz3HPzbxgj1T12CYjt6GRnxyWyGJ2O0aiw075D7wZoIh4NVZproueq6TEJFqAD4FdfVnEeirKNSaRSbd
0 22
0 24
1 33
1 34
2 25
2 33
3 38
3 41
4 8
4 17
5 21
5 47
6 12
6 30
7 20
7 22
8 46
8 57
9 48
9 51
10 9
10 46
11 42
11 47
12 32
12 55
13 9
13 21
14 5
14 11
15 8
15 10
16 26
16 30
17 38
17 57
18 18
18 43
19 11
19 26
20 3
20 54
21 48
21 56
22 54
22 61
23 3
23 17
24 25
24 61
25 37
25 59
26 42
26 45
27 1
27 29
28 1
28 2
29 12
29 34
30 45
30 55
31 6
31 16
32 27
32 49
33 59
33 60
34 32
34 60
35 16
35 19
36 2
36 24
37 0
37 36
38 44
38 58
39 0
39 7
40 5
40 13
41 7
41 58
42 35
42 50
43 18
43 43
44 4
44 23
45 31
45 35
46 51
46 53
47 50
47 56
48 40
48 52
49 6
49 29
50 14
50 19
51 15
51 52
52 10
52 13
53 4
53 15
54 39
54 41
55 31
55 49
56 14
56 40
57 44
57 53
58 20
58 23
59 28
59 36
60 27
60 28
61 37
61 39

# solution 5
# n=62 sym=rot4 status=verified source=flammenkamp_cache/n62_rot4.few
# code=oQlXvQjLd1bITPjBIPkmnKUfs9R9E0m8c26MWsuUbBpNw3iFe4JrtxzSn1YHugpAJ5iRyCX0268gvLkHw3cAoOV57TdtxNrDzlqYq7KVfCDFahoGaWhOyMeGZ4SEZ
0 26
0 47
1 33
1 57
2 26
2 45
3 21
3 39
4 1
4 37
5 18
5 29
6 25
6 45
7 11
7 18
8 25
8 46
9 48
9 49
10 20
10 30
11 41
11 54
12 9
12 27
13 9
13 14
14 0
14 48
15 8
15 38
16 2
16 6
17 22
17 32
18 54
18 56
19 30
19 37
20 11
20 51
21 23
21 58
22 3
22 44
23 15
23 40
24 4
24 19
25 53
25 55
26 59
26 61
27 28
27 49
28 1
28 34
29 17
29 56
30 42
30 51
31 10
31 19
32 5
32 44
33 27
33 60
34 12
34 33
35 0
35 2
36 6
36 8
37 42
37 57
38 21
38 46
39 17
39 58
40 3
40 38
41 10
41 50
42 24
42 31
43 5
43 7
44 29
44 39
45 55
45 59
46 23
46 53
47 13
47 61
48 47
48 52
49 34
49 52
50 7
50 20
51 31
51 41
52 12
52 13
53 15
53 36
54 43
54 50
55 16
55 36
56 32
56 43
57 24
57 60
58 22
58 40
59 16
59 35
60 4
60 28
61 14
61 35

