# solution 1
# n=63 sym=sporadic status=verified source=flammenkamp_cache/n63_sporadic.mvr
# code=mvr:0 24 0 32 1 36 1 48 2 33 2 46 3 25 3 37 
0 24
0 32
1 36
1 48
2 33
2 46
3 25
3 37
4 15
4 21
5 28
5 48
6 7
6 12
7 8
7 56
8 35
8 55
9 18
9 22
10 46
10 47
11 26
11 35
12 42
12 56
13 31
13 41
14 1
14 5
15 10
15 58
16 2
16 10
17 29
17 45
18 39
18 53
19 39
19 40
20 12
20 30
21 13
21 58
22 19
22 53
23 18
23 19
24 34
24 62
25 3
25 59
26 1
26 51
27 8
27 11
28 24
28 57
29 2
29 45
30 0
30 42
31 13
31 49
32 20
32 62
33 17
33 60
34 5
34 38
35 51
35 54
36 11
36 61
37 3
37 59
38 0
38 28
39 43
39 44
40 9
40 43
41 4
41 49
42 32
42 50
43 22
43 23
44 9
44 23
45 17
45 33
46 52
46 60
47 4
47 52
48 57
48 61
49 21
49 31
50 6
50 20
51 27
51 36
52 15
52 16
53 40
53 44
54 7
54 27
55 6
55 54
56 50
56 55
57 14
57 34
58 41
58 47
59 25
59 37
60 16
60 29
61 14
61 26
62 30
62 38

