# solution 1
# n=64 sym=sporadic status=verified source=flammenkamp_cache/n64_sporadic.mvr
# code=mvr:0 14 0 31 1 22 1 29 2 37 2 39 3 29 3 47 
0 14
0 31
1 22
1 29
2 37
2 39
3 29
3 47
4 11
4 25
5 22
5 56
6 28
6 51
7 5
7 32
8 11
8 28
9 16
9 43
10 40
10 42
11 55
11 59
12 6
12 14
13 17
13 21
14 51
14 63
15 20
15 30
16 3
16 54
17 40
17 50
18 30
18 36
19 24
19 36
20 9
20 48
21 10
21 50
22 58
22 62
23 10
23 17
24 2
24 44
25 26
25 59
26 2
26 38
27 18
27 19
28 55
28 57
29 60
29 62
30 45
30 48
31 7
31 63
32 0
32 56
33 15
33 18
34 1
34 3
35 6
35 8
36 44
36 45
37 25
37 61
38 4
38 37
39 19
39 61
40 46
40 53
41 1
41 5
42 13
42 53
43 15
43 54
44 27
44 39
45 27
45 33
46 13
46 23
47 9
47 60
48 33
48 43
49 0
49 12
50 42
50 46
51 49
51 57
52 4
52 8
53 21
53 23
54 20
54 47
55 35
55 52
56 31
56 58
57 12
57 35
58 7
58 41
59 38
59 52
60 16
60 34
61 24
61 26
62 34
62 41
63 32
63 49

