# solution 1
# n=64 sym=rot4 status=verified source=flammenkamp_cache/n64_rot4.few
# code=oEVMTbdTlBPMuSp5WBSGhegtx6EHLp$KU3seoUaOa9mAow#AH2iQx2cIJtvy#jm7$0uFI1368ijPz4bJzkr15DrFsRdRXDN9yXh0Cgknv48LNKlZqVwCZ7fcqGYOQYfWn
0 14
0 31
1 22
1 29
2 37
2 39
3 29
3 47
4 11
4 25
5 22
5 56
6 28
6 51
7 5
7 32
8 11
8 28
9 16
9 43
10 40
10 42
11 55
11 59
12 6
12 14
13 17
13 21
14 51
14 63
15 20
15 30
16 3
16 54
17 40
17 50
18 30
18 36
19 24
19 36
20 9
20 48
21 10
21 50
22 58
22 62
23 10
23 17
24 2
24 44
25 26
25 59
26 2
26 38
27 18
27 19
28 55
28 57
29 60
29 62
30 45
30 48
31 7
31 63
32 0
32 56
33 15
33 18
34 1
34 3
35 6
35 8
36 44
36 45
37 25
37 61
38 4
38 37
39 19
39 61
40 46
40 53
41 1
41 5
42 13
42 53
43 15
43 54
44 27
44 39
45 27
45 33
46 13
46 23
47 9
47 60
48 33
48 43
49 0
49 12
50 42
50 46
51 49
51 57
52 4
52 8
53 21
53 23
54 20
54 47
55 35
55 52
56 31
56 58
57 12
57 35
58 7
58 41
59 38
59 52
60 16
60 34
61 24
61 26
62 34
62 41
63 32
63 49

# solution 2
# n=64 sym=rot4 status=verified source=flammenkamp_cache/n64_rot4.few
# code=oLZGbJU7EFjPtnpUy5ePgCIWZ6rGa6yMxo#Oa4rhzJO9$em8Mhksw1VDH0BTYuzBbQq27TYq$koW#59HKftFN0sdi2KAxRd1D4f3vRlAvSVjpLcNw3XCE8cImnuXiQlSg
0 21
0 35
1 16
1 37
2 19
2 30
3 7
3 14
4 15
4 45
5 25
5 55
6 49
6 51
7 30
7 60
8 5
8 40
9 25
9 42
10 12
10 18
11 32
11 35
12 6
12 53
13 16
13 36
14 6
14 60
15 22
15 59
16 50
16 62
17 24
17 36
18 4
18 53
19 43
19 61
20 19
20 24
21 9
21 63
22 40
22 48
23 8
23 22
24 43
24 46
25 54
25 58
26 1
26 31
27 13
27 17
28 0
28 11
29 29
29 34
30 56
30 61
31 11
31 37
32 26
32 52
33 2
33 7
34 29
34 34
35 52
35 63
36 46
36 50
37 32
37 62
38 5
38 9
39 17
39 20
40 41
40 55
41 15
41 23
42 0
42 54
43 39
43 44
44 2
44 20
45 10
45 59
46 27
46 39
47 1
47 13
48 4
48 41
49 3
49 57
50 27
50 47
51 10
51 57
52 28
52 31
53 45
53 51
54 21
54 38
55 23
55 58
56 3
56 33
57 12
57 14
58 8
58 38
59 18
59 48
60 49
60 56
61 33
61 44
62 26
62 47
63 28
63 42

# solution 3
# n=64 sym=rot4 status=verified source=flammenkamp_cache/n64_rot4.few
# code=oXfQVAdESGsetAXSm5e4KvzHpBdJfGy7PnxaqLWQoasPj0D582Cgmi#HKuyTY06I#1jv$TY37hk1JFLpztwo$Ic9RDbVgBR4Ecu3lMiOqCk26hxNwFZUr8N9lZnOrWbMU
0 33
0 41
1 26
1 31
2 10
2 39
3 14
3 28
4 16
4 54
5 40
5 55
6 10
6 33
7 28
7 48
8 5
8 40
9 4
9 20
10 57
10 61
11 17
11 51
12 11
12 39
13 19
13 41
14 16
14 60
15 7
15 25
16 49
16 59
17 36
17 52
18 21
18 32
19 26
19 50
20 36
20 54
21 25
21 45
22 0
22 13
23 5
23 8
24 2
24 12
25 42
25 48
26 44
26 62
27 17
27 20
28 56
28 60
29 29
29 34
30 0
30 6
31 18
31 62
32 1
32 45
33 57
33 63
34 29
34 34
35 3
35 7
36 43
36 46
37 1
37 19
38 15
38 21
39 51
39 61
40 55
40 58
41 50
41 63
42 18
42 38
43 9
43 27
44 13
44 37
45 31
45 42
46 11
46 27
47 4
47 14
48 38
48 56
49 3
49 47
50 22
50 44
51 24
51 52
52 12
52 46
53 2
53 6
54 43
54 59
55 23
55 58
56 15
56 35
57 30
57 53
58 8
58 23
59 9
59 47
60 35
60 49
61 24
61 53
62 32
62 37
63 22
63 30

# solution 4
# n=64 sym=rot4 status=verified source=flammenkamp_cache/n64_rot4.few
# code=oMSbfRURpSkcd9GDKjlcvUjmn3JOuBNBW8v4W8AgpQuJN1$gn5o591hyzx$TYrzFHkm2ATY0423K#swDwEL0#ei7bCLrtVx6tVqeq7diyEFIX6PGIholsOPHZCaXaMQZf
0 22
0 28
1 37
1 41
2 27
2 30
3 27
3 51
4 28
4 46
5 38
5 39
6 9
6 16
7 13
7 20
8 45
8 47
9 38
9 57
10 30
10 45
11 48
11 49
12 3
12 19
13 24
13 56
14 11
14 23
15 11
15 32
16 8
16 57
17 4
17 32
18 8
18 10
19 42
19 51
20 26
20 56
21 19
21 23
22 1
22 63
23 42
23 49
24 5
24 50
25 5
25 9
26 1
26 43
27 60
27 61
28 59
28 63
29 29
29 34
30 53
30 61
31 15
31 17
32 46
32 48
33 2
33 10
34 29
34 34
35 0
35 4
36 2
36 3
37 20
37 62
38 54
38 58
39 13
39 58
40 14
40 21
41 0
41 62
42 40
42 44
43 7
43 37
44 12
44 21
45 53
45 55
46 31
46 59
47 6
47 55
48 31
48 52
49 40
49 52
50 7
50 39
51 44
51 60
52 14
52 15
53 18
53 33
54 6
54 25
55 16
55 18
56 43
56 50
57 47
57 54
58 24
58 25
59 17
59 35
60 12
60 36
61 33
61 36
62 22
62 26
63 35
63 41

# solution 5
# n=64 sym=rot4 status=verified source=flammenkamp_cache/n64_rot4.few
# code=o8mQURcIKmw4qUfZgr$EG8N5DZddqjs04JsPREyVlgy7K6VQrCD2ke#kz7CTYv#fiJM16TYpu2H1NHzopAbWvhu3LGW3nac9ix$9IBOOSowetln0ALSMXBx5FhjPaXbFt
0 8
0 48
1 26
1 30
2 27
2 38
3 18
3 20
4 48
4 58
5 4
5 52
6 30
6 41
7 35
7 42
8 53
8 63
9 14
9 16
10 8
10 23
11 5
11 13
12 35
12 39
13 39
13 52
14 45
14 54
15 0
15 4
16 19
16 54
17 25
17 27
18 14
18 60
19 31
19 47
20 42
20 60
21 7
21 20
22 6
22 31
23 26
23 53
24 12
24 13
25 2
25 46
26 40
26 62
27 46
27 61
28 7
28 12
29 29
29 34
30 57
30 62
31 41
31 44
32 19
32 22
33 1
33 6
34 29
34 34
35 51
35 56
36 2
36 17
37 1
37 23
38 17
38 61
39 50
39 51
40 10
40 37
41 32
41 57
42 43
42 56
43 3
43 21
44 16
44 32
45 3
45 49
46 36
46 38
47 9
47 44
48 59
48 63
49 9
49 18
50 11
50 24
51 24
51 28
52 50
52 58
53 40
53 55
54 47
54 49
55 0
55 10
56 21
56 28
57 22
57 33
58 11
58 59
59 5
59 15
60 43
60 45
61 25
61 36
62 33
62 37
63 15
63 55

# solution 6
# n=64 sym=rot4 status=verified source=flammenkamp_cache/n64_rot4.few
# code=oOmUWEgEZIoNP8lZt7vbkNiIRGX4gyz0M6p9KqxAKik2DcmrwQ$Mw9dVq37TYC#1aR#1pTYuyBWOs5f0b5AFPozHJhr4BhsCvf$23LxUlajJeHQ6u8SGtceDjSnLnVXFd
0 24
0 48
1 30
1 32
2 14
2 42
3 14
3 35
4 18
4 50
5 23
5 25
6 8
6 47
7 35
7 55
8 7
8 57
9 37
9 46
10 23
10 44
11 18
11 27
12 16
12 33
13 4
13 42
14 60
14 61
15 0
15 22
16 6
16 51
17 9
17 20
18 52
18 59
19 10
19 20
20 44
20 46
21 2
21 13
22 38
22 48
23 53
23 58
24 26
24 63
25 22
25 58
26 9
26 39
27 31
27 52
28 3
28 7
29 29
29 34
30 12
30 62
31 1
31 36
32 27
32 62
33 1
33 51
34 29
34 34
35 56
35 60
36 11
36 32
37 24
37 54
38 5
38 41
39 0
39 37
40 5
40 10
41 15
41 25
42 50
42 61
43 17
43 19
44 43
44 53
45 4
45 11
46 43
46 54
47 12
47 57
48 41
48 63
49 2
49 3
50 21
50 59
51 30
51 47
52 36
52 45
53 19
53 40
54 17
54 26
55 6
55 56
56 8
56 28
57 16
57 55
58 38
58 40
59 13
59 45
60 28
60 49
61 21
61 49
62 31
62 33
63 15
63 39

# solution 7
# n=64 sym=rot4 status=verified source=flammenkamp_cache/n64_rot4.few
# code=oOWQRsuDlKUQhkn2ZZk2CDIXdasry6IJL3P68nrPm5xVmNeMfB$ilw#C#78TYBx0gL$4qTYtu1p15GJ0qMfNeFW4wFcAEtvcygijv3A9ROUjopzHSSzEHKbXhGo79abVd
0 24
0 32
1 26
1 27
2 54
2 56
3 13
3 47
4 20
4 30
5 26
5 43
6 46
6 49
7 2
7 35
8 35
8 46
9 2
9 12
10 13
10 18
11 33
11 39
12 36
12 54
13 53
13 60
14 6
14 18
15 19
15 21
16 3
16 25
17 6
17 8
18 49
18 53
19 25
19 48
20 5
20 59
21 31
21 48
22 23
22 40
23 22
23 41
24 11
24 63
25 44
25 47
26 58
26 62
27 12
27 62
28 7
28 8
29 29
29 34
30 11
30 59
31 0
31 42
32 21
32 63
33 4
33 52
34 29
34 34
35 55
35 56
36 1
36 51
37 1
37 5
38 16
38 19
39 0
39 52
40 22
40 41
41 23
41 40
42 15
42 32
43 4
43 58
44 15
44 38
45 10
45 14
46 55
46 57
47 38
47 60
48 42
48 44
49 45
49 57
50 3
50 10
51 9
51 27
52 24
52 30
53 45
53 50
54 51
54 61
55 17
55 28
56 28
56 61
57 14
57 17
58 20
58 37
59 33
59 43
60 16
60 50
61 7
61 9
62 36
62 37
63 31
63 39

# solution 8
# n=64 sym=rot4 status=verified source=flammenkamp_cache/n64_rot4.few
# code=oZiPUMqZa8jLqCI8fuxPgCJ25rvKeWaKNdkGV4v0rmo9w7zDmGQs#Ud3E03TYb#EkHn1QTYy$nyOX19blFo2u5sDFA$6xWlHOehRVNh6AwzipLc47MtjpBgItRSBfXcJS
0 35
0 44
1 25
1 30
2 22
2 52
3 35
3 36
4 8
4 45
5 21
5 52
6 12
6 18
7 8
7 41
8 56
8 59
9 25
9 42
10 12
10 19
11 2
11 5
12 53
12 57
13 20
13 40
14 32
14 36
15 20
15 23
16 39
16 46
17 16
17 31
18 4
18 57
19 0
19 53
20 48
20 50
21 9
21 58
22 7
22 61
23 13
23 48
24 16
24 26
25 54
25 62
26 30
26 39
27 3
27 14
28 0
28 3
29 29
29 34
30 37
30 62
31 14
31 46
32 17
32 49
33 1
33 26
34 29
34 34
35 60
35 63
36 49
36 60
37 24
37 33
38 1
38 9
39 37
39 47
40 15
40 50
41 2
41 56
42 5
42 54
43 13
43 15
44 10
44 63
45 6
45 59
46 32
46 47
47 17
47 24
48 40
48 43
49 27
49 31
50 23
50 43
51 6
51 10
52 58
52 61
53 44
53 51
54 21
54 38
55 4
55 7
56 22
56 55
57 45
57 51
58 11
58 42
59 18
59 55
60 27
60 28
61 11
61 41
62 33
62 38
63 19
63 28

# solution 9
# n=64 sym=rot4 status=verified source=flammenkamp_cache/n64_rot4.few
# code=oBSSTcpFIdejoblVeQlAfRsR$2n5KCWgy68KO5ycfkoFU9J474k2J6tqr#$U#YgEu7nLT1X01AB8vizHxuxisXmDHMP3wdhtv3LVphwEz0a9aMrGbNWGQDINOjmCPYZZq
0 11
0 28
1 28
1 29
2 38
2 51
3 15
3 18
4 39
4 40
5 45
5 50
6 37
6 47
7 31
7 40
8 26
8 47
9 10
9 41
10 27
10 54
11 27
11 63
12 2
12 49
13 5
13 20
14 12
14 32
15 42
15 60
16 6
16 8
17 20
17 24
18 5
18 60
19 38
19 41
20 46
20 50
21 15
21 30
22 9
22 19
23 4
23 7
24 4
24 46
25 2
25 19
26 6
26 55
27 52
27 53
28 62
28 63
29 30
29 62
30 34
30 42
31 14
31 56
32 7
32 49
33 21
33 29
34 1
34 33
35 0
35 1
36 10
36 11
37 8
37 57
38 44
38 61
39 17
39 59
40 56
40 59
41 44
41 54
42 33
42 48
43 13
43 17
44 22
44 25
45 3
45 58
46 39
46 43
47 55
47 57
48 3
48 21
49 31
49 51
50 43
50 58
51 14
51 61
52 0
52 36
53 9
53 36
54 22
54 53
55 16
55 37
56 23
56 32
57 16
57 26
58 13
58 18
59 23
59 24
60 45
60 48
61 12
61 25
62 34
62 35
63 35
63 52

# solution 10
# n=64 sym=rot4 status=verified source=flammenkamp_cache/n64_rot4.few
# code=oKXDQSpPj7fUV9FqxOiqvIb792WR#SiGvNmae3r8Eg$KP4OHlftgyA#HonzTY0wCw5p5$TY2EDk1r3L8MGkdxch0LntAyNRFe6lJZ1aVzsuQj6BJd4BmsWXMuIcCZboUh
0 20
0 33
1 13
1 26
2 28
2 51
3 25
3 45
4 7
4 41
5 30
5 31
6 9
6 15
7 52
7 59
8 24
8 44
9 52
9 57
10 18
10 37
11 7
11 9
12 2
12 32
13 27
13 62
14 28
14 44
15 16
15 57
16 23
16 48
17 36
17 40
18 3
18 53
19 8
19 14
20 42
20 63
21 20
21 25
22 4
22 24
23 17
23 47
24 41
24 55
25 42
25 60
26 10
26 62
27 17
27 50
28 49
28 61
29 29
29 34
30 0
30 58
31 12
31 58
32 5
32 51
33 5
33 63
34 29
34 34
35 2
35 14
36 13
36 46
37 1
37 53
38 3
38 21
39 8
39 22
40 16
40 46
41 39
41 59
42 38
42 43
43 0
43 21
44 49
44 55
45 10
45 60
46 23
46 27
47 15
47 40
48 6
48 47
49 19
49 35
50 1
50 36
51 31
51 61
52 54
52 56
53 26
53 45
54 6
54 11
55 19
55 39
56 4
56 11
57 48
57 54
58 32
58 33
59 22
59 56
60 18
60 38
61 12
61 35
62 37
62 50
63 30
63 43

# solution 11
# n=64 sym=rot4 status=verified source=flammenkamp_cache/n64_rot4.few
# code=oOYYbFQLicqAqCGXcMdHnNw45nvRU9CIzjvRsGm3fLWhyJtVr8$471zkoSZ017oKeNhDu#$SZDH2#ux0tAW8i3KVgMyFl9a6I2jpsXa6Ewx5eEkOfPUlpBrBPJgbmQTTd
0 24
0 34
1 34
1 37
2 15
2 26
3 21
3 44
4 38
4 52
5 10
5 52
6 12
6 16
7 33
7 38
8 22
8 39
9 17
9 49
10 23
10 58
11 4
11 5
12 49
12 57
13 27
13 30
14 9
14 12
15 18
15 61
16 45
16 57
17 27
17 54
18 16
18 48
19 3
19 41
20 21
20 32
21 43
21 60
22 19
22 55
23 31
23 53
24 8
24 63
25 4
25 7
26 1
26 61
27 46
27 50
28 28
28 35
29 0
29 1
30 7
30 50
31 20
31 40
32 23
32 43
33 13
33 56
34 62
34 63
35 28
35 35
36 13
36 17
37 2
37 62
38 56
38 59
39 0
39 55
40 10
40 32
41 8
41 44
42 3
42 20
43 31
43 42
44 22
44 60
45 15
45 47
46 9
46 36
47 6
47 18
48 2
48 45
49 51
49 54
50 33
50 36
51 6
51 14
52 58
52 59
53 5
53 40
54 14
54 46
55 24
55 41
56 25
56 30
57 47
57 51
58 11
58 53
59 11
59 25
60 19
60 42
61 37
61 48
62 26
62 29
63 29
63 39

# solution 12
# n=64 sym=rot4 status=verified source=flammenkamp_cache/n64_rot4.few
# code=oRUMhkmDmUaGK7Ggv9nQtVZJOZdjy8I23vw2gDncq1w7HP#QVCqJfes4$ACTYx$erAN04TYpr0x9NMiBpWb1cku5#BPEoLz56yzjt3IOSdiSW8bEs6LluhlRXFoFHKfXa
0 27
0 30
1 22
1 43
2 46
2 48
3 13
3 48
4 30
4 36
5 16
5 20
6 7
6 16
7 42
7 57
8 9
8 49
9 26
9 55
10 31
10 35
11 19
11 24
12 35
12 39
13 45
13 60
14 8
14 18
15 2
15 3
16 57
16 58
17 2
17 42
18 13
18 49
19 38
19 52
20 1
20 58
21 7
21 17
22 25
22 62
23 26
23 31
24 12
24 52
25 19
25 41
26 40
26 54
27 4
27 63
28 10
28 12
29 29
29 34
30 59
30 63
31 40
31 53
32 10
32 23
33 0
33 4
34 29
34 34
35 51
35 53
36 0
36 59
37 9
37 23
38 22
38 44
39 11
39 51
40 32
40 37
41 1
41 38
42 46
42 56
43 5
43 62
44 11
44 25
45 14
45 50
46 21
46 61
47 5
47 6
48 60
48 61
49 45
49 55
50 3
50 18
51 24
51 28
52 39
52 44
53 28
53 32
54 8
54 37
55 14
55 54
56 6
56 21
57 47
57 56
58 43
58 47
59 27
59 33
60 15
60 50
61 15
61 17
62 20
62 41
63 33
63 36

# solution 13
# n=64 sym=rot4 status=verified source=flammenkamp_cache/n64_rot4.few
# code=oNZOZgsWlEjVYbhkrBN2B7EstagOPrxFm3k7G4aPQ6M2CXht$o#io6iCI015UMY3w5yTfXw#$jpJvDJ1D08KUpzfvbcRxluHyFm4AcdLR89nuqzeqAHKQTWInGV9LSdSe
0 23
0 35
1 24
1 35
2 42
2 54
3 32
3 47
4 14
4 45
5 31
5 34
6 37
6 43
7 46
7 53
8 11
8 23
9 2
9 11
10 7
10 14
11 54
11 55
12 36
12 42
13 24
13 25
14 53
14 59
15 15
15 48
16 3
16 46
17 7
17 16
18 4
18 36
19 25
19 26
20 6
20 22
21 2
21 12
22 33
22 43
23 55
23 63
24 50
24 62
25 44
25 50
26 6
26 44
27 12
27 18
28 0
28 1
29 5
29 30
30 22
30 34
31 3
31 58
32 5
32 60
33 29
33 41
34 33
34 58
35 62
35 63
36 45
36 51
37 19
37 57
38 13
38 19
39 1
39 13
40 0
40 8
41 20
41 30
42 51
42 61
43 41
43 57
44 37
44 38
45 27
45 59
46 47
46 56
47 17
47 60
48 15
48 48
49 4
49 10
50 38
50 39
51 21
51 27
52 8
52 9
53 49
53 56
54 52
54 61
55 40
55 52
56 10
56 17
57 20
57 26
58 29
58 32
59 18
59 49
60 16
60 31
61 9
61 21
62 28
62 39
63 28
63 40

# solution 14
# n=64 sym=rot4 status=verified source=flammenkamp_cache/n64_rot4.few
# code=oSTbcSWesBERnOjOjpr3J8FGx8iPR5xHrWqem67CsYgKfLQ3Huv1o1fowz$K$UX2GlzUX0h025DM#D#67kybgMhLT9puvFNBVAk4wacJt4lmtiyACIdIdEanq9NVZPQYZ
0 28
0 29
1 37
1 38
2 28
2 32
3 40
3 54
4 11
4 14
5 27
5 49
6 24
6 45
7 24
7 45
8 51
8 53
9 3
9 19
10 8
10 15
11 16
11 59
12 8
12 44
13 25
13 27
14 5
14 59
15 17
15 53
16 32
16 52
17 40
17 48
18 6
18 7
19 12
19 54
20 34
20 42
21 20
21 41
22 21
22 26
23 3
23 17
24 56
24 57
25 1
25 50
26 1
26 41
27 50
27 58
28 61
28 63
29 20
29 63
30 30
30 33
31 2
31 16
32 47
32 61
33 30
33 33
34 0
34 43
35 0
35 2
36 5
36 13
37 22
37 62
38 13
38 62
39 6
39 7
40 46
40 60
41 37
41 42
42 22
42 43
43 21
43 29
44 9
44 51
45 56
45 57
46 15
46 23
47 11
47 31
48 10
48 46
49 4
49 58
50 36
50 38
51 19
51 55
52 4
52 47
53 48
53 55
54 44
54 60
55 10
55 12
56 18
56 39
57 18
57 39
58 14
58 36
59 49
59 52
60 9
60 23
61 31
61 35
62 25
62 26
63 34
63 35

# solution 15
# n=64 sym=rot4 status=verified source=flammenkamp_cache/n64_rot4.few
# code=oRcOqMWcvDZQk3DOi9ahtNU1mFjvxNgBpbf5JCV7k9gEKGznru#03Gw8$4UTYZr2jIzASTYXx0t5ly$17AE2lhnLsHuWpiwMQCqLe46ImF#Xe8KRsJdoyHbSo6PVfBdPa
0 27
0 38
1 24
1 52
2 22
2 32
3 38
3 57
4 13
4 35
5 26
5 46
6 3
6 13
7 24
7 44
8 9
8 36
9 43
9 55
10 23
10 30
11 1
11 48
12 15
12 45
13 57
13 59
14 23
14 42
15 11
15 51
16 37
16 41
17 5
17 19
18 12
18 31
19 7
19 46
20 9
20 42
21 14
21 20
22 16
22 61
23 49
23 53
24 56
24 62
25 0
25 3
26 16
26 58
27 8
27 63
28 4
28 30
29 29
29 34
30 35
30 53
31 2
31 45
32 18
32 61
33 10
33 28
34 29
34 34
35 33
35 59
36 0
36 55
37 5
37 47
38 60
38 63
39 1
39 7
40 10
40 14
41 2
41 47
42 43
42 49
43 21
43 54
44 17
44 56
45 32
45 51
46 44
46 58
47 22
47 26
48 12
48 52
49 21
49 40
50 4
50 6
51 18
51 48
52 15
52 62
53 33
53 40
54 8
54 20
55 27
55 54
56 19
56 39
57 50
57 60
58 17
58 37
59 28
59 50
60 6
60 25
61 31
61 41
62 11
62 39
63 25
63 36

# solution 16
# n=64 sym=rot4 status=verified source=flammenkamp_cache/n64_rot4.few
# code=o5aYeQqMiMPi$Wl8DCuPbLX2KEtkuOpIX6LDVdm35eqlrxy1KInsx9z0TSZ1aAF6kHvmrR#SZY$2s49Ejh#34AGBNwyFOWogvUjCd7H8nhzUgQc7potGV0JcfJfBbNTRw
0 5
0 36
1 34
1 40
2 26
2 52
3 22
3 44
4 22
4 25
5 44
5 63
6 32
6 47
7 8
7 13
8 12
8 56
9 25
9 37
10 21
10 33
11 2
11 20
12 14
12 55
13 46
13 56
14 24
14 51
15 18
15 33
16 6
16 21
17 13
17 31
18 39
18 48
19 3
19 5
20 40
20 52
21 47
21 53
22 59
22 60
23 1
23 20
24 18
24 49
25 54
25 59
26 9
26 61
27 0
27 29
28 28
28 35
29 1
29 36
30 10
30 15
31 6
31 46
32 17
32 57
33 48
33 53
34 27
34 62
35 28
35 35
36 34
36 63
37 2
37 54
38 4
38 9
39 14
39 45
40 43
40 62
41 3
41 4
42 10
42 16
43 11
43 23
44 58
44 60
45 15
45 24
46 32
46 50
47 42
47 57
48 30
48 45
49 12
49 39
50 7
50 17
51 8
51 49
52 43
52 61
53 30
53 42
54 26
54 38
55 7
55 51
56 50
56 55
57 16
57 31
58 0
58 19
59 38
59 41
60 19
60 41
61 11
61 37
62 23
62 29
63 27
63 58

# solution 17
# n=64 sym=rot4 status=verified source=flammenkamp_cache/n64_rot4.few
# code=oMZZd8HDaKicnCPBOsz8HeoWugvAy5XMNIXszgl4bVxCIm$Am1u5vJR3b01TYEGBhKqlnTY#$Qyai6w7#Fr0Fjp4WQxGL29UjefUw3r6L7VDNkt29dqcpEPJhRoktOSSf
0 22
0 35
1 35
1 39
2 8
2 17
3 13
3 36
4 20
4 44
5 38
5 49
6 12
6 25
7 11
7 24
8 54
8 61
9 8
9 17
10 40
10 50
11 32
11 56
12 42
12 57
13 10
13 60
14 5
14 33
15 22
15 23
16 18
16 33
17 54
17 61
18 42
18 47
19 4
19 37
20 31
20 59
21 12
21 18
22 48
22 63
23 10
23 48
24 1
24 56
25 5
25 57
26 19
26 27
27 3
27 37
28 0
28 1
29 29
29 34
30 14
30 16
31 11
31 43
32 20
32 52
33 47
33 49
34 29
34 34
35 62
35 63
36 26
36 60
37 36
37 44
38 6
38 58
39 7
39 62
40 15
40 53
41 0
41 15
42 45
42 51
43 4
43 32
44 26
44 59
45 16
45 21
46 2
46 9
47 30
47 45
48 40
48 41
49 30
49 58
50 3
50 53
51 6
51 21
52 7
52 31
53 13
53 23
54 46
54 55
55 2
55 9
56 39
56 52
57 38
57 51
58 14
58 25
59 19
59 43
60 27
60 50
61 46
61 55
62 24
62 28
63 28
63 41

# solution 18
# n=64 sym=rot4 status=verified source=flammenkamp_cache/n64_rot4.few
# code=oOR7fGIcnTdLjYra#noHQ6pJeAF8c38bpLzhs5zNqHUlw1VBi4$3DFs7$SZ6xVhXfMUKW4vSZ0u9moy0xJqW#5GXkBe2w9K2gCQtyPtmrNiCvbkDE1RATIgOYEPjlMuad
0 24
0 27
1 7
1 41
2 16
2 18
3 38
3 49
4 29
4 39
5 21
5 45
6 34
6 53
7 36
7 62
8 49
8 50
9 17
9 26
10 6
10 51
11 19
11 40
12 10
12 15
13 8
13 38
14 3
14 8
15 37
15 51
16 21
16 61
17 43
17 54
18 5
18 61
19 23
19 52
20 17
20 30
21 47
21 58
22 1
22 31
23 11
23 44
24 4
24 63
25 3
25 13
26 15
26 54
27 7
27 63
28 28
28 35
29 6
29 59
30 31
30 43
31 33
31 41
32 22
32 30
33 20
33 32
34 4
34 57
35 28
35 35
36 0
36 56
37 9
37 48
38 50
38 60
39 0
39 59
40 19
40 52
41 32
41 62
42 5
42 16
43 33
43 46
44 11
44 40
45 2
45 58
46 9
46 20
47 2
47 42
48 12
48 26
49 55
49 60
50 25
50 55
51 48
51 53
52 23
52 44
53 12
53 57
54 37
54 46
55 13
55 14
56 1
56 27
57 10
57 29
58 18
58 42
59 24
59 34
60 14
60 25
61 45
61 47
62 22
62 56
63 36
63 39

# solution 19
# n=64 sym=rot4 status=verified source=flammenkamp_cache/n64_rot4.few
# code=oUcZlOaFWHiYnMRIgVf9sHLChFqei5Upy1Qrxeu4DBc7r8vDIQz0Kdl2v1T5Zn$3t8y0ESwY#6zGOh$2bjo6tAuPqox7N4Ab#3CXwJNBmKpgk9sMWLjafETJkVmRdGSPX
0 30
0 38
1 35
1 47
2 24
2 36
3 15
3 32
4 17
4 44
5 34
5 49
6 22
6 27
7 18
7 42
8 31
8 41
9 9
9 54
10 17
10 21
11 12
11 43
12 15
12 52
13 40
13 44
14 5
14 30
15 51
15 60
16 1
16 26
17 53
17 59
18 40
18 56
19 4
19 13
20 11
20 38
21 7
21 53
22 8
22 57
23 13
23 18
24 26
24 61
25 0
25 20
26 39
26 47
27 2
27 57
28 1
28 29
29 5
29 35
30 49
30 63
31 3
31 55
32 8
32 60
33 0
33 14
34 28
34 58
35 34
35 62
36 6
36 61
37 16
37 24
38 43
38 63
39 2
39 37
40 45
40 50
41 6
41 55
42 10
42 56
43 25
43 52
44 50
44 59
45 7
45 23
46 4
46 10
47 37
47 62
48 3
48 12
49 33
49 58
50 19
50 23
51 11
51 48
52 20
52 51
53 42
53 46
54 9
54 54
55 22
55 32
56 21
56 45
57 36
57 41
58 14
58 29
59 19
59 46
60 31
60 48
61 27
61 39
62 16
62 28
63 25
63 33

# solution 20
# n=64 sym=rot4 status=verified source=flammenkamp_cache/n64_rot4.few
# code=ojrPaEXYaNPHMmpjt7bEO0DJM6lTrsz6JCXVw07mqegKQqwKxVsx#8g13SZ3o2GdkHOlzDySZy#Lt149W4h5BbhLNBFu$5WUpiv29AYGvfio$dnQu8ICFfkceRTUnRcAI
0 45
0 53
1 25
1 36
2 14
2 33
3 34
3 36
4 23
4 25
5 17
5 22
6 48
6 51
7 45
7 55
8 7
8 37
9 14
9 24
10 0
10 13
11 19
11 22
12 6
12 47
13 29
13 53
14 54
14 61
15 6
15 19
16 12
16 33
17 31
17 58
18 0
18 7
19 48
19 52
20 40
20 42
21 20
21 26
22 52
22 58
23 20
23 59
24 31
24 54
25 59
25 62
26 8
26 42
27 1
27 3
28 28
28 35
29 3
29 50
30 2
30 16
31 39
31 46
32 17
32 24
33 47
33 61
34 13
34 60
35 28
35 35
36 60
36 62
37 21
37 55
38 1
38 4
39 9
39 32
40 4
40 43
41 5
41 11
42 37
42 43
43 21
43 23
44 11
44 15
45 56
45 63
46 5
46 32
47 30
47 51
48 44
48 57
49 2
49 9
50 10
50 34
51 16
51 57
52 41
52 44
53 50
53 63
54 39
54 49
55 26
55 56
56 8
56 18
57 12
57 15
58 41
58 46
59 38
59 40
60 27
60 29
61 30
61 49
62 27
62 38
63 10
63 18

# solution 21
# n=64 sym=rot4 status=verified source=flammenkamp_cache/n64_rot4.few
# code=oXhNnYnUt7cagKpIx3diqIi9Q6VHb12afMOVoru9A0v5eFlL#8l4TDq5FSZ2c0ykpCH3$PzSZmwBoYxGt1gGmNw6$rs7ADWdfMRz#QkWvbsJjBJOy4jChLRPu8XETEeKU
0 33
0 43
1 23
1 49
2 34
2 49
3 30
3 55
4 7
4 38
5 36
5 42
6 20
6 51
7 18
7 59
8 3
8 39
9 44
9 52
10 18
10 44
11 9
11 26
12 6
12 31
13 17
13 37
14 1
14 2
15 36
15 41
16 22
16 24
17 31
17 50
18 53
18 56
19 9
19 10
20 0
20 57
21 5
21 40
22 15
22 47
23 21
23 62
24 8
24 47
25 4
25 29
26 13
26 52
27 5
27 15
28 28
28 35
29 2
29 38
30 0
30 60
31 46
31 51
32 12
32 17
33 3
33 63
34 25
34 61
35 28
35 35
36 48
36 58
37 11
37 50
38 34
38 59
39 16
39 55
40 1
40 42
41 16
41 48
42 23
42 58
43 6
43 63
44 53
44 54
45 7
45 10
46 13
46 32
47 39
47 41
48 22
48 27
49 61
49 62
50 26
50 46
51 32
51 57
52 37
52 54
53 19
53 45
54 11
54 19
55 24
55 60
56 4
56 45
57 12
57 43
58 21
58 27
59 25
59 56
60 8
60 33
61 14
61 29
62 14
62 40
63 20
63 30

# solution 22
# n=64 sym=rot4 status=verified source=flammenkamp_cache/n64_rot4.few
# code=odeEjRZHiZoBROeEKYhBoPbswgl49u#LPCbjy1H3X8uCmUY060vmrAGwz248MJfVWVWMiftxz25lrAF6$v$TXFp7tUyk#3IQpcg17sxGL59QcDqKThnNdaqDSJkSaInNO
0 39
0 40
1 14
1 45
2 27
2 35
3 17
3 44
4 35
4 50
5 11
5 27
6 24
6 40
7 14
7 20
8 34
8 43
9 11
9 50
10 25
10 37
11 54
11 58
12 42
12 47
13 4
13 9
14 56
14 62
15 21
15 25
16 12
16 37
17 45
17 60
18 1
18 17
19 3
19 33
20 8
20 56
21 12
21 48
22 30
22 34
23 0
23 6
24 0
24 57
25 48
25 53
26 10
26 16
27 58
27 61
28 2
28 4
29 8
29 22
30 19
30 41
31 31
31 32
32 31
32 32
33 22
33 44
34 41
34 55
35 59
35 61
36 2
36 5
37 47
37 53
38 10
38 15
39 6
39 63
40 57
40 63
41 29
41 33
42 15
42 51
43 7
43 55
44 30
44 60
45 46
45 62
46 3
46 18
47 26
47 51
48 38
48 42
49 1
49 7
50 54
50 59
51 16
51 21
52 5
52 9
53 26
53 38
54 13
54 52
55 20
55 29
56 43
56 49
57 23
57 39
58 36
58 52
59 13
59 28
60 19
60 46
61 28
61 36
62 18
62 49
63 23
63 24

# solution 23
# n=64 sym=rot4 status=verified source=flammenkamp_cache/n64_rot4.few
# code=oCbPTJeFdWrIi8FWqLvPR4K7fo$CGUYvydoKgQw5zkrHtBR2U3Gs#0jfsSZE#en47uxEN1nSZ9MI$19lyXzaq8kAH2w5bLhDO36TXlp0DMuhxac6gBVmtJjAVOmNiYcQp
0 12
0 37
1 25
1 29
2 19
2 40
3 15
3 39
4 32
4 53
5 18
5 44
6 8
6 15
7 32
7 52
8 21
8 57
9 25
9 27
10 4
10 20
11 7
11 41
12 50
12 63
13 12
13 16
14 30
14 34
15 57
15 60
16 39
16 50
17 20
17 42
18 26
18 58
19 5
19 61
20 46
20 53
21 17
21 55
22 11
22 27
23 2
23 30
24 3
24 16
25 54
25 62
26 0
26 45
27 41
27 54
28 28
28 35
29 14
29 62
30 40
30 49
31 4
31 7
32 56
32 59
33 14
33 23
34 1
34 49
35 28
35 35
36 9
36 22
37 18
37 63
38 1
38 9
39 47
39 60
40 33
40 61
41 36
41 52
42 8
42 46
43 10
43 17
44 2
44 58
45 5
45 37
46 21
46 43
47 13
47 24
48 3
48 6
49 29
49 33
50 47
50 51
51 0
51 13
52 22
52 56
53 43
53 59
54 36
54 38
55 6
55 42
56 11
56 31
57 48
57 55
58 19
58 45
59 10
59 31
60 24
60 48
61 23
61 44
62 34
62 38
63 26
63 51

# solution 24
# n=64 sym=rot4 status=verified source=flammenkamp_cache/n64_rot4.few
# code=oQXLjEObgWkDlAY8RFuOeRvKkGfcwXzet5p4B1VThJq3#CP9FszDf3$ruSZ6i0E4jIxn$JvSZ7A0yMo29mscp1yBiKYW#qxCw8N2U5PMlHh6aNd7matTrGoHVLQdnIgUb
0 26
0 33
1 21
1 45
2 14
2 24
3 37
3 42
4 32
4 46
5 13
5 47
6 10
6 34
7 8
7 27
8 15
8 56
9 24
9 40
10 27
10 57
11 20
11 46
12 16
12 41
13 38
13 58
14 33
14 61
15 40
15 55
16 5
16 51
17 4
17 11
18 1
18 31
19 29
19 43
20 19
20 52
21 3
21 62
22 12
22 25
23 9
23 15
24 54
24 61
25 13
25 41
26 3
26 63
27 53
27 56
28 28
28 35
29 6
29 44
30 0
30 14
31 4
31 45
32 18
32 59
33 49
33 63
34 19
34 57
35 28
35 35
36 7
36 10
37 0
37 60
38 22
38 50
39 2
39 9
40 48
40 54
41 38
41 51
42 1
42 60
43 11
43 44
44 20
44 34
45 32
45 62
46 52
46 59
47 12
47 58
48 8
48 23
49 2
49 30
50 5
50 25
51 22
51 47
52 17
52 43
53 6
53 36
54 23
54 39
55 7
55 48
56 36
56 55
57 29
57 53
58 16
58 50
59 17
59 31
60 21
60 26
61 39
61 49
62 18
62 42
63 30
63 37

# solution 25
# n=64 sym=rot4 status=verified source=flammenkamp_cache/n64_rot4.few
# code=oJX8OVdIeBiVeFkZop#MPRYEx8k7GQqhvbo6CRy4$FXMPgs352#gsGnjr7TAZ0Kwz25h$SrYuAIEl9L1zwy9LcfUm0x3apvDQ6KBbluHt4nTacf1CDSHmNWJqNjOWdtUi
0 19
0 33
1 8
1 24
2 31
2 39
3 18
3 40
4 11
4 44
5 31
5 40
6 15
6 46
7 35
7 50
8 51
8 62
9 22
9 25
10 27
10 34
11 14
11 59
12 8
12 46
13 7
13 16
14 26
14 52
15 43
15 57
16 37
16 50
17 6
17 12
18 27
18 60
19 4
19 63
20 15
20 33
21 22
21 25
22 42
22 54
23 3
23 5
24 2
24 62
25 42
25 54
26 16
26 49
27 45
27 53
28 7
28 29
29 10
29 35
30 0
30 20
31 58
31 61
32 2
32 5
33 43
33 63
34 28
34 53
35 34
35 56
36 10
36 18
37 14
37 47
38 9
38 21
39 1
39 61
40 58
40 60
41 9
41 21
42 38
42 41
43 30
43 48
44 0
44 59
45 3
45 36
46 51
46 57
47 13
47 26
48 6
48 20
49 11
49 37
50 47
50 56
51 17
51 55
52 4
52 49
53 29
53 36
54 38
54 41
55 1
55 12
56 13
56 28
57 17
57 48
58 23
58 32
59 19
59 52
60 23
60 45
61 24
61 32
62 39
62 55
63 30
63 44

