# solution 1
# n=66 sym=rot4 status=verified source=flammenkamp_cache/n66_rot4.few
# code=oVaap2$KNFeFZDd8bjwOqLhCcLs9x1nyzEWPhOgWc8#rtAHI#lu4m6UBJ7V015db&knGJ0SQy%&YwksZxHz9I3lmtAC3vRXNfMeXp45G%6uBiRrMiDf7KSvQqUoPogj2$ETTY
0 31
0 36
1 36
1 51
2 2
2 63
3 20
3 23
4 15
4 40
5 15
5 35
6 13
6 39
7 8
7 37
8 45
8 58
9 24
9 52
10 21
10 43
11 12
11 38
12 21
12 54
13 9
13 59
14 1
14 49
15 60
15 61
16 14
16 32
17 25
17 43
18 24
18 42
19 32
19 38
20 8
20 62
21 53
21 55
22 10
22 17
23 18
23 62
24 47
24 56
25 4
25 48
26 6
26 30
27 11
27 19
28 7
28 31
29 0
29 1
30 5
30 39
31 37
31 65
32 46
32 49
33 16
33 19
34 0
34 28
35 26
35 60
36 64
36 65
37 34
37 58
38 46
38 54
39 35
39 59
40 17
40 61
41 9
41 18
42 3
42 47
43 48
43 55
44 10
44 12
45 3
45 57
46 27
46 33
47 23
47 41
48 22
48 40
49 33
49 51
50 4
50 5
51 16
51 64
52 6
52 56
53 11
53 44
54 27
54 53
55 22
55 44
56 13
56 41
57 7
57 20
58 28
58 57
59 26
59 52
60 30
60 50
61 25
61 50
62 42
62 45
63 2
63 63
64 14
64 29
65 29
65 34

# solution 2
# n=66 sym=rot4 status=verified source=flammenkamp_cache/n66_rot4.few
# code=oGoUfIySWSu2ACgVeLk4QIyVpRxFKBg0qZ&LRt$8jJqmvOX6E1h7Qeumrz#TaG%swM#3h7B1nTa34CH9PdwM%pxWf8HDkKv2Aci0UD&Nsjo6cEY5ldzJiPYNrt$9bXb5lOZFn
0 16
0 50
1 30
1 41
2 18
2 60
3 28
3 32
4 28
4 56
5 2
5 10
6 12
6 42
7 31
7 40
8 21
8 46
9 4
9 26
10 18
10 60
11 31
11 51
12 27
12 59
13 15
13 20
14 11
14 42
15 0
15 52
16 35
16 65
17 21
17 27
18 55
18 63
19 8
19 45
20 19
20 52
21 48
21 57
22 24
22 33
23 6
23 14
24 1
24 43
25 7
25 26
26 40
26 56
27 48
27 53
28 61
28 62
29 29
29 36
30 16
30 64
31 54
31 58
32 22
32 62
33 3
33 43
34 7
34 11
35 1
35 49
36 29
36 36
37 3
37 4
38 12
38 17
39 9
39 25
40 39
40 58
41 22
41 64
42 51
42 59
43 32
43 41
44 8
44 17
45 13
45 46
46 20
46 57
47 2
47 10
48 38
48 44
49 0
49 30
50 13
50 65
51 23
51 54
52 45
52 50
53 6
53 38
54 14
54 34
55 5
55 47
56 39
56 61
57 19
57 44
58 25
58 34
59 23
59 53
60 55
60 63
61 9
61 37
62 33
62 37
63 5
63 47
64 24
64 35
65 15
65 49

