# solution 1
# n=66 sym=sporadic status=verified source=flammenkamp_cache/n66_sporadic.mvr
# code=mvr:0 29 0 34 1 14 1 29 2 2 2 63 3 42 3 45 4
0 29
0 34
1 14
1 29
2 2
2 63
3 42
3 45
4 25
4 50
5 30
5 50
6 26
6 52
7 28
7 57
8 7
8 20
9 13
9 41
10 22
10 44
11 27
11 53
12 11
12 44
13 6
13 56
14 16
14 64
15 4
15 5
16 33
16 51
17 22
17 40
18 23
18 41
19 27
19 33
20 3
20 57
21 10
21 12
22 48
22 55
23 3
23 47
24 9
24 18
25 17
25 61
26 35
26 59
27 46
27 54
28 34
28 58
29 64
29 65
30 26
30 60
31 0
31 28
32 16
32 19
33 46
33 49
34 37
34 65
35 5
35 39
36 0
36 1
37 7
37 31
38 11
38 19
39 6
39 30
40 4
40 48
41 47
41 56
42 18
42 62
43 10
43 17
44 53
44 55
45 8
45 62
46 32
46 38
47 24
47 42
48 25
48 43
49 14
49 32
50 60
50 61
51 1
51 49
52 9
52 59
53 21
53 54
54 12
54 38
55 21
55 43
56 24
56 52
57 45
57 58
58 8
58 37
59 13
59 39
60 15
60 35
61 15
61 40
62 20
62 23
63 2
63 63
64 36
64 51
65 31
65 36

