# solution 1
# n=68 sym=rot4 status=verified source=flammenkamp_cache/n68_rot4.few
# code=oCEQcZkacPXImeiisEWBJPdjwq?7qx?CDOVSXe#5whk2KBQ67Kpv$j@6IAo13Ub3p2xo$4H8&G%Ub%@Hvnz1M4AGlyzful&LO9#5RYdahst08Fy0F9MSgmuZrDNNRJnYgTVLWTfrt
0 12
0 14
1 26
1 38
2 35
2 46
3 36
3 38
4 25
4 33
5 18
5 48
6 40
6 44
7 44
7 54
8 14
8 32
9 11
9 19
10 25
10 39
11 45
11 58
12 52
12 67
13 7
13 52
14 59
14 67
15 12
15 13
16 24
16 31
17 28
17 33
18 40
18 62
19 5
19 58
20 43
20 46
21 2
21 20
22 11
22 26
23 6
23 7
24 20
24 51
25 57
25 63
26 45
26 66
27 6
27 18
28 10
28 50
29 1
29 3
30 30
30 37
31 3
31 51
32 2
32 59
33 50
33 63
34 4
34 17
35 8
35 65
36 16
36 64
37 30
37 37
38 64
38 66
39 17
39 57
40 49
40 61
41 1
41 22
42 4
42 10
43 16
43 47
44 60
44 61
45 41
45 56
46 47
46 65
47 21
47 24
48 9
48 62
49 5
49 27
50 34
50 39
51 36
51 43
52 54
52 55
53 0
53 8
54 15
54 60
55 0
55 15
56 9
56 22
57 28
57 42
58 48
58 56
59 35
59 53
60 13
60 23
61 23
61 27
62 19
62 49
63 34
63 42
64 29
64 31
65 21
65 32
66 29
66 41
67 53
67 55

# solution 2
# n=68 sym=rot4 status=verified source=flammenkamp_cache/n68_rot4.few
# code=oUWDMDTbgimctejWufnHfEJ7d5K&@pvLpEFOw8e4vYtXq6@4dPo3h896IBN5&3?Vay?KkLl07Va0%2#iunzwxO%HgS$1zFYCXA$Rx9hqrGkAG12l#SymrQoIQBZMRCTJNPUcsjsZb
0 30
0 32
1 13
1 22
2 13
2 29
3 37
3 42
4 44
4 48
5 38
5 55
6 40
6 45
7 32
7 56
8 41
8 49
9 17
9 41
10 14
10 19
11 7
11 39
12 5
12 20
13 65
13 66
14 51
14 57
15 21
15 51
16 14
16 15
17 24
17 58
18 8
18 40
19 4
19 57
20 34
20 55
21 33
21 52
22 6
22 66
23 4
23 39
24 25
24 50
25 3
25 43
26 8
26 9
27 6
27 18
28 11
28 23
29 5
29 65
30 3
30 67
31 31
31 36
32 60
32 67
33 20
33 46
34 21
34 47
35 0
35 7
36 31
36 36
37 0
37 64
38 2
38 62
39 44
39 56
40 49
40 61
41 58
41 59
42 24
42 64
43 17
43 42
44 28
44 63
45 1
45 61
46 15
46 34
47 12
47 33
48 10
48 63
49 27
49 59
50 9
50 43
51 52
51 53
52 16
52 46
53 10
53 16
54 1
54 2
55 47
55 62
56 28
56 60
57 48
57 53
58 26
58 50
59 18
59 26
60 11
60 35
61 22
61 27
62 12
62 29
63 19
63 23
64 25
64 30
65 38
65 54
66 45
66 54
67 35
67 37

