# solution 1
# n=68 sym=sporadic status=verified source=flammenkamp_cache/n68_sporadic.mvr
# code=mvr:0 53 0 55 1 29 1 41 2 21 2 32 3 29 3 31 
0 53
0 55
1 29
1 41
2 21
2 32
3 29
3 31
4 34
4 42
5 19
5 49
6 23
6 27
7 13
7 23
8 35
8 53
9 48
9 56
10 28
10 42
11 9
11 22
12 0
12 15
13 15
13 60
14 0
14 8
15 54
15 55
16 36
16 43
17 34
17 39
18 5
18 27
19 9
19 62
20 21
20 24
21 47
21 65
22 41
22 56
23 60
23 61
24 16
24 47
25 4
25 10
26 1
26 22
27 49
27 61
28 17
28 57
29 64
29 66
30 30
30 37
31 16
31 64
32 8
32 65
33 4
33 17
34 50
34 63
35 2
35 59
36 3
36 51
37 30
37 37
38 1
38 3
39 10
39 50
40 6
40 18
41 45
41 66
42 57
42 63
43 20
43 51
44 6
44 7
45 11
45 26
46 2
46 20
47 43
47 46
48 5
48 58
49 40
49 62
50 28
50 33
51 24
51 31
52 12
52 13
53 59
53 67
54 7
54 52
55 52
55 67
56 45
56 58
57 25
57 39
58 11
58 19
59 14
59 32
60 44
60 54
61 40
61 44
62 18
62 48
63 25
63 33
64 36
64 38
65 35
65 46
66 26
66 38
67 12
67 14

