# solution 1
# n=70 sym=rot4 status=verified source=flammenkamp_cache/n70_rot4.few
# code=oZrLpcdQSk$Dl4AQc9FLzW$bsHKZ%ijBz0eov1iHlevy!5J4aEUEI#@afR@GK2j27BxNR0Du(gkAw#?O?nr3gSX37ptdtX&o%19CTMqP!CJT(8wOP5YnqFW6b8msyVhx&Mu6NfhUVImGY
0 35
0 53
1 21
1 51
2 38
2 39
3 26
3 28
4 46
4 63
5 13
5 47
6 4
6 10
7 26
7 38
8 9
8 15
9 21
9 61
10 32
10 63
11 37
11 54
12 17
12 20
13 35
13 64
14 44
14 45
15 11
15 61
16 0
16 40
17 50
17 57
18 1
18 44
19 17
19 47
20 40
20 57
21 60
21 68
22 5
22 19
23 4
23 36
24 14
24 30
25 14
25 18
26 62
26 66
27 36
27 41
28 27
28 66
29 16
29 20
30 2
30 45
31 2
31 7
32 11
32 59
33 23
33 27
34 0
34 13
35 56
35 69
36 42
36 46
37 10
37 58
38 62
38 67
39 24
39 67
40 49
40 53
41 3
41 42
42 28
42 33
43 3
43 7
44 51
44 55
45 39
45 55
46 33
46 65
47 50
47 64
48 1
48 9
49 12
49 29
50 22
50 52
51 25
51 68
52 12
52 19
53 29
53 69
54 8
54 58
55 24
55 25
56 5
56 34
57 49
57 52
58 15
58 32
59 6
59 37
60 8
60 48
61 54
61 60
62 31
62 43
63 59
63 65
64 22
64 56
65 6
65 23
66 41
66 43
67 30
67 31
68 18
68 48
69 16
69 34

