# solution 1
# n=74 sym=rot4 status=verified source=results/n74_rot4_prellberg_verified_2026-07-22.md
# code=prellberg_2026-07-20
0 25
0 45
1 44
1 54
2 22
2 40
3 15
3 69
4 3
4 18
5 30
5 50
6 36
6 46
7 40
7 50
8 19
8 55
9 11
9 53
10 37
10 44
11 32
11 64
12 21
12 25
13 14
13 27
14 51
14 60
15 42
15 70
16 16
16 57
17 39
17 53
18 8
18 69
19 1
19 65
20 9
20 17
21 45
21 61
22 14
22 71
23 5
23 7
24 26
24 30
25 61
25 73
26 34
26 49
27 6
27 60
28 0
28 21
29 1
29 10
30 49
30 68
31 15
31 38
32 35
32 62
33 2
33 7
34 17
34 47
35 31
35 41
36 10
36 67
37 6
37 63
38 32
38 42
39 26
39 56
40 66
40 71
41 11
41 38
42 35
42 58
43 5
43 24
44 63
44 72
45 52
45 73
46 13
46 67
47 24
47 39
48 0
48 12
49 43
49 47
50 66
50 68
51 2
51 59
52 12
52 28
53 56
53 64
54 8
54 72
55 4
55 65
56 20
56 34
57 16
57 57
58 3
58 31
59 13
59 22
60 46
60 59
61 48
61 52
62 9
62 41
63 29
63 36
64 20
64 62
65 18
65 54
66 23
66 33
67 27
67 37
68 23
68 43
69 55
69 70
70 4
70 58
71 33
71 51
72 19
72 29
73 28
73 48

# solution 2
# n=74 sym=rot4 status=false-positive source=results/solution_m37_biased.json
# code=solution_m37_biased.json
0 21
52 0
73 52
21 73
1 26
47 1
72 47
26 72
2 16
57 2
71 57
16 71
3 9
64 3
70 64
9 70
4 20
53 4
69 53
20 69
5 4
69 5
68 69
4 68
6 33
40 6
67 40
33 67
7 6
67 7
66 67
6 66
8 30
43 8
65 43
30 65
9 13
60 9
64 60
13 64
10 10
63 10
63 63
10 63
11 32
41 11
62 41
32 62
12 36
37 12
61 37
36 61
13 8
65 13
60 65
8 60
14 12
61 14
59 61
12 59
15 27
46 15
58 46
27 58
16 25
48 16
57 48
25 57
17 29
44 17
56 44
29 56
18 28
45 18
55 45
28 55
19 34
39 19
54 39
34 54
20 0
73 20
53 73
0 53
21 19
54 21
52 54
19 52
22 7
66 22
51 66
7 51
23 17
56 23
50 56
17 50
24 35
38 24
49 38
35 49
25 22
51 25
48 51
22 48
26 5
68 26
47 68
5 47
27 24
49 27
46 49
24 46
28 11
62 28
45 62
11 45
29 31
42 29
44 42
31 44
30 14
59 30
43 59
14 43
31 2
71 31
42 71
2 42
32 3
70 32
41 70
3 41
33 23
50 33
40 50
23 40
34 1
72 34
39 72
1 39
35 15
58 35
38 58
15 38
36 18
55 36
37 55
18 37

# solution 3
# n=74 sym=rot4 status=false-positive source=results/solution_m37_unbiased.json
# code=solution_m37_unbiased.json
0 5
68 0
73 68
5 73
1 19
54 1
72 54
19 72
2 32
41 2
71 41
32 71
3 24
49 3
70 49
24 70
4 8
65 4
69 65
8 69
5 26
47 5
68 47
26 68
6 23
50 6
67 50
23 67
7 9
64 7
66 64
9 66
8 27
46 8
65 46
27 65
9 12
61 9
64 61
12 64
10 33
40 10
63 40
33 63
11 25
48 11
62 48
25 62
12 36
37 12
61 37
36 61
13 22
51 13
60 51
22 60
14 34
39 14
59 39
34 59
15 28
45 15
58 45
28 58
16 7
66 16
57 66
7 57
17 11
62 17
56 62
11 56
18 14
59 18
55 59
14 55
19 3
70 19
54 70
3 54
20 17
56 20
53 56
17 53
21 6
67 21
52 67
6 52
22 15
58 22
51 58
15 51
23 35
38 23
50 38
35 50
24 30
43 24
49 43
30 49
25 0
73 25
48 73
0 48
26 2
71 26
47 71
2 47
27 20
53 27
46 53
20 46
28 10
63 28
45 63
10 45
29 31
42 29
44 42
31 44
30 16
57 30
43 57
16 43
31 29
44 31
42 44
29 42
32 1
72 32
41 72
1 41
33 18
55 33
40 55
18 40
34 4
69 34
39 69
4 39
35 21
52 35
38 52
21 38
36 13
60 36
37 60
13 37

# solution 4
# n=74 sym=rot4 status=false-positive source=results/m37_surgery_result_FALSEPOSITIVE.json
# code=m37_surgery_FALSEPOSITIVE
0 32
41 0
73 41
32 73
1 29
44 1
72 44
29 72
3 24
49 3
70 49
24 70
3 30
43 3
70 43
30 70
4 27
46 4
69 46
27 69
5 9
64 5
68 64
9 68
8 23
50 8
65 50
23 65
9 19
54 9
64 54
19 64
10 6
67 10
63 67
6 63
11 30
43 11
62 43
30 62
12 23
50 12
61 50
23 61
14 7
66 14
59 66
7 59
14 31
42 14
59 42
31 59
15 13
60 15
58 60
13 58
15 21
52 15
58 52
21 58
16 7
66 16
57 66
7 57
16 13
60 16
57 60
13 57
17 8
65 17
56 65
8 56
19 34
39 19
54 39
34 54
20 4
69 20
53 69
4 53
20 36
37 20
53 37
36 53
22 2
71 22
51 71
2 51
22 35
38 22
51 38
35 51
24 12
61 24
49 61
12 49
25 18
55 25
48 55
18 48
26 25
48 26
47 48
25 47
27 11
62 27
46 62
11 46
28 2
71 28
45 71
2 45
28 5
68 28
45 68
5 45
29 18
55 29
44 55
18 44
31 10
63 31
42 63
10 42
32 26
47 32
41 47
26 41
33 1
72 33
40 72
1 40
33 21
52 33
40 52
21 40
34 0
73 34
39 73
0 39
35 17
56 35
38 56
17 38
36 6
67 36
37 67
6 37

