# solution 1
# n=76 sym=rot4 status=verified source=codex_2026-08-15 (n72_rot4 +2 orbits, center-symmetric embedding)
# code=codex-n76-rot4-20260815
2 36
2 41
3 35
3 44
4 24
4 30
5 43
5 49
6 22
6 46
7 30
7 64
8 12
8 22
9 16
9 18
10 19
10 50
11 7
11 54
12 33
12 67
13 29
13 43
14 26
14 50
15 17
15 18
16 42
16 66
17 52
17 60
18 60
18 66
19 37
19 65
20 27
20 31
21 11
21 39
22 67
22 69
23 17
23 35
24 38
24 71
25 10
25 14
26 5
26 61
27 28
27 55
28 34
28 48
29 6
29 62
30 68
30 71
31 3
31 55
32 5
32 13
33 16
33 63
34 2
34 47
35 52
35 72
36 21
36 73
37 24
37 56
38 19
38 51
39 2
39 54
40 3
40 23
41 28
41 73
42 12
42 59
43 62
43 70
44 20
44 72
45 4
45 7
46 13
46 69
47 27
47 41
48 20
48 47
49 14
49 70
50 61
50 65
51 4
51 37
52 40
52 58
53 6
53 8
54 36
54 64
55 44
55 48
56 10
56 38
57 9
57 15
58 15
58 23
59 9
59 33
60 57
60 58
61 25
61 49
62 32
62 46
63 8
63 42
64 21
64 68
65 25
65 56
66 57
66 59
67 53
67 63
68 11
68 45
69 29
69 53
70 26
70 32
71 45
71 51
72 31
72 40
73 34
73 39
