m=5: [0, 3, 1, 2, 4]
m=7: [0, 3, 5, 6, 2, 1, 4]
m=8: [0, 3, 1, 6, 7, 2, 5, 4]
m=9: [0, 5, 3, 2, 4, 8, 1, 7, 6]
m=10: [0, 5, 2, 4, 3, 7, 6, 9, 1, 8]
m=11: [0, 5, 3, 2, 8, 10, 4, 7, 6, 1, 9]
m=12: [0, 7, 1, 6, 3, 5, 9, 11, 4, 8, 2, 10]
m=13: [0, 6, 8, 1, 4, 11, 2, 7, 3, 9, 5, 10, 12]
m=14: [0, 4, 10, 8, 2, 9, 1, 11, 7, 12, 13, 3, 6, 5]
m=15: [0, 8, 2, 5, 9, 4, 3, 12, 6, 14, 13, 1, 11, 7, 10]
m=16: [0, 7, 9, 15, 13, 1, 6, 10, 2, 12, 3, 8, 4, 5, 14, 11]
m=17: [0, 12, 11, 7, 10, 5, 13, 4, 6, 3, 9, 16, 15, 1, 8, 2, 14]
m=18: [0, 6, 11, 16, 17, 8, 12, 10, 7, 4, 3, 9, 2, 14, 5, 13, 1, 15]
m=19: [0, 7, 10, 1, 5, 16, 6, 13, 14, 18, 17, 4, 12, 3, 9, 11, 8, 2, 15]
m=20: [0, 10, 3, 19, 18, 7, 13, 5, 9, 12, 1, 6, 8, 11, 15, 16, 4, 14, 2, 17]
m=21: [0, 13, 8, 2, 12, 4, 6, 15, 3, 10, 9, 18, 1, 16, 19, 20, 5, 17, 7, 11, 14]
m=22: [0, 15, 4, 16, 6, 9, 2, 7, 13, 11, 3, 10, 19, 8, 14, 17, 12, 21, 5, 20, 1, 18]
m=27: [0, 22, 1, 19, 10, 18, 16, 2, 12, 13, 21, 26, 25, 8, 20, 15, 4, 17, 6, 9, 5, 11, 14, 23, 7, 3, 24]
m=28: [0, 12, 21, 16, 6, 17, 24, 23, 7, 20, 8, 25, 15, 19, 10, 9, 14, 11, 18, 4, 22, 2, 13, 26, 5, 1, 3, 27]
m=30: [0, 14, 5, 17, 15, 24, 18, 25, 21, 28, 7, 23, 26, 2, 20, 6, 10, 29, 12, 4, 19, 11, 16, 13, 8, 9, 3, 22, 1, 27]
m=31: [0, 8, 28, 4, 6, 15, 13, 17, 27, 14, 24, 3, 22, 16, 10, 11, 20, 19, 7, 23, 9, 30, 18, 1, 12, 5, 2, 26, 21, 29, 25]
m=3: [0, 1, 2]
m=4: [0, 2, 1, 3]
