==============================================================================
C4 2-FACTOR EXTRACTION  (real rot4 solutions from Flammenkamp cache)
==============================================================================
n=10 (m= 5):     6 solutions, distinct 2-factors=3, cycle-decomps={(1, 4): 2, (5,): 4}
n=12 (m= 6):     4 solutions, distinct 2-factors=3, cycle-decomps={(1, 5): 3, (3, 3): 1}
n=14 (m= 7):    13 solutions, distinct 2-factors=8, cycle-decomps={(1, 6): 3, (7,): 9, (3, 4): 1}
n=16 (m= 8):    13 solutions, distinct 2-factors=10, cycle-decomps={(8,): 7, (1, 7): 5, (1, 3, 4): 1}
n=18 (m= 9):     7 solutions, distinct 2-factors=7, cycle-decomps={(4, 5): 2, (9,): 2, (1, 3, 5): 1, (1, 8): 2}
n=20 (m=10):    16 solutions, distinct 2-factors=14, cycle-decomps={(1, 9): 6, (4, 6): 4, (10,): 3, (5, 5): 1, (1, 3, 6): 1, (3, 7): 1}
n=22 (m=11):     8 solutions, distinct 2-factors=8, cycle-decomps={(1, 10): 4, (11,): 3, (3, 8): 1}
n=24 (m=12):    23 solutions, distinct 2-factors=20, cycle-decomps={(12,): 9, (1, 5, 6): 1, (1, 11): 3, (3, 9): 3, (4, 8): 2, (5, 7): 3, (6, 6): 1, (3, 4, 5): 1}
n=26 (m=13):    36 solutions, distinct 2-factors=36, cycle-decomps={(5, 8): 3, (13,): 11, (1, 12): 10, (3, 10): 1, (6, 7): 2, (1, 1, 10): 1, (1, 6, 6): 1, (1, 3, 8): 1, (1, 11): 1, (1, 3, 9): 1, (1, 4, 8): 2, (4, 9): 1, (1, 5, 7): 1}
n=28 (m=14):    58 solutions, distinct 2-factors=55, cycle-decomps={(1, 13): 20, (14,): 11, (4, 5, 5): 1, (4, 10): 2, (1, 4, 9): 3, (1, 4, 8): 1, (3, 3, 8): 1, (1, 3, 3, 6): 1, (6, 8): 2, (1, 5, 8): 2, (1, 3, 10): 1, (3, 4, 7): 2, (1, 1, 11): 1, (1, 3, 3, 7): 1, (7, 7): 2, (1, 3, 4, 6): 2, (1, 6, 7): 1, (3, 11): 2, (1, 4, 4, 5): 1, (5, 9): 1}
n=30 (m=15):    92 solutions, distinct 2-factors=83, cycle-decomps={(1, 4, 10): 2, (1, 14): 20, (1, 3, 11): 7, (15,): 26, (1, 1, 3, 9): 1, (4, 11): 6, (7, 8): 2, (3, 12): 7, (1, 5, 9): 4, (6, 9): 3, (3, 3, 9): 1, (3, 4, 8): 3, (5, 10): 6, (3, 6, 6): 1, (1, 7, 7): 1, (4, 4, 7): 1, (1, 6, 8): 1}
n=32 (m=16):   101 solutions, distinct 2-factors=95, cycle-decomps={(1, 7, 8): 4, (1, 6, 9): 1, (3, 13): 6, (7, 9): 7, (1, 4, 11): 6, (16,): 24, (1, 3, 12): 2, (5, 11): 6, (1, 15): 26, (6, 10): 3, (4, 12): 7, (4, 5, 7): 1, (1, 1, 3, 10): 1, (8, 8): 2, (1, 3, 4, 8): 1, (1, 4, 5, 6): 1, (1, 5, 10): 2, (1, 1, 6, 7): 1}
n=34 (m=17):   172 solutions, distinct 2-factors=165, cycle-decomps={(1, 6, 10): 6, (1, 8, 8): 4, (1, 16): 39, (1, 3, 13): 9, (3, 4, 10): 2, (3, 14): 9, (17,): 42, (1, 7, 9): 8, (3, 6, 8): 2, (8, 9): 5, (7, 10): 4, (6, 11): 6, (5, 6, 6): 4, (1, 3, 4, 8): 1, (4, 13): 5, (5, 12): 3, (1, 3, 4, 9): 1, (3, 3, 11): 1, (1, 4, 12): 7, (3, 7, 7): 2, (1, 4, 4, 8): 1, (3, 3, 4, 7): 2, (1, 3, 5, 8): 1, (1, 5, 5, 6): 1, (1, 5, 11): 3, (1, 4, 5, 7): 2, (1, 3, 6, 7): 1, (3, 5, 9): 1}
n=36 (m=18):   281 solutions, distinct 2-factors=263, cycle-decomps={(1, 17): 67, (1, 4, 13): 15, (1, 5, 12): 11, (1, 3, 14): 16, (3, 15): 16, (18,): 50, (1, 6, 11): 6, (1, 8, 9): 9, (4, 6, 8): 4, (8, 10): 7, (4, 7, 7): 3, (1, 5, 5, 7): 1, (1, 1, 3, 4, 8): 1, (7, 11): 10, (4, 14): 7, (3, 5, 10): 3, (6, 12): 7, (1, 4, 6, 7): 1, (5, 13): 10, (1, 4, 4, 9): 1, (5, 6, 7): 2, (1, 3, 3, 11): 3, (1, 7, 10): 4, (9, 9): 6, (1, 3, 13): 1, (5, 5, 8): 1, (1, 3, 4, 5, 5): 1, (1, 3, 4, 10): 3, (1, 6, 10): 1, (3, 5, 5, 5): 1, (1, 1, 15): 1, (1, 3, 5, 9): 1, (1, 3, 3, 4, 7): 1, (3, 6, 9): 3, (1, 16): 1, (1, 1, 7, 8): 1, (1, 4, 5, 8): 1, (4, 4, 10): 1, (1, 3, 6, 8): 2, (1, 1, 6, 9): 1}
n=38 (m=19):   337 solutions, distinct 2-factors=321, cycle-decomps={(1, 3, 6, 9): 4, (1, 18): 79, (19,): 71, (3, 4, 5, 7): 1, (1, 4, 4, 10): 1, (7, 12): 11, (1, 8, 10): 10, (5, 14): 15, (1, 3, 5, 10): 2, (6, 13): 7, (3, 6, 10): 2, (4, 7, 8): 2, (8, 11): 4, (3, 4, 12): 2, (1, 3, 15): 11, (1, 4, 14): 7, (3, 16): 12, (4, 15): 11, (1, 9, 9): 5, (1, 6, 12): 14, (1, 3, 3, 12): 2, (3, 7, 9): 3, (9, 10): 10, (1, 5, 13): 11, (3, 3, 6, 7): 1, (1, 3, 3, 5, 7): 1, (1, 17): 3, (1, 4, 7, 7): 2, (1, 3, 4, 11): 1, (1, 7, 11): 9, (3, 5, 11): 3, (1, 5, 6, 7): 1, (4, 4, 11): 2, (1, 1, 16): 3, (4, 6, 9): 4, (1, 3, 7, 8): 2, (4, 5, 10): 2, (3, 3, 5, 8): 1, (1, 1, 8, 8): 1, (1, 1, 6, 10): 1, (5, 6, 8): 1, (1, 4, 6, 8): 2}
n=40 (m=20):   541 solutions, distinct 2-factors=514, cycle-decomps={(1, 19): 119, (1, 9, 10): 11, (1, 7, 12): 25, (1, 3, 4, 12): 3, (1, 3, 16): 21, (20,): 99, (3, 5, 12): 6, (1, 4, 15): 26, (5, 15): 16, (1, 3, 3, 4, 9): 1, (1, 4, 14): 1, (8, 12): 10, (10, 10): 8, (3, 17): 33, (7, 13): 16, (1, 8, 11): 11, (9, 11): 11, (1, 6, 13): 11, (1, 3, 8, 8): 2, (3, 8, 9): 2, (3, 7, 10): 2, (1, 5, 7, 7): 1, (3, 4, 6, 7): 1, (1, 5, 14): 17, (6, 7, 7): 3, (4, 16): 23, (3, 6, 11): 1, (4, 6, 10): 5, (3, 3, 14): 3, (1, 18): 5, (1, 4, 7, 7): 2, (4, 5, 11): 3, (4, 7, 9): 2, (1, 1, 17): 4, (1, 3, 3, 13): 3, (6, 14): 6, (3, 4, 13): 4, (1, 4, 6, 9): 2, (1, 1, 8, 9): 2, (1, 4, 4, 11): 2, (4, 4, 12): 1, (1, 3, 5, 11): 2, (1, 4, 7, 8): 3, (1, 4, 5, 10): 1, (1, 5, 13): 2, (1, 5, 6, 8): 2, (1, 3, 3, 3, 4, 6): 1, (1, 3, 6, 10): 1, (4, 8, 8): 1, (1, 3, 4, 4, 8): 2, (1, 1, 3, 14): 1, (1, 3, 7, 8): 1}
n=42 (m=21):   746 solutions, distinct 2-factors=721, cycle-decomps={(1, 3, 17): 34, (1, 4, 4, 4, 8): 1, (1, 3, 3, 5, 9): 2, (1, 4, 16): 29, (1, 8, 12): 17, (1, 4, 7, 9): 7, (1, 20): 158, (1, 7, 13): 20, (21,): 138, (1, 1, 5, 13): 1, (4, 17): 25, (1, 4, 5, 11): 5, (6, 15): 19, (3, 18): 24, (1, 3, 8, 9): 6, (4, 5, 12): 3, (3, 4, 14): 7, (4, 4, 13): 4, (1, 3, 3, 3, 11): 1, (8, 13): 23, (1, 4, 5, 5, 6): 1, (1, 6, 7, 7): 3, (1, 5, 15): 21, (3, 8, 10): 6, (1, 5, 7, 8): 2, (1, 9, 11): 17, (4, 6, 11): 4, (9, 12): 16, (5, 16): 13, (4, 4, 5, 8): 1, (1, 19): 7, (5, 6, 10): 4, (1, 6, 14): 17, (1, 3, 5, 12): 4, (3, 4, 4, 10): 1, (5, 7, 9): 3, (7, 14): 18, (5, 8, 8): 2, (1, 4, 6, 10): 5, (5, 5, 11): 1, (4, 4, 6, 7): 1, (1, 5, 5, 10): 2, (1, 3, 4, 13): 7, (3, 4, 5, 9): 1, (4, 7, 10): 1, (3, 3, 15): 3, (1, 1, 18): 4, (10, 11): 18, (1, 3, 7, 10): 2, (3, 6, 12): 5, (3, 7, 11): 3, (1, 10, 10): 5, (4, 8, 9): 4, (3, 5, 13): 2, (1, 3, 6, 11): 3, (1, 3, 5, 6, 6): 1, (1, 4, 4, 12): 1, (1, 4, 4, 5, 7): 1, (1, 3, 3, 7, 7): 1, (1, 3, 3, 14): 2, (3, 4, 6, 8): 1, (4, 5, 5, 7): 1, (3, 3, 4, 11): 1, (1, 1, 7, 11): 1, (1, 6, 6, 8): 1, (1, 3, 4, 12): 1, (1, 3, 3, 6, 8): 1, (3, 9, 9): 1, (1, 1, 4, 14): 1}
n=44 (m=22):  1016 solutions, distinct 2-factors=992, cycle-decomps={(1, 21): 202, (1, 5, 16): 41, (1, 4, 8, 9): 6, (3, 3, 3, 13): 1, (7, 15): 21, (22,): 206, (1, 8, 13): 16, (9, 13): 21, (3, 8, 11): 5, (1, 4, 7, 10): 7, (1, 9, 12): 22, (1, 6, 15): 29, (1, 7, 14): 20, (1, 3, 18): 32, (1, 1, 3, 4, 12): 1, (1, 4, 17): 33, (11, 11): 9, (5, 17): 37, (1, 10, 11): 14, (3, 19): 41, (1, 4, 6, 11): 6, (6, 16): 17, (5, 7, 10): 4, (4, 18): 29, (3, 4, 15): 6, (1, 3, 8, 10): 6, (1, 3, 9, 9): 3, (1, 3, 6, 12): 3, (4, 7, 11): 3, (6, 6, 10): 3, (4, 4, 14): 7, (10, 12): 16, (1, 3, 3, 15): 5, (1, 3, 4, 4, 4, 6): 1, (1, 4, 4, 13): 6, (5, 5, 12): 4, (4, 6, 12): 7, (1, 3, 5, 13): 3, (1, 1, 9, 10): 1, (3, 6, 13): 5, (4, 8, 10): 2, (3, 5, 14): 5, (8, 14): 21, (1, 5, 8, 8): 2, (7, 7, 8): 1, (1, 3, 4, 14): 7, (3, 7, 12): 3, (1, 1, 19): 7, (6, 7, 9): 3, (5, 6, 11): 3, (1, 4, 5, 12): 4, (4, 5, 13): 4, (3, 3, 16): 2, (1, 5, 7, 9): 2, (3, 3, 7, 9): 1, (3, 9, 10): 3, (1, 7, 13): 2, (1, 3, 7, 11): 5, (5, 8, 9): 3, (3, 3, 4, 12): 1, (1, 5, 5, 11): 4, (3, 4, 5, 10): 1, (1, 20): 3, (1, 5, 6, 10): 3, (1, 4, 16): 1, (3, 5, 7, 7): 1, (1, 6, 6, 9): 1, (1, 6, 7, 8): 3, (3, 4, 6, 9): 1, (1, 3, 4, 5, 9): 2, (1, 1, 5, 6, 8): 1, (1, 4, 5, 5, 7): 1, (4, 9, 9): 3, (6, 8, 8): 1, (3, 4, 7, 8): 2, (3, 3, 5, 11): 1, (1, 8, 12): 1, (1, 1, 1, 3, 14): 1, (3, 4, 4, 11): 1, (1, 5, 15): 1, (1, 1, 8, 11): 1, (1, 4, 4, 4, 9): 1, (1, 1, 6, 13): 1}
n=54 (m=27):  7696 solutions, distinct 2-factors=7482, cycle-decomps={(27,): 1313, (1, 3, 11, 12): 15, (1, 26): 1477, (3, 11, 13): 32, (4, 23): 187, (3, 4, 7, 13): 3, (9, 18): 120, (13, 14): 109, (3, 24): 262, (1, 3, 4, 6, 13): 1, (1, 13, 13): 56, (7, 20): 111, (5, 22): 171, (1, 9, 17): 111, (6, 21): 134, (1, 3, 4, 19): 43, (1, 1, 7, 7, 10): 1, (3, 10, 14): 21, (1, 4, 4, 5, 6, 7): 1, (1, 11, 15): 101, (1, 4, 7, 15): 28, (10, 17): 102, (3, 3, 9, 12): 4, (1, 8, 18): 124, (1, 3, 5, 6, 12): 7, (5, 6, 16): 22, (12, 15): 94, (1, 5, 21): 161, (1, 6, 20): 170, (3, 3, 5, 16): 3, (1, 4, 5, 17): 34, (4, 4, 19): 22, (8, 19): 120, (1, 10, 16): 100, (11, 16): 77, (1, 3, 8, 15): 27, (3, 6, 18): 29, (1, 4, 22): 253, (1, 4, 6, 6, 10): 4, (3, 9, 15): 29, (1, 1, 24): 46, (3, 3, 21): 29, (1, 4, 9, 13): 32, (1, 12, 14): 113, (1, 4, 4, 9, 9): 3, (1, 3, 4, 7, 12): 9, (1, 7, 7, 12): 14, (1, 3, 23): 280, (4, 10, 13): 12, (5, 7, 15): 14, (1, 8, 17): 6, (1, 3, 6, 17): 32, (1, 5, 8, 13): 23, (8, 9, 10): 15, (6, 10, 11): 13, (1, 7, 19): 138, (4, 7, 7, 9): 2, (7, 9, 11): 10, (1, 4, 8, 14): 22, (3, 5, 9, 10): 3, (4, 11, 12): 19, (4, 4, 8, 11): 3, (1, 3, 6, 7, 10): 4, (3, 3, 4, 6, 11): 1, (3, 4, 20): 49, (1, 1, 3, 3, 6, 12): 1, (1, 3, 4, 8, 11): 6, (5, 10, 12): 16, (4, 4, 5, 6, 8): 1, (3, 7, 17): 30, (1, 5, 7, 14): 24, (4, 6, 17): 14, (1, 5, 6, 15): 22, (1, 3, 5, 6, 6, 6): 1, (1, 6, 7, 13): 15, (1, 1, 3, 21): 11, (6, 7, 7, 7): 3, (3, 8, 16): 34, (5, 5, 17): 11, (1, 3, 4, 5, 14): 3, (5, 5, 8, 9): 2, (3, 3, 5, 6, 10): 1, (1, 5, 7, 7, 7): 2, (1, 3, 7, 16): 23, (1, 6, 9, 11): 19, (1, 1, 6, 18): 2, (1, 3, 3, 7, 13): 8, (5, 8, 14): 17, (1, 3, 3, 20): 30, (1, 3, 5, 18): 28, (1, 12, 13): 4, (3, 3, 6, 15): 4, (1, 4, 4, 7, 11): 5, (1, 5, 9, 12): 23, (1, 3, 4, 4, 15): 3, (7, 7, 13): 6, (4, 5, 18): 19, (4, 5, 9, 9): 3, (1, 11, 14): 2, (1, 4, 4, 8, 10): 1, (1, 4, 4, 4, 14): 2, (1, 7, 9, 10): 11, (4, 6, 7, 10): 5, (1, 4, 7, 7, 8): 3, (4, 9, 14): 23, (4, 8, 15): 18, (1, 10, 15): 4, (1, 25): 30, (1, 4, 5, 6, 11): 6, (1, 5, 5, 7, 9): 3, (1, 5, 6, 7, 8): 2, (1, 4, 4, 18): 25, (6, 9, 12): 13, (5, 6, 7, 9): 5, (1, 3, 5, 5, 13): 3, (1, 3, 3, 9, 11): 2, (1, 1, 3, 5, 16): 1, (7, 10, 10): 5, (3, 4, 5, 15): 7, (6, 8, 13): 17, (3, 3, 4, 17): 3, (3, 4, 8, 12): 4, (3, 8, 8, 8): 2, (1, 1, 5, 19): 8, (1, 3, 3, 10, 10): 1, (3, 5, 19): 38, (1, 4, 6, 16): 26, (4, 7, 16): 20, (1, 1, 3, 3, 18): 3, (3, 4, 6, 14): 4, (3, 3, 3, 18): 3, (5, 9, 13): 12, (8, 8, 11): 2, (1, 4, 10, 12): 25, (1, 8, 9, 9): 6, (3, 5, 6, 13): 5, (1, 1, 3, 4, 17): 1, (1, 6, 8, 12): 11, (1, 5, 6, 14): 1, (1, 5, 5, 16): 6, (1, 1, 3, 7, 14): 2, (1, 1, 4, 6, 14): 4, (1, 5, 20): 4, (1, 7, 8, 11): 14, (3, 4, 10, 10): 1, (9, 9, 9): 1, (1, 3, 10, 13): 15, (3, 3, 8, 13): 5, (3, 12, 12): 8, (3, 5, 8, 11): 5, (1, 3, 3, 5, 15): 4, (3, 4, 4, 16): 5, (1, 9, 16): 4, (4, 5, 7, 11): 5, (3, 3, 10, 11): 3, (1, 4, 4, 5, 5, 8): 1, (1, 7, 18): 4, (1, 3, 9, 14): 17, (1, 3, 4, 5, 7, 7): 1, (4, 4, 9, 10): 5, (1, 4, 6, 8, 8): 2, (3, 5, 6, 6, 7): 1, (1, 6, 6, 14): 8, (1, 5, 10, 11): 17, (1, 1, 4, 20): 7, (1, 1, 1, 3, 19): 1, (1, 3, 4, 18): 1, (1, 8, 8, 10): 7, (1, 4, 11, 11): 14, (1, 1, 8, 16): 4, (7, 8, 12): 14, (1, 7, 8, 10): 1, (4, 5, 6, 12): 2, (1, 3, 22): 5, (5, 7, 7, 8): 2, (3, 6, 7, 11): 4, (3, 3, 3, 5, 13): 2, (3, 5, 7, 12): 2, (1, 6, 10, 10): 8, (1, 4, 5, 7, 10): 6, (6, 7, 14): 8, (1, 1, 4, 9, 11): 2, (1, 3, 3, 5, 6, 9): 2, (1, 1, 12, 12): 2, (3, 3, 4, 5, 5, 7): 1, (1, 1, 4, 4, 4, 4, 8): 1, (5, 11, 11): 4, (1, 3, 5, 7, 11): 1, (1, 5, 7, 13): 1, (1, 1, 3, 4, 5, 12): 2, (1, 1, 9, 15): 1, (1, 3, 4, 9, 10): 4, (1, 3, 4, 4, 6, 9): 1, (1, 3, 7, 15): 1, (3, 3, 7, 14): 2, (1, 4, 4, 6, 12): 2, (1, 3, 8, 14): 2, (4, 6, 8, 9): 4, (1, 3, 7, 8, 8): 1, (1, 3, 3, 8, 12): 3, (5, 6, 6, 10): 1, (3, 3, 4, 7, 10): 1, (1, 4, 6, 7, 9): 2, (4, 5, 8, 10): 2, (1, 4, 5, 8, 9): 2, (1, 1, 11, 13): 3, (1, 3, 3, 4, 6, 10): 1, (1, 3, 5, 8, 10): 3, (6, 6, 15): 6, (1, 4, 21): 4, (1, 4, 4, 5, 13): 4, (3, 7, 7, 10): 1, (1, 1, 7, 17): 4, (4, 4, 4, 15): 1, (1, 6, 6, 7, 7): 3, (1, 6, 7, 12): 1, (5, 5, 6, 11): 4, (1, 4, 5, 16): 1, (1, 3, 5, 5, 6, 7): 1, (3, 4, 5, 6, 9): 1, (1, 1, 6, 9, 9): 1, (5, 6, 8, 8): 2, (1, 1, 6, 6, 12): 1, (1, 3, 3, 4, 7, 9): 1, (3, 4, 9, 11): 3, (1, 1, 3, 6, 15): 2, (3, 5, 5, 14): 2, (5, 5, 7, 10): 2, (3, 3, 6, 6, 9): 1, (1, 1, 10, 14): 3, (1, 3, 6, 6, 11): 1, (1, 3, 6, 8, 9): 3, (1, 1, 3, 6, 7, 8): 1, (4, 4, 6, 13): 1, (1, 3, 4, 5, 6, 8): 1, (4, 4, 5, 14): 3, (1, 3, 3, 5, 5, 10): 1, (3, 6, 8, 10): 1, (1, 3, 3, 4, 16): 2, (4, 5, 5, 13): 1, (3, 3, 3, 7, 11): 1, (1, 4, 5, 5, 12): 1, (1, 6, 19): 1, (1, 1, 1, 11, 11): 1, (1, 1, 1, 22): 4, (1, 1, 3, 9, 12): 1, (3, 4, 4, 5, 11): 1, (1, 3, 3, 4, 5, 11): 1, (4, 6, 6, 11): 1, (1, 3, 7, 7, 9): 1, (1, 3, 3, 3, 17): 1, (4, 7, 8, 8): 1, (1, 1, 4, 5, 15): 1, (1, 1, 3, 3, 4, 14): 1, (1, 4, 4, 17): 1, (1, 5, 10, 10): 1, (1, 1, 5, 18): 1, (1, 1, 3, 10, 11): 2, (1, 3, 5, 9, 9): 1, (1, 3, 3, 6, 14): 1, (1, 5, 6, 6, 9): 1}
n=56 (m=28): 10441 solutions, distinct 2-factors=10175, cycle-decomps={(28,): 1722, (1, 3, 24): 348, (11, 17): 111, (1, 7, 20): 206, (1, 3, 6, 18): 32, (1, 3, 3, 21): 45, (13, 15): 139, (1, 27): 1878, (1, 4, 8, 15): 33, (1, 1, 25): 60, (14, 14): 73, (1, 9, 18): 171, (5, 23): 213, (1, 11, 16): 127, (3, 4, 21): 64, (1, 3, 10, 14): 28, (1, 5, 22): 254, (6, 22): 222, (1, 9, 9, 9): 4, (1, 3, 5, 5, 14): 5, (1, 5, 9, 13): 15, (3, 25): 336, (1, 6, 21): 194, (1, 4, 23): 291, (10, 18): 126, (9, 19): 141, (1, 8, 19): 166, (12, 16): 126, (1, 3, 3, 6, 15): 4, (3, 12, 13): 30, (1, 10, 17): 155, (7, 21): 187, (1, 6, 7, 14): 21, (5, 10, 13): 19, (1, 12, 15): 148, (3, 5, 20): 43, (3, 8, 17): 17, (4, 24): 294, (1, 4, 10, 13): 25, (4, 5, 19): 33, (5, 9, 14): 20, (6, 10, 12): 17, (1, 3, 4, 19): 3, (1, 4, 11, 12): 27, (8, 20): 160, (1, 3, 11, 13): 24, (3, 9, 16): 26, (1, 13, 14): 165, (1, 3, 7, 17): 35, (3, 11, 14): 33, (4, 9, 15): 20, (1, 26): 47, (1, 3, 4, 20): 63, (3, 3, 10, 12): 5, (1, 5, 7, 15): 23, (1, 6, 9, 12): 16, (7, 10, 11): 16, (4, 8, 16): 29, (1, 4, 22): 10, (1, 5, 6, 16): 31, (1, 3, 8, 16): 35, (6, 7, 15): 16, (1, 7, 9, 11): 18, (1, 4, 9, 14): 37, (3, 4, 4, 17): 3, (3, 4, 7, 14): 5, (1, 3, 5, 8, 11): 5, (1, 4, 6, 17): 40, (5, 6, 17): 27, (1, 3, 5, 7, 12): 5, (1, 1, 4, 5, 7, 9): 1, (4, 7, 7, 10): 2, (1, 4, 7, 16): 26, (1, 1, 3, 22): 18, (3, 7, 18): 36, (7, 8, 13): 21, (1, 3, 3, 7, 14): 5, (1, 3, 9, 15): 36, (1, 5, 8, 14): 18, (1, 5, 11, 11): 13, (5, 8, 15): 16, (1, 5, 5, 17): 13, (1, 4, 5, 7, 11): 5, (1, 4, 5, 18): 31, (1, 3, 3, 5, 16): 5, (3, 6, 9, 10): 3, (1, 7, 10, 10): 10, (1, 3, 3, 8, 13): 4, (4, 4, 8, 12): 3, (4, 11, 13): 30, (3, 6, 19): 53, (1, 4, 6, 8, 9): 6, (1, 6, 10, 11): 14, (5, 11, 12): 18, (4, 4, 20): 21, (1, 4, 4, 19): 23, (3, 10, 15): 25, (3, 3, 22): 27, (1, 1, 7, 18): 6, (4, 6, 18): 28, (4, 10, 14): 29, (8, 8, 12): 7, (1, 6, 6, 15): 10, (1, 3, 4, 5, 15): 11, (5, 5, 18): 14, (1, 3, 23): 10, (6, 9, 13): 15, (1, 1, 6, 19): 3, (7, 9, 12): 10, (1, 5, 10, 12): 20, (4, 4, 9, 11): 1, (1, 5, 8, 13): 1, (1, 3, 5, 18): 2, (1, 7, 19): 11, (4, 7, 17): 31, (1, 3, 4, 7, 13): 7, (1, 4, 5, 6, 12): 4, (1, 3, 12, 12): 19, (1, 8, 9, 10): 19, (1, 3, 3, 4, 17): 3, (3, 3, 3, 3, 4, 12): 1, (1, 3, 5, 6, 13): 7, (1, 6, 8, 13): 20, (4, 5, 7, 12): 8, (3, 3, 5, 17): 2, (1, 7, 8, 12): 19, (1, 3, 4, 8, 12): 5, (1, 8, 8, 11): 6, (1, 3, 5, 19): 43, (1, 4, 7, 7, 9): 2, (6, 8, 14): 12, (8, 10, 10): 6, (1, 1, 8, 17): 7, (3, 3, 4, 18): 5, (1, 11, 15): 7, (1, 1, 4, 21): 10, (6, 6, 16): 10, (6, 11, 11): 5, (4, 5, 5, 6, 8): 2, (3, 4, 6, 15): 3, (1, 1, 5, 20): 7, (3, 4, 5, 16): 6, (3, 3, 4, 4, 6, 8): 1, (1, 3, 3, 5, 8, 8): 1, (1, 3, 5, 9, 10): 8, (3, 7, 8, 10): 4, (1, 4, 5, 5, 5, 8): 1, (5, 7, 16): 25, (1, 4, 4, 9, 10): 4, (1, 3, 7, 8, 9): 5, (8, 9, 11): 14, (9, 9, 10): 8, (1, 1, 1, 3, 3, 7, 10): 1, (4, 4, 5, 7, 8): 1, (3, 4, 9, 12): 6, (1, 4, 4, 4, 15): 2, (3, 3, 6, 16): 6, (4, 6, 7, 11): 6, (1, 4, 4, 5, 14): 5, (1, 3, 3, 20): 4, (1, 1, 9, 16): 5, (7, 7, 14): 8, (3, 5, 9, 11): 2, (1, 4, 5, 5, 13): 3, (1, 12, 14): 2, (1, 3, 6, 7, 11): 6, (1, 4, 5, 9, 9): 1, (3, 6, 8, 11): 5, (5, 5, 5, 13): 1, (1, 6, 6, 7, 8): 2, (4, 6, 8, 10): 5, (1, 3, 3, 10, 11): 2, (1, 3, 4, 4, 16): 9, (1, 3, 4, 6, 14): 5, (1, 3, 3, 3, 4, 14): 3, (1, 8, 18): 3, (3, 4, 5, 6, 10): 2, (4, 12, 12): 9, (3, 4, 4, 8, 9): 1, (3, 7, 7, 11): 1, (1, 5, 6, 8, 8): 2, (3, 5, 6, 7, 7): 1, (1, 4, 5, 8, 10): 4, (1, 1, 4, 7, 14): 2, (3, 4, 10, 11): 10, (4, 4, 6, 14): 2, (1, 3, 7, 7, 10): 1, (5, 6, 7, 10): 3, (4, 4, 4, 16): 1, (3, 4, 8, 13): 3, (1, 1, 3, 6, 16): 2, (3, 5, 6, 14): 5, (1, 7, 9, 10): 1, (4, 5, 9, 10): 5, (1, 1, 6, 6, 13): 1, (1, 5, 5, 6, 11): 1, (1, 4, 4, 6, 13): 2, (1, 4, 4, 7, 12): 4, (3, 5, 7, 13): 5, (1, 13, 13): 4, (1, 4, 4, 9, 9): 1, (1, 5, 9, 12): 1, (4, 4, 7, 13): 1, (1, 5, 5, 7, 10): 1, (1, 4, 4, 5, 6, 8): 1, (1, 7, 7, 13): 6, (1, 5, 7, 14): 1, (1, 3, 4, 10, 10): 6, (1, 3, 9, 14): 1, (3, 5, 5, 15): 1, (1, 10, 16): 4, (3, 4, 4, 5, 12): 2, (1, 1, 4, 8, 13): 1, (1, 6, 20): 6, (3, 3, 4, 6, 12): 1, (1, 1, 5, 6, 14): 1, (4, 5, 6, 13): 2, (4, 7, 8, 9): 4, (1, 1, 10, 15): 8, (3, 6, 7, 12): 2, (5, 5, 6, 12): 1, (1, 1, 6, 7, 12): 1, (1, 1, 3, 4, 7, 11): 1, (5, 5, 8, 10): 3, (1, 6, 7, 7, 7): 1, (1, 3, 3, 6, 7, 8): 1, (4, 5, 8, 11): 2, (1, 4, 9, 13): 3, (1, 4, 10, 12): 3, (1, 6, 6, 6, 9): 1, (1, 1, 3, 3, 4, 6, 9): 1, (5, 6, 8, 9): 2, (5, 5, 5, 6, 7): 1, (4, 5, 5, 14): 3, (1, 3, 4, 5, 6, 9): 3, (1, 1, 12, 13): 3, (1, 3, 3, 9, 12): 3, (1, 5, 21): 5, (3, 3, 3, 19): 3, (3, 3, 8, 14): 3, (1, 1, 3, 7, 15): 3, (1, 1, 11, 14): 7, (1, 3, 4, 4, 8, 8): 1, (4, 4, 5, 6, 9): 1, (1, 3, 8, 8, 8): 1, (1, 3, 6, 6, 12): 2, (4, 4, 5, 15): 3, (1, 3, 6, 8, 10): 3, (1, 9, 17): 5, (1, 4, 6, 6, 11): 1, (5, 6, 6, 11): 1, (3, 5, 8, 12): 2, (3, 3, 5, 5, 12): 1, (1, 4, 7, 8, 8): 2, (3, 5, 5, 7, 8): 1, (1, 4, 6, 16): 2, (1, 5, 6, 7, 9): 2, (4, 4, 10, 10): 3, (3, 6, 6, 13): 3, (1, 3, 3, 4, 6, 11): 1, (1, 3, 3, 6, 7, 7): 1, (3, 3, 5, 6, 11): 1, (1, 4, 6, 7, 10): 3, (1, 3, 6, 17): 1, (4, 6, 9, 9): 3, (3, 3, 7, 15): 4, (1, 1, 3, 3, 19): 1, (1, 5, 5, 5, 12): 1, (1, 3, 7, 16): 1, (3, 8, 8, 9): 3, (6, 7, 7, 8): 1, (1, 3, 4, 9, 11): 2, (1, 1, 3, 4, 18): 2, (3, 3, 9, 13): 1, (3, 7, 9, 9): 1, (3, 3, 4, 5, 6, 7): 1, (1, 5, 6, 6, 10): 1, (3, 4, 6, 7, 8): 1, (1, 1, 1, 23): 1, (1, 5, 10, 11): 1, (3, 3, 3, 4, 7, 8): 1, (1, 3, 3, 3, 18): 2, (1, 3, 3, 4, 4, 13): 1, (1, 3, 4, 5, 7, 8): 2, (1, 4, 4, 8, 11): 2, (1, 4, 4, 18): 1, (1, 7, 8, 11): 1, (1, 1, 1, 6, 17): 1, (1, 3, 6, 9, 9): 1, (1, 5, 7, 7, 8): 2, (1, 4, 4, 4, 7, 8): 1, (1, 6, 8, 12): 1, (1, 3, 3, 3, 8, 10): 1, (1, 1, 7, 8, 10): 1, (1, 1, 3, 9, 13): 2, (1, 3, 4, 4, 5, 11): 1, (6, 6, 7, 9): 1, (3, 5, 10, 10): 1, (4, 4, 4, 5, 11): 1, (3, 5, 5, 5, 10): 1, (1, 4, 4, 5, 5, 9): 1, (1, 3, 4, 6, 6, 8): 1, (1, 3, 5, 5, 7, 7): 1, (1, 1, 4, 4, 17): 1, (1, 1, 5, 10, 10): 1}
n=58 (m=29):    19 solutions, distinct 2-factors=17, cycle-decomps={(1, 28): 5, (1, 13, 15): 3, (1, 4, 9, 15): 1, (1, 14, 14): 2, (1, 8, 20): 1, (1, 4, 11, 13): 3, (1, 3, 12, 13): 1, (1, 3, 25): 1, (1, 3, 6, 19): 1, (1, 5, 23): 1}
n=60 (m=30):    32 solutions, distinct 2-factors=32, cycle-decomps={(1, 29): 12, (1, 28): 1, (1, 7, 22): 1, (1, 3, 26): 1, (1, 4, 4, 8, 13): 1, (1, 1, 4, 5, 6, 12): 1, (4, 7, 19): 1, (1, 12, 17): 2, (1, 5, 6, 18): 1, (1, 8, 8, 13): 1, (1, 4, 25): 4, (30,): 1, (1, 9, 20): 1, (4, 26): 1, (1, 10, 19): 1, (1, 8, 10, 11): 1, (7, 8, 15): 1}
n=62 (m=31):     5 solutions, distinct 2-factors=5, cycle-decomps={(31,): 2, (1, 30): 2, (1, 6, 24): 1}
n= 6 (m= 3):     3 solutions, distinct 2-factors=1, cycle-decomps={(3,): 3}
n= 8 (m= 4):     4 solutions, distinct 2-factors=1, cycle-decomps={(4,): 4}

------------------------------------------------------------------------------
FIRST SOLUTION 2-FACTOR (edge set as sorted (i,j), i<=j) per n
------------------------------------------------------------------------------
n=6 (m=3): ((0, 1), (0, 2), (1, 2))
n=8 (m=4): ((0, 2), (0, 3), (1, 2), (1, 3))
n=10 (m=5): ((0, 0), (1, 3), (1, 4), (2, 3), (2, 4))
n=12 (m=6): ((0, 2), (0, 3), (1, 1), (2, 5), (3, 4), (4, 5))
n=14 (m=7): ((0, 4), (0, 5), (1, 3), (1, 5), (2, 3), (2, 4), (6, 6))
n=16 (m=8): ((0, 3), (0, 4), (1, 3), (1, 6), (2, 5), (2, 7), (4, 5), (6, 7))
n=18 (m=9): ((0, 6), (0, 7), (1, 4), (1, 5), (2, 6), (2, 8), (3, 4), (3, 5), (7, 8))
n=20 (m=10): ((0, 5), (0, 8), (1, 3), (1, 7), (2, 2), (3, 4), (4, 8), (5, 6), (6, 9), (7, 9))
n=22 (m=11): ((0, 6), (0, 8), (1, 8), (1, 9), (2, 4), (2, 6), (3, 7), (3, 9), (4, 5), (5, 7), (10, 10))
n=24 (m=12): ((0, 7), (0, 10), (1, 6), (1, 7), (2, 8), (2, 10), (3, 5), (3, 6), (4, 8), (4, 11), (5, 9), (9, 11))
n=26 (m=13): ((0, 4), (0, 8), (1, 4), (1, 9), (2, 7), (2, 12), (3, 6), (3, 8), (5, 7), (5, 11), (6, 10), (9, 10), (11, 12))
n=28 (m=14): ((0, 8), (0, 10), (1, 5), (1, 6), (2, 10), (2, 12), (3, 6), (3, 8), (4, 5), (4, 11), (7, 9), (7, 11), (9, 12), (13, 13))
n=30 (m=15): ((0, 3), (0, 9), (1, 12), (1, 13), (2, 7), (2, 8), (3, 5), (4, 7), (4, 12), (5, 9), (6, 11), (6, 13), (8, 10), (10, 11), (14, 14))
n=32 (m=16): ((0, 11), (0, 12), (1, 5), (1, 8), (2, 8), (2, 13), (3, 10), (3, 11), (4, 13), (4, 14), (5, 9), (6, 7), (6, 12), (7, 10), (9, 14), (15, 15))
n=34 (m=17): ((0, 6), (0, 9), (1, 6), (1, 14), (2, 10), (2, 13), (3, 11), (3, 15), (4, 7), (4, 8), (5, 12), (5, 14), (7, 9), (8, 12), (10, 11), (13, 15), (16, 16))
n=36 (m=18): ((0, 13), (0, 14), (1, 9), (1, 15), (2, 11), (2, 12), (3, 8), (3, 14), (4, 5), (4, 6), (5, 10), (6, 9), (7, 11), (7, 13), (8, 15), (10, 16), (12, 16), (17, 17))
n=38 (m=19): ((0, 10), (0, 15), (1, 12), (1, 15), (2, 6), (2, 17), (3, 5), (3, 13), (4, 11), (4, 16), (5, 13), (6, 8), (7, 11), (7, 14), (8, 16), (9, 10), (9, 12), (14, 17), (18, 18))
n=40 (m=20): ((0, 14), (0, 18), (1, 10), (1, 16), (2, 4), (2, 13), (3, 8), (3, 10), (4, 6), (5, 11), (5, 17), (6, 11), (7, 15), (7, 16), (8, 12), (9, 12), (9, 17), (13, 14), (15, 18), (19, 19))
n=42 (m=21): ((0, 11), (0, 18), (1, 14), (1, 19), (2, 11), (2, 16), (3, 8), (3, 10), (4, 10), (4, 17), (5, 7), (5, 14), (6, 8), (6, 16), (7, 17), (9, 12), (9, 13), (12, 13), (15, 18), (15, 19), (20, 20))
n=44 (m=22): ((0, 16), (0, 17), (1, 9), (1, 19), (2, 7), (2, 9), (3, 13), (3, 17), (4, 5), (4, 6), (5, 20), (6, 12), (7, 16), (8, 13), (8, 15), (10, 11), (10, 20), (11, 15), (12, 18), (14, 14), (18, 21), (19, 21))
n=54 (m=27): ((0, 22), (0, 24), (1, 19), (1, 22), (2, 12), (2, 16), (3, 7), (3, 24), (4, 15), (4, 17), (5, 9), (5, 11), (6, 9), (6, 17), (7, 23), (8, 20), (8, 25), (10, 18), (10, 19), (11, 14), (12, 13), (13, 21), (14, 23), (15, 20), (16, 18), (21, 26), (25, 26))
n=56 (m=28): ((0, 12), (0, 27), (1, 3), (1, 5), (2, 13), (2, 22), (3, 27), (4, 18), (4, 22), (5, 26), (6, 16), (6, 17), (7, 20), (7, 23), (8, 20), (8, 25), (9, 10), (9, 14), (10, 19), (11, 14), (11, 18), (12, 21), (13, 26), (15, 19), (15, 25), (16, 21), (17, 24), (23, 24))
n=58 (m=29): ((0, 21), (0, 27), (1, 14), (1, 19), (2, 17), (2, 19), (3, 26), (3, 27), (4, 8), (4, 11), (5, 6), (5, 15), (6, 20), (7, 10), (7, 18), (8, 17), (9, 25), (9, 28), (10, 25), (11, 13), (12, 15), (12, 28), (13, 18), (14, 22), (16, 21), (16, 22), (20, 24), (23, 23), (24, 26))
n=60 (m=30): ((0, 13), (0, 20), (1, 20), (1, 24), (2, 17), (2, 28), (3, 15), (3, 19), (4, 18), (4, 26), (5, 9), (5, 10), (6, 8), (6, 23), (7, 13), (7, 29), (8, 18), (9, 22), (10, 28), (11, 17), (11, 21), (12, 12), (14, 19), (14, 29), (15, 27), (16, 23), (16, 25), (21, 24), (22, 26), (25, 27))
n=62 (m=31): ((0, 8), (0, 25), (1, 12), (1, 18), (2, 5), (2, 26), (3, 22), (3, 24), (4, 6), (4, 28), (5, 12), (6, 15), (7, 19), (7, 23), (8, 28), (9, 23), (9, 30), (10, 11), (10, 16), (11, 20), (13, 15), (13, 17), (14, 24), (14, 27), (16, 22), (17, 27), (18, 30), (19, 20), (21, 26), (21, 29), (25, 29))
