# Danger directions for n=76 (N=38)
# Format: dx dy triples rank
0 1 225359304 1
1 0 225359304 2
1 1 73633626 3
1 2 8317896 4
2 1 8317896 5
1 3 1731510 6
3 1 1731510 7
2 3 1215852 8
3 2 1215852 9
1 4 528576 10
4 1 528576 11
3 4 305280 12
4 3 305280 13
1 5 201544 14
5 1 201544 15
2 5 168476 16
5 2 168476 17
3 5 135408 18
5 3 135408 19
4 5 102340 20
5 4 102340 21
1 6 89364 22
6 1 89364 23
1 7 44278 24
7 1 44278 25
5 6 40980 26
6 5 40980 27
2 7 39156 28
7 2 39156 29
3 7 34034 30
7 3 34034 31
4 7 28912 32
7 4 28912 33
5 7 23790 34
7 5 23790 35
1 8 22416 36
8 1 22416 37
6 7 18668 38
7 6 18668 39
3 8 18000 40
8 3 18000 41
5 8 13584 42
8 5 13584 43
1 9 12830 44
9 1 12830 45
2 9 11676 46
9 2 11676 47
4 9 9368 48
9 4 9368 49
7 8 9168 50
8 7 9168 51
5 9 8214 52
9 5 8214 53
1 10 6984 54
10 1 6984 55
7 9 5906 56
9 7 5906 57
3 10 5904 58
10 3 5904 59
1 11 4878 60
11 1 4878 61
8 9 4752 62
9 8 4752 63
2 11 4512 64
11 2 4512 65
3 11 4146 66
11 3 4146 67
4 11 3780 68
11 4 3780 69
7 10 3744 70
10 7 3744 71
5 11 3414 72
11 5 3414 73
6 11 3048 74
11 6 3048 75
1 12 2772 76
12 1 2772 77
7 11 2682 78
11 7 2682 79
9 10 2664 80
10 9 2664 81
8 11 2316 82
11 8 2316 83
5 12 2004 84
12 5 2004 85
9 11 1950 86
11 9 1950 87
7 12 1620 88
12 7 1620 89
10 11 1584 90
11 10 1584 91
1 13 1296 92
13 1 1296 93
2 13 1224 94
13 2 1224 95
3 13 1152 96
13 3 1152 97
1 14 1080 98
4 13 1080 99
13 4 1080 100
14 1 1080 101
5 13 1008 102
13 5 1008 103
3 14 960 104
14 3 960 105
6 13 936 106
13 6 936 107
1 15 864 108
7 13 864 109
13 7 864 110
15 1 864 111
11 12 852 112
12 11 852 113
5 14 840 114
14 5 840 115
2 15 816 116
15 2 816 117
8 13 792 118
13 8 792 119
4 15 720 120
9 13 720 121
13 9 720 122
15 4 720 123
1 16 648 124
10 13 648 125
13 10 648 126
16 1 648 127
9 14 600 128
14 9 600 129
3 16 576 130
7 15 576 131
11 13 576 132
13 11 576 133
15 7 576 134
16 3 576 135
8 15 528 136
15 8 528 137
5 16 504 138
12 13 504 139
13 12 504 140
16 5 504 141
11 14 480 142
14 11 480 143
1 17 432 144
7 16 432 145
16 7 432 146
17 1 432 147
2 17 408 148
17 2 408 149
3 17 384 150
11 15 384 151
15 11 384 152
17 3 384 153
4 17 360 154
9 16 360 155
13 14 360 156
14 13 360 157
16 9 360 158
17 4 360 159
5 17 336 160
17 5 336 161
6 17 312 162
17 6 312 163
7 17 288 164
11 16 288 165
13 15 288 166
15 13 288 167
16 11 288 168
17 7 288 169
8 17 264 170
17 8 264 171
9 17 240 172
14 15 240 173
15 14 240 174
17 9 240 175
1 18 216 176
10 17 216 177
13 16 216 178
16 13 216 179
17 10 216 180
18 1 216 181
11 17 192 182
17 11 192 183
5 18 168 184
12 17 168 185
17 12 168 186
18 5 168 187
7 18 144 188
13 17 144 189
15 16 144 190
16 15 144 191
17 13 144 192
18 7 144 193
14 17 120 194
17 14 120 195
11 18 96 196
15 17 96 197
17 15 96 198
18 11 96 199
13 18 72 200
16 17 72 201
17 16 72 202
18 13 72 203
17 18 24 204
18 17 24 205
